0.201
0.714
0.295
0.484
0.414
0.245
0.234
0.409
0.233
0.094
0.255
0.649
0.463
0.683
0.864
0.215
0.229
0.403
0.52
0.174
0.156
0.836
-0.032
0.253
0.038
0.66
0.04
0.362
1.045
0.37
0.131
0.971
0.341
0.252
0.317
0.426
0.663
0.088
0.276
0.326
0.292
0.093
0.137
0.374
0.684
0.343
0.082
0.527
0.27
0.579
0.376
0.148
0.118
0.234
0.178
0.207
0.319
0.271
0.289
0.436
0.34
0.601
0.284
0.662
0.138
0.746
0.27
0.948
0.41
0.04
0.193
0.18
1.029
0.705
0.082
0.098
0.202
0.052
0.256
0.133
0.716
0.346
0.32
0.217
0.271
0.215
0.221
1.048
0.368
1.032
0.385
0.626
0.21
0.185
0.252
0.338
0.436
0.226
0.327
0.248
0.829
0.442
0.236
0.128
0.259
0.11
0.096
0.903
0.747
0.393
0.218
0.191
0.188
0.874
0.889
0.166
0.307
0.435
0.177
0.105
0.286
0.253
0.199
0.456
-0.011
0.173
0.277
0.905
0.087
0.208
0.43
0.169
0.597
-0.052
0.127
0.154
0.185
0.857
0.84
0.5
0.115
0.446
0.265
0.067
0.641
0.285
0.472
0.374
0.401
0.429
0.107
0.299
0.125
0.098
0.243
0.318
0.216
0.036
0.319
0.067
0.205
0.062
0.295
0.242
1.073
0.868
0.658
0.214
0.146
0.713
0.261
0.313
0.433
0.592
0.139
0.227
0.447
0.108
0.192
0.143
0.79
0.166
0.742
0.236
0.753
0.134
0.756
0.467
0.104
0.259
0.93
0.396
0.152
0.496
0.144
0.158
0.265
0.168
0.682
0.103
0.634
0.21
0.226
0.813
0.378
0.323
0.574
0.497
-0.008
0.631
0.545
0.099
0.425
0.194
0.145
0.643
0.114
0.066
0.337
-0.006
0.13
0.277
0.185
0.242
0.279
0.002
0.302
0.518
0.202
0.196
0.313
0.18
0.194
0.148
0.565
0.207
0.278
0.427
0.239
0.678
0.147
0.123
0.741
0.029
0.185
0.32
0.232
0.341
0.162
0.197
0.465
0.292
0.202
0.198
0.303
0.592
0.241
0.208
0.34
0.491
0.649
0.197
0.455
0.432
0.158
0.156
0.132
0.039
0.129
0.855
-0.036
0.26
0.175
0.389
0.289
0.15
0.803
0.152
0.105
0.13
0.682
0.413
0.102
0.138
0.356
0.233
0.079
0.176
0.075
0.217
0.321
0.35
0.003
0.27
0.084
0.214
0.295
0.547
0.28
0.128
0.091
0.387
0.122
0.165
0.956
0.665
0.045
0.259
0.55
0.27
0.157
0.189
0.152
0.121
0.141
0.207
0.293
0.201
0.187
0.696
0.364
0.39
0.309
0.179
0.401
0.077
0.952
0.118
0.285
0.077
0.303
0.15
0.71
0.337
0.32
0.805
0.933
0.613
0.361
0.794
0.283
0.213
0.256
0.707
0.34
0.246
0.425
0.311
0.136
0.547
0.16
0.197
-0.056
1.013
0.11
0.697
0.046
0.434
0.163
0.779
0.175
0.104
0.156
0.2
0.36
0.403
0.108
0.629
0.018
0.149
0.698
0.22
0.717
0.862
0.409
0.176
0.172
0.582
0.818
0.435
0.124
-0.026
0.222
0.295
0.182
0.217
0.19
0.685
0.035
0.314
0.222
0.448
0.124
0.118
0.143
0.068
0.868
0.941
0.182
0.593
0.36
0.326
0.141
0.394
0.379
0.851
0.357
0.317
0.293
0.056
0.249
0.431
-0.048
0.151
0.674
0.168
0.341
0.402
0.204
0.067
0.373
0.411
0.928
0.273
0.383
0.096
0.357
0.74
0.706
0.145
0.324
0.235
0.03
0.202
0.365
-0.011
0.009
0.241
0.858
0.234
0.879
0.652
0.536
0.173
0.232
0.105
0.267
0.108
0.292
0.371
0.598
0.553
0.684
0.373
0.5
0.048
0.124
0.194
0.158
0.108
0.615
0.166
0.299
0.587
0.656
0.941
0.014
0.188
0.196
0.201
0.266
0.099
0.374
0.3
0.751
0.108
0.183
0.177
0.066
0.196
0.12
0.179
0.181
0.237
0.117
0.334
0.561
0.167
0.936
0.068
0.229
0.353
0.26
0.285
0.264
0.116
0.111
0.631
0.168
0.698
0.161
0.049
0.174
0.256
0.331
0.64
0.102
0.523
0.169
0.252
0.218
0.224
0.439
0.571
0.175
0.813
0.155
0.415
0.291
0.22
0.19
0.217
1.018
0.023
0.248
0.091
-0.002
0.126
0.192
0.255
0.044
0.287
0.264
0.304
0.293
0.903
0.135
0.101
0.384
0.773
0.173
0.221
0.077
0.278
0.181
0.675
1.08
0.792
0.165
0.046
0.313
0.336
0.383
0.262
0.264
0.825
0.169
0.451
0.135
0.77
0.288
0.263
0.219
0.422
0.113
0.095
0.277
0.865
0.958
0.24
0.119
0.792
-0.008
0.345
0.233
0.644
0.292
0.222
0.07
0.672
0.096
0.195
0.765
0.069
0.171
0.2
0.387
0.258
0.158
0.103
0.529
0.361
0.349
0.279
0.324
0.019
0.53
0.381
0.149
0.058
0.181
0.697
0.688
0.754
0.84
0.675
0.185
0.281
0.183
0.077
0.664
0.24
0.103
0.552
0.423
0.794
1.113
0.115
0.37
0.096
0.709
0.189
0.488
0.238
0.267
0.211
0.262
0.094
0.238
1.06
0.175
0.22
0.09
0.829
0.454
0.323
0.176
0.127
0.253
0.019
0.291
0.162
0.116
0.187
0.189
0.522
0.124
0.205
0.153
0.221
0.675
0.987
0.866
0.241
0.077
-0.077
0.205
0.122
0.923
0.076
0.789
0.225
0.152
0.087
0.129
0.296
0.21
0.809
0.044
0.655
0.252
0.149
0.127
0.112
0.839
0.592
0.771
0.331
0.376
0.318
0.074
0.623
0.137
0.158
0.566
0.224
0.151
0.148
0.043
0.265
0.257
0.279
0.298
0.527
0.415
0.573
0.774
0.346
0.34
0.511
0.306
0.075
0.157
1.168
0.203
0.147
0.117
0.041
0.79
0.178
0.596
0.224
0.176
0.173
0.238
0.602
0.255
0.884
0.737
0.285
0.182
0.457
0.117
0.156
0.103
0.46
0.765
0.122
0.048
0.15
0.826
0.099
0.216
0.214
0.512
0.515
0.979
0.483
0.318
0.599
0.457
0.809
0.403
0.317
0.509
0.605
0.302
0.716
0.693
0.19
0.196
0.325
0.527
0.181
0.524
0.19
0.658
0.245
0.21
1.071
0.295
0.275
0.059
0.183
0.093
0.36
0.484
0.094
0.365
0.661
0.445
0.121
0.747
0.731
0.143
0.194
0.227
0.281
0.505
0.098
0.664
0.787
0.157
0.168
0.138
0.153
0.128
0.147
0.167
0.2
0.052
0.161
0.215
0.188
0.198
0.207
0.255
0.026
0.223
0.127
0.118
0.504
0.167
0.435
0.474
0.24
0.138
0.137
0.65
0.356
0.311
0.375
0.472
0.132
0.227
0.2
0.42
0.883
0.157
0.218
0.523
0.153
0.177
0.327
0.167
0.201
0.185
0.331
0.275
0.619
0.301
0.768
0.081
0.215
0.263
0.44
0.578
0.498
0.184
0.184
0.501
0.273
0.285
0.251
0.218
0.865
0.327
0.22
0.188
0.477
0.138
0.229
0.129
0.514
0.153
0.346
0.185
0.046
0.085
0.076
0.234
0.161
0.217
0.168
0.353
0.213
0.079
0.131
0.575
0.421
0.214
0.592
0.109
0.243
0.104
0.478
0.246
0.673
0.283
0.723
0.09
0.166
0.224
0.192
0.209
0.561
0.252
0.093
0.923
0.177
0.974
0.179
0.822
0.336
0.299
0.177
0.213
0.423
0.792
0.135
0.114
0.263
0.378
0.832
0.303
0.177
0.817
0.116
0.393
0.852
0.186
0.505
0.137
0.817
0.903
0.578
0.394
0.22
0.209
0.053
0.132
0.007
0.829
0.117
0.092
0.17
0.427
0.459
0.741
0.928
-0.003
0.083
0.246
0.291
0.185
0.126
0.712
0.373
0.316
0.093
0.324
0.552
0.287
0.044
0.556
0.6
1.041
0.358
0.095
0.739
0.858
0.287
0.352
0.299
0.488
0.304
0.229
0.351
0.557
0.219
0.436
-0.038
0.437
0.103
0.114
0.135
0.829
0.088
0.185
0.556
0.194
0.565
0.035
0.471
0.206
0.21
0.018
0.324
0.013
0.15
0.149
0.09
0.144
0.094
0.162
0.252
0.493
0.218
0.147
0.157
0.144
0.236
0.146
0.564
0.068
0.96
0.259
0.256
0.642
0.209
0.143
0.129
0.193
0.328
0.317
0.074
0.21
0.133
0.101
0.293
0.126
0.21
0.273
0.186
0.194
0.469
0.184
0.278
0.148
0.636
0.223
0.144
0.022
0.623
0.144
0.355
0.481
0.726
0.276
0.062
0.115
0.392
0.456
0.021
0.096
0.182
0.519
0.838
0.288
0.265
0.056
0.139
0.497
0.225
0.28
0.258
0.157
0.8
0.937
0.17
0.431
0.3
0.053
0.186
0.226
0.433
0.781
0.094
0.837
0.33
0.549
0.479
0.947
0.156
0.712
0.188
0.147
-0.017
0.358
0.278
0.229
0.893
0.069
0.438
0.172
0.17
0.267
0.104
0.885
0.247
0.323
0.22
0.591
0.817
0.166
0.214
0.298
0.762
-0.021
0.702
0.254
0.253
0.306
0.59
0.199
0.225
0.119
0.364
0.21
0.669
0.04
0.38
0.155
0.216
0.164
0.179
0.338
0.176
0.331
0.448
0.07
0.761
0.527
1.111
0.125
0.213
0.24
0.263
0.717
0.948
0.198
0.216
0.367
0.742
0.172
1.037
0.527
0.062
0.329
0.154
0.231
0.033
0.183
0.475
0.154
0.21
1.143
0.362
0.344
-0.056
0.24
0.336
0.424
0.333
0.473
0.331
0.29
0.311
0.153
0.232
0.692
0.013
0.508
0.551
0.094
0.606
0.219
0.422
0.141
0.232
0.045
0.105
0.04
0.885
0.809
0.272
0.243
0.102
0.097
0.032
0.447
0.347
0.321
0.235
0.865
0.102
0.204
0.229
0.247
0.24
0.259
0.184
0.11
0.337
0.145
0.337
0.605
0.005
0.307
0.183
0.684
0.58
0.203
0.526
-0.033
0.225
0.772
0.039
0.168
0.174
0.076
0.303
0.723
0.097
0.154
0.384
-0.033
0.273
0.568
0.136
0.368
0.386
0.165
0.125
0.075
0.221
0.156
0.155
0.173
-0.017
0.357
0.306
0.115
0.173
0.663
0.8
0.189
0.256
0.338
0.897
0.301
0.429
0.463
0.219
0.169
0.134
0.343
0.396
1.166
0.418
0.143
0.046
0.967
0.346
0.034
0.191
0.273
0.12
0.484
0.097
0.284
0.105
0.042
0.205
0.316
0.278
0.123
0.054
0.674
0.277
0.506
0.963
0.174
-0.012
0.268
1.004
0.196
0.614
0.421
0.077
0.017
0.78
0.38
0.137
0.792
0.274
0.45
0.704
0.586
0.23
0.079
0.608
1.037
0.304
0.229
0.354
0.932
0.259
0.04
0.205
0.099
0.264
0.435
0.21
0.061
0.894
0.051
0.143
0.265
0.207
0.667
0.112
0.14
0.313
0.332
0.291
0.118
0.328
0.127
0.232
0.21
0.865
0.289
0.133
0.358
0.347
0.548
0.057
0.064
0.207
0.873
0.159
0.287
0.009
0.327
0.342
0.364
0.703
0.365
0.22
0.307
0.105
0.889
0.225
0.257
0.13
0.687
0.191
0.023
0.023
0.254
0.087
0.124
0.159
0.198
0.696
0.764
0.341
0.249
0.357
0.226
0.369
0.17
0.69
0.722
0.275
0.642
0.136
0.709
0.264
0.25
0.242
0.383
0.515
0.088
0.049
0.158
0.235
0.729
0.132
0.132
0.223
0.269
0.425
0.757
0.43
0.349
0.226
0.508
0.132
0.279
0.088
0.194
1.053
0.095
0.865
0.222
0.153
0.415
0.282
0.892
0.804
0.007
0.282
0.575
0.124
0.9
0.473
0.312
0.599
0.838
0.029
0.195
0.771
0.169
0.252
0.217
0.943
0.207
0.861
0.596
0.21
0.143
0.307
0.174
0.126
0.84
0.433
0.217
0.181
0.145
0.468
0.843
0.175
0.387
0.274
0.131
0.326
0.127
0.585
0.187
0.545
0.27
0.172
0.553
0.039
0.107
0.622
0.226
0.369
0.794
0.184
0.169
0.202
0.102
0.149
0.161
0.229
0.226
0.251
0.327
0.239
0.082
0.344
0.269
0.424
0.139
0.361
0.625
0.282
0.126
0.701
0.717
0.087
0.585
0.643
0.102
0.202
0.076
0.518
0.046
0.336
0.519
0.745
0.716
0.28
0.148
0.05
0.294
0.357
0.222
0.555
0.303
0.316
0.669
0.5
0.198
0.125
0.225
0.713
0.427
0.309
0.168
0.19
0.69
0.616
0.118
0.554
0.885
0.283
0.349
0.195
0.206
0.223
0.231
0.408
0.605
0.567
0.268
0.066
0.292
0.991
0.317
0.053
0.793
0.144
0.366
0.368
0.496
0.69
0.206
0.393
0.129
0.657
1.104
0.313
0.069
0.037
0.41
0.2
1.071
0.187
0.201
-0.038
0.26
0.347
0.153
0.187
0.314
0.454
0.34
0.85
0.468
0.271
0.786
0.24
1.039
0.168
0.078
0.18
0.088
0.292
0.366
0.176
0.145
0.817
0.203
0.948
0.098
0.254
0.168
0.205
0.563
0.305
0.768
0.197
0.281
0.168
0.158
0.176
0.078
0.571
0.131
0.278
0.11
0.11
0.256
0.119
0.275
0.125
0.373
0.197
0.21
0.211
0.164
0.402
0.229
0.346
0.145
0.899
0.254
0.217
0.206
0.257
0.236
0.192
0.778
0.163
0.157
0.488
0.537
0.505
0.217
0.423
0.779
0.249
0.31
0.149
0.766
0.169
-0.033
0.115
0.532
0.257
0.911
0.334
0.304
-0.015
0.307
0.633
0.176
0.755
0.191
0.115
0.321
0.109
0.374
0.749
0.689
0.066
0.365
0.253
0.798
0.331
0.233
0.053
0.251
-0.023
0.113
0.114
0.188
0.174
0.081
0.368
0.583
0.339
0.348
0.086
0.929
0.155
0.251
0.57
0.18
0.272
0.795
0.262
0.276
0.119
0.175
0.142
0.199
0.088
0.279
0.295
0.182
0.137
0.309
0.24
0.316
0.091
0.136
0.401
0.239
0.668
0.225
0.114
0.497
0.163
0.133
0.379
0.327
0.138
0.26
0.216
0.129
0.486
0.267
0.154
0.285
0.467
0.837
0.579
0.171
0.069
0.299
0.879
0.425
0.121
0.275
0.125
0.341
0.244
0.708
0.384
0.099
0.331
0.162
0.195
0.47
0.353
0.171
0.241
0.071
0.196
0.051
0.237
1.227
0.341
-0.029
0.248
0.458
0.112
0.176
0.309
0.207
0.909
0.689
0.304
0.06
0.146
0.985
0.208
0.148
0.161
0.32
0.222
0.626
0.146
0.313
0.283
0.452
0.266
0.777
0.305
0.599
0.076
0.497
0.164
0.149
0.187
0.274
0.345
0.193
0.158
0.444
0.276
0.18
0.057
0.602
0.356
0.114
0.883
0.293
0.072
0.162
0.332
0.187
0.183
0.103
1.064
0.052
0.166
0.241
0.276
0.04
0.221
0.342
0.214
0.039
0.061
0.151
0.748
0.251
0.185
0.521
0.052
0.155
0.362
0.156
0.276
0.828
0.223
0.169
1.144
0.714
0.116
0.031
0.49
0.663
0.366
0.248
0.355
0.192
0.236
0.154
0.273
0.231
0.136
0.753
0.096
0.617
0.372
0.19
0.551
0.01
0.31
0.3
0.408
0.581
0.006
0.538
0.592
0.179
0.405
0.976
0.251
0.132
0.355
0.124
0.151
0.136
0.333
0.472
0.137
0.235
0.063
0.684
0.04
0.374
0.887
0.183
0.326
0.702
0.264
0.131
0.97
0.061
0.392
0.066
0.174
0.334
0.231
0.839
0.876
0.092
0.169
0.283
0.171
0.235
0.146
0.128
0.243
0.126
0.08
0.674
0.072
0.079
0.22
0.212
0.124
0.774
0.07
0.916
0.106
0.173
0.184
0.093
0.834
0.166
0.151
0.128
0.323
0.502
0.234
0.29
0.128
0.445
0.365
0.026
0.202
0.287
0.046
0.12
0.15
0.124
0.256
0.125
0.275
0.264
0.195
0.295
0.056
1.016
0.132
0.259
0.162
0.182
0.763
0.201
0.353
0.9
0.272
0.635
0.046
0.283
0.216
0.967
0.632
0.409
0.259
0.187
0.094
0.413
0.134
0.163
0.581
0.263
0.429
0.477
0.125
-0.007
0.193
0.788
0.39
0.282
0.147
0.234
0.175
0.383
0.118
0.075
0.182
0.078
0.223
0.587
0.492
0.209
0.119
0.314
0.151
0.14
0.855
0.235
0.155
0.268
0.072
0.252
0.11
0.148
0.275
0.072
0.125
0.178
0.157
0.094
0.119
0.269
0.228
0.249
0.053
0.267
0.291
0.144
0.441
0.148
0.078
0.14
0.429
1.081
0.252
0.535
0.888
0.065
0.224
0.329
0.275
0.017
0.243
0.224
0.143
0.589
0.157
0.136
0.295
0.421
0.164
0.293
0.013
0.325
0.376
0.365
0.202
0.278
0.715
0.146
0.076
0.46
0.132
0.187
0.664
0.322
0.211
0.581
0.127
0.777
0.454
0.16
0.252
0.235
0.294
0.087
0.259
0.363
0.485
0.096
0.266
0.853
0.23
0.28
0.22
0.662
0.321
0.211
0.231
1.038
0.291
0.081
0.754
0.135
0.165
0.252
0.799
0.228
0.121
-0.038
0.156
0.149
0.142
0.766
0.237
0.241
0.733
0.054
0.294
0.708
0.469
0.128
0.087
0.521
0.134
0.167
0.365
0.157
0.174
0.264
0.219
0.138
1.091
0.386
0.352
0.163
0.437
0.332
0.092
0.275
0.078
0.327
0.495
0.184
0.188
0.489
0.112
0.024
0.168
0.231
0.838
0.119
0.958
0.461
-0.032
0.477
0.214
0.215
0.231
1.151
0.24
1.115
0.703
0.666
0.071
0.182
0.186
0.297
0.1
0.429
0.717
0.387
0.4
0.152
0.493
0.9
0.277
0.948
0.987
0.05
0.157
0.113
0.92
0.574
0.382
0.088
0.187
0.619
0.24
0.32
0.31
0.489
0.228
0.313
0.644
0.183
0.111
0.232
0.753
0.283
0.272
0.261
0.146
0.127
0.231
0.362
0.062
0.205
0.208
0.066
0.345
0.154
0.733
0.116
0.079
0.376
0.275
0.195
0.085
0.207
0.784
0.176
0.328
0.035
0.325
0.271
0.247
0.233
0.191
0.702
0.147
0.467
0.175
0.3
0.259
0.285
0.737
0.099
0.152
0.754
0.167
0.098
0.027
0.301
0.421
0.249
0.812
0.247
0.082
0.382
0.122
0.82
0.412
0.237
0.277
0.252
0.431
0.108
0.106
0.219
0.178
0.915
0.219
-0.007
0.245
0.39
-0.019
0.552
0.417
0.097
0.104
0.235
0.19
0.18
0.799
0.182
0.561
0.156
0.306
0.196
0.706
0.121
0.31
0.891
0.165
0.169
0.243
0.169
0.041
0.358
0.858
0.75
0.27
0.709
-0.004
0.969
0.168
0.172
0.144
0.036
0.737
0.131
0.374
0.071
0.192
0.105
0.133
0.146
0.165
0.246
0.833
0.237
0.178
0.557
0.104
0.551
0.986
0.926
0.508
0.241
0.02
0.117
0.978
0.212
0.849
0.609
0.148
0.115
0.814
0.092
0.448
0.137
0.201
0.472
0.055
0.82
0.158
0.933
0.147
0.255
0.022
0.263
0.608
0.136
0.168
0.258
0.276
0.351
0.351
0.113
0.203
0.801
0.114
0.219
-0.03
0.465
0.135
0.462
0.071
0.077
0.57
0.163
0.03
0.159
0.374
-0.055
0.105
0.035
0.435
-0.013
0.776
0.27
0.746
0.15
0.47
0.715
0.609
0.396
0.272
0.62
0.106
0.148
0.753
0.179
0.877
0.356
0.299
0.184
0.406
0.027
0.589
0.577
0.429
0.342
0.276
0.517
-0.022
0.485
0.56
0.286
0.467
0.249
0.106
0.423
0.249
0.521
0.051
0.141
0.393
0.21
0.284
0.214
0.182
0.014
0.15
0.108
0.281
0.172
0.175
0.294
0.948
0.209
0.214
0.067
0.144
0.217
0.091
0.266
0.287
0.174
0.144
0.191
0.09
0.731
0.442
0.255
-0.002
0.509
0.539
0.683
0.89
0.287
0.207
0.258
0.957
0.313
0.567
0.141
0.281
0.038
0.251
0.105
0.087
0.603
0.032
0.384
0.799
0.18
0.226
0.659
0.227
0.326
0.854
0.115
0.184
0.22
0.862
0.094
0.994
0.293
0.457
0.07
0.2
0.205
0.258
0.209
0.304
0.244
0.101
0.102
0.033
0.115
0.129
0.166
0.156
0.713
0.369
0.212
0.164
0.297
0.094
0.251
0.336
0.269
0.86
0.776
0.233
0.426
0.016
0.566
0.232
0.088
0.213
0.301
0.205
0.37
0.263
0.779
0.163
0.278
0.282
0.582
0.138
0.206
0.603
0.404
0.522
0.274
0.139
0.199
0.296
0.278
0.172
0.303
0.185
0.075
0.112
0.474
0.541
0.217
-0.046
0.761
0.522
0.548
0.304
0.512
0.331
0.06
0.718
0.39
0.535
0.107
0.567
0.18
0.432
0.141
0.19
0.715
0.243
0.161
0.846
0.193
0.163
0.161
0.119
0.231
0.442
0.126
0.012
0.066
0.872
0.27
0.264
1.039
0.367
0.155
0.318
0.864
0.112
0.821
0.155
0.342
0.108
0.289
0.418
0.177
0.178
0.078
0.026
0.924
0.226
0.075
0.3
0.34
0.121
0.292
0.279
0.673
0.125
0.329
0.301
0.181
0.089
0.656
0.324
0.307
0.223
0.274
0.303
0.271
0.201
0.138
1.015
0.069
-0.009
0.201
0.11
0.108
0.794
0.159
0.254
0.343
0.14
0.114
0.16
0.12
0.212
0.728
0.218
0.287
0.151
1.073
1.085
0.416
0.114
0.261
0.147
0.743
0.169
0.207
0.451
0.993
0.047
0.229
0.358
0.157
0.462
0.925
0.081
1.076
0.46
0.139
0.45
0.278
0.322
0.143
0.244
0.432
0.16
0.194
0.572
0.689
0.848
0.116
0.054
0.263
0.333
0.191
0.149
0.26
0.426
0.043
0.094
0.132
0.191
0.621
0.135
0.699
0.202
0.704
0.131
0.145
0.19
0.394
0.341
0.174
0.304
1.03
0.164
0.174
0.46
0.52
0.115
0.258
0.135
0.202
0.099
0.878
0.184
0.175
0.455
0.047
0.202
0.146
0.17
0.154
0.085
0.646
0.194
0.227
0.177
0.215
0.306
0.313
0.525
0.331
0.105
0.133
0.202
0.275
0.084
0.68
0.524
0.145
0.504
0.21
0.036
0.28
0.089
0.126
0.18
0.997
0.358
1.01
0.653
0.27
0.111
0.157
0.164
0.065
0.145
0.163
0.58
0.274
0.117
0.108
0.421
0.058
0.131
0.142
0.139
0.523
0.42
0.989
0.055
0.151
0.769
1.046
0.051
0.433
0.344
0.342
0.525
0.239
0.433
0.305
0.495
0.692
0.022
0.317
0.173
0.129
0.143
0.517
0.153
0.193
0.211
0.81
0.244
0.178
0.842
0.061
0.178
0.047
0.179
0.298
0.292
0.15
0.317
0.122
0.303
0.132
0.113
0.373
0.138
0.606
0.438
0.184
0.135
0.203
0.378
0.252
0.289
0.948
0.484
0.436
0.036
0.205
0.221
0.428
0.979
0.33
0.185
0.141
0.243
0.366
0.092
0.541
0.207
0.148
0.085
0.782
0.748
0.249
0.321
0.927
0.272
0.196
0.18
0.25
0.11
0.023
0.384
0.241
0.267
0.171
0.936
0.065
0.067
0.21
0.427
0.122
0.19
0.231
0.896
1.113
0.29
0.037
0.123
0.13
0.142
0.023
0.272
0.09
0.373
0.169
0.388
0.703
0.059
0.455
0.211
0.047
0.435
0.085
0.134
0.771
-0.031
0.972
0.524
1.169
0.228
0.316
0.235
0.33
0.125
0.101
0.301
0.123
0.199
0.323
0.676
0.199
0.256
0.572
0.254
0.449
0.673
0.167
0.494
0.19
0.024
0.138
0.175
0.428
0.442
0.104
-0.001
0.221
0.381
0.341
0.059
0.347
0.745
0.308
1.003
0.049
0.244
0.29
0.209
0.538
0.823
0.116
0.667
0.305
0.495
0.009
0.25
1.031
0.318
0.193
0.839
0.422
0.125
0.15
0.694
0.182
0.717
0.889
0.452
0.724
0.207
0.248
0.111
0.329
0.223
0.308
0.274
0.222
0.213
0.262
0.459
0.278
0.444
0.339
0.366
0.007
0.109
0.158
0.167
0.642
0.528
0.124
0.528
0.742
1.158
0.192
0.255
0.382
0.01
0.709
0.926
0.189
0.082
0.492
0.3
0.162
0.142
0.159
0.146
0.355
0.473
0.268
0.88
0.3
0.13
0.148
0.599
0.217
0.187
0.206
0.337
0.831
0.158
0.117
0.208
0.818
-0.012
0.065
0.217
0.215
0.166
0.171
0.124
0.241
1.015
0.143
0.964
1.16
0.185
0.557
0.314
0.249
0.346
0.208
0.687
0.129
0.766
0.19
0.134
0.637
0.271
0.176
0.185
0.829
0.295
0.357
0.072
0.265
0.009
-0.06
0.389
0.596
0.251
0.045
0.267
0.371
0.17
0.341
0.222
0.169
0.198
0.213
1.055
0.091
0.198
0.328
0.297
1.062
0.18
0.322
0.495
0.213
0.074
0.864
0.009
0.213
0.151
0.127
0.231
0.854
0.292
0.166
0.219
0.153
0.971
0.237
0.132
0.209
0.782
0.779
0.056
0.862
0.845
0.197
0.219
0.827
0.223
0.095
0.274
0.342
0.348
0.075
0.44
0.102
0.259
0.052
0.27
0.619
0.195
0.091
0.081
0.275
0.348
0.277
0.234
0.16
0.121
0.453
0.253
0.492
0.304
0.279
0.27
0.615
0.481
0.118
-0.004
0.191
0.195
0.421
0.82
0.535
0.811
0.135
0.047
0.341
0.361
0.201
0.128
0.374
0.192
0.162
0.164
0.914
0.778
0.146
0.442
0.189
0.289
0.192
0.352
0.763
0.475
0.989
0.635
0.157
0.296
0.461
0.476
0.692
0.129
0.267
0.225
0.201
0.082
0.269
0.647
0.266
0.593
0.133
0.121
0.301
0.701
0.226
0.206
0.512
0.154
0.896
0.273
0.653
0.196
0.163
0.292
0.391
0.259
0.325
0.709
0.12
0.144
0.326
0.525
0.02
0.275
0.369
0.308
0.41
0.139
1.117
0.486
0.388
0.649
0.071
0.193
0.065
0.308
0.342
0.16
0.194
0.434
0.383
0.367
0.079
0.219
0.21
0.051
0.118
0.103
0.833
0.632
0.739
0.138
0.597
0.127
0.306
0.003
0.132
0.288
0.158
0.166
0.403
0.479
0.592
0.264
0.812
0.181
0.108
0.295
0.836
0.461
0.194
0.122
0.934
0.389
0.077
0.307
0.888
0.426
0.148
0.35
0.098
0.571
0.822
0.208
0.14
0.266
0.336
0.156
0.239
0.889
0.119
0.188
0.072
0.308
0.062
0.397
0.104
0.097
0.368
0.29
0.093
0.41
0.026
0.27
0.3
0.447
0.16
0.28
0.145
0.099
0.497
0.309
0.421
0.381
0.223
0.169
0.034
0.058
0.141
0.113
0.3
0.156
0.234
0.233
0.125
0.144
0.569
0.83
0.783
0.87
0.596
0.298
0.049
0.783
0.229
0.657
0.027
0.174
0.305
0.168
0.834
0.288
0.147
0.098
0.086
0.754
0.224
0.139
0.063
0.082
0.393
0.188
0.282
0.229
0.517
0.407
0.701
0.065
0.156
0.463
0.248
0.354
0.201
0.232
0.459
0.194
0.351
0.269
0.955
0.308
0.427
0.178
0.099
0.192
0.306
0.159
0.71
0.201
0.897
0.531
0.943
0.282
0.209
0.188
0.241
0.045
0.254
0.101
0.324
0.01
0.226
0.486
0.23
0.047
0.818
0.261
0.145
0.446
0.13
0.821
0.129
0.186
0.655
0.339
0.132
0.698
0.148
0.117
0.453
0.248
0.176
1.093
0.233
0.248
0.583
0.126
1.102
0.297
0.114
0.181
0.295
0.113
0.099
0.308
0.03
0.411
0.169
0.091
0.175
0.188
0.959
0.075
0.321
0.169
0.128
0.435
0.532
0.368
1.036
0.809
0.408
0.445
-0.013
0.384
0.234
0.348
0.311
0.264
0.221
0.394
0.253
0.32
0.13
0.075
0.289
0.203
0.742
0.313
0.582
0.14
0.102
0.191
0.323
0.292
0.259
0.611
0.228
0.392
0.19
0.541
0.833
0.264
0.77
0.751
0.051
0.025
0.121
0.125
0.078
0.927
0.331
0.362
0.316
0.524
0.393
0.16
0.35
0.169
0.201
0.663
1.043
0.3
0.234
0.114
0.192
0.13
0.209
0.468
0.069
0.111
0.69
0.132
0.219
0.062
0.144
0.111
0.725
0.163
0.115
0.089
0.188
0.067
0.131
0.12
0.29
0.19
1.074
0.43
0.342
0.211
0.499
0.498
0.833
0.187
0.571
0.16
0.606
0.149
0.373
0.234
0.014
0.345
0.057
0.224
0.114
0.775
0.074
0.262
0.118
0.949
0.065
0.51
0.911
0.519
0.107
0.033
-0.019
0.724
0.312
0.259
0.687
0.696
0.355
0.137
0.268
0.378
0.173
0.589
0.166
0.212
0.244
0.351
0.477
0.107
0.335
0.449
0.281
0.15
0.895
0.194
0.661
0.794
0.265
0.623
0.185
0.452
-0.03
0.206
0.165
0.491
0.083
0.664
0.166
0.213
0.504
1.015
0.264
0.873
0.265
0.132
0.514
-0.002
0.039
0.314
0.145
0.841
0.416
0.235
0.198
0.245
0.178
0.621
0.152
0.373
0.156
-0.025
0.135
0.145
0.654
0.034
0.11
0.118
0.206
0.311
0.503
0.77
0.168
0.389
0.693
0.516
0.324
0.117
0.841
0.363
0.038
0.235
0.116
0.321
0.094
0.439
0.515
0.208
0.095
0.407
0.158
0.395
0.364
0.228
0.421
0.101
0.117
0.126
0.33
0.59
0.211
0.248
0.213
0.274
0.368
0.206
0.285
0.155
0.317
0.122
0.377
0.159
0.898
0.396
0.176
0.081
0.433
0.104
0.02
1.057
0.145
0.173
0.046
0.408
0.23
0.611
0.355
0.358
0.424
0.077
0.074
0.181
0.064
0.282
0.872
0.156
0.102
0.234
0.764
0.338
0.271
0.158
0.007
0.172
0.187
0.114
0.08
0.138
0.655
0.032
0.114
0.457
0.221
0.784
0.159
0.348
0.17
0.252
0.821
0.064
0.322
0.108
0.726
0.128
0.167
0.411
0.34
0.447
0.952
0.965
0.912
0.295
0.31
0.149
0.289
0.669
0.221
0.379
0.119
1.135
0.252
0.221
0.503
0.242
0.184
0.777
0.47
0.348
0.38
0.19
0.319
0.211
0.672
0.21
0.296
0.597
0.039
0.567
0.166
0.197
0.686
0.14
0.555
0.617
0.049
0.387
0.558
0.81
0.334
0.615
0.505
0.426
0.155
0.136
0.097
0.099
0.431
0.189
0.042
0.141
0.056
0.311
0.214
0.155
0.311
0.53
0.319
0.588
0.905
0.076
0.19
0.378
0.344
0.268
0.22
0.059
0.29
0.645
0.147
0.681
0.739
0.644
0.734
0.083
0.17
0.693
0.369
0.238
0.937
0.175
0.988
0.041
0.226
0.417
0.212
0.143
0.281
0.126
0.085
0.314
0.059
0.664
0.135
0.374
0.979
0.238
0.338
0.186
0.748
0.321
0.168
0.225
0.439
0.271
0.129
0.046
0.343
0.284
0.639
0.41
0.228
0.147
0.364
0.088
0.247
0.134
0.204
0.38
0.196
0.195
0.107
0.682
0.283
0.78
0.228
0.859
0.113
0.393
0.426
0.283
0.384
0.069
0.314
0.293
0.106
0.69
0.148
0.081
0.519
0.333
0.991
0.137
0.314
0.17
0.177
0.396
0.131
0.407
0.116
0.385
0.27
0.129
0.298
0.165
0.184
0.809
0.462
0.102
0.302
0.296
0.295
0.179
0.312
0.117
0.248
0.399
0.204
0.454
0.136
0.051
0.216
0.523
0.099
0.237
0.327
0.138
0.122
0.661
0.205
0.162
0.207
0.094
0.337
0.222
0.791
0.548
-0.054
0.399
0.1
0.614
0.168
0.896
0.151
0.255
0.318
0.18
0.183
0.702
0.227
0.9
0.341
0.687
0.006
0.238
0.105
0.388
-0.006
0.764
0.103
0.21
0.073
0.261
0.821
0.193
0.124
0.179
0.421
0.111
0.803
0.143
0.181
0.631
0.511
0.763
0.099
0.288
0.195
0.103
0.323
0.129
0.082
0.375
0.766
0.055
0.126
0.326
0.074
-0.062
0.7
0.302
0.789
0.372
0.379
0.114
0.172
0.259
0.092
0.068
0.956
0.739
0.19
0.267
0.21
0.173
0.216
0.085
0.744
0.313
0.234
0.318
0.632
0.406
0.2
0.136
0.242
0.252
0.13
0.232
0.19
0.503
0.678
0.268
0.182
0.214
0.098
0.79
0.609
0.289
0.171
0.12
0.266
0.368
0.211
0.385
0.281
0.229
0.657
0.763
0.198
0.692
0.666
0.275
1.071
0.666
0.04
0.063
0.571
0.179
0.861
0.109
0.575
0.035
0.421
0.111
0.866
0.187
0.171
0.304
0.257
0.692
0.061
0.153
0.124
0.303
0.687
0.144
0.622
0.036
0.243
0.024
0.378
0.243
0.586
0.338
0.46
0.293
0.119
0.583
0.29
0.256
0.056
1.118
0.261
0.573
0.534
0.676
0.092
0.664
0.269
0.134
0.36
0.508
0.046
1.064
0.66
0.885
0.883
0.709
0.598
0.268
0.149
0.131
0.568
0.097
0.514
0.288
0.287
0.259
0.046
0.026
0.12
0.478
0.323
0.742
0.05
0.072
0.78
0.448
0.168
0.574
0.289
0.14
0.222
-0.014
0.877
0.205
0.172
0.4
0.033
0.077
0.204
0.227
0.479
0.262
0.84
0.335
0.126
0.324
0.281
0.105
0.285
0.806
0.368
0.538
0.176
0.562
0.212
0.448
0.076
0.237
0.383
0.303
0.804
0.113
0.148
0.109
0.957
0.603
0.208
0.122
0.485
0.131
0.315
0.161
0.482
0.166
0.876
0.761
0.313
0.214
0.061
0.402
0.21
0.1
0.198
0.048
0.385
0.154
0.263
0.382
0.285
0.174
0.173
0.275
0.203
0.17
0.129
0.074
0.187
0.275
0.284
0.505
0.563
0.046
0.174
0.183
0.266
0.809
0.054
0.924
0.064
0.159
0.152
0.176
0.096
0.22
0.301
0.246
0.829
0.277
0.149
0.343
0.927
0.114
0.324
0.592
0.158
0.529
0.124
0.465
0.275
0.08
0.23
0.084
0.209
0.55
0.16
0.264
0.166
0.256
0.05
0.175
0.287
0.208
0.154
0.141
0.006
0.274
0.324
0.079
0.305
1.021
0.14
0.186
0.246
0.052
0.787
0.609
0.642
0.414
0.191
0.795
0.141
0.217
0.124
0.124
0.216
0.281
0.943
0.294
0.843
0.121
0.092
0.328
0.163
0.132
0.139
0.135
0.382
0.367
0.145
0.148
0.218
0.147
0.245
0.135
0.235
0.073
0.241
0.678
0.316
0.697
0.152
0.326
0.197
0.761
0.41
0.183
0.761
0.102
0.127
0.92
0.337
0.253
0.683
0.017
0.321
-0.082
0.184
0.072
0.139
0.7
0.081
0.339
0.766
0.754
0.191
0.069
0.269
0.064
0.464
0.169
0.946
0.716
0.872
0.379
0.261
0.073
0.073
0.098
1.004
0.426
0.799
0.191
0.272
0.189
0.782
0.273
0.373
0.134
0.868
0.609
0.234
0.295
0.74
0.1
0.116
0.173
0.304
0.516
0.611
0.382
0.593
0.268
0.064
0.172
0.136
0.196
0.565
0.218
1.098
0.177
0.055
0.194
0.11
0.252
0.132
0.395
0.138
0.867
0.349
0.225
0.145
0.581
0.21
0.719
0.433
0.558
0.247
0.657
0.321
-0.001
0.116
0.198
0.157
0.248
0.154
0.169
0.549
1.049
0.18
0.331
0.391
0.624
0.044
0.457
0.086
0.212
0.419
0.256
0.158
0.361
0.123
0.324
0.062
0.246
0.492
0.25
0.625
0.14
0.671
0.304
0.059
0.344
0.187
0.752
0.801
0.689
-0.028
0.485
0.559
0.225
0.31
0.824
0.07
0.136
0.206
0.243
0.328
0.245
0.11
0.487
0.171
0.279
0.157
0.26
0.032
0.392
0.416
0.622
0.29
0.125
0.283
0.183
0.418
1.149
0.08
0.126
0.458
0.268
0.116
0.354
0.303
0.605
0.531
0.21
0.274
0.526
0.091
0.378
0.662
0.821
0.028
0.106
0.074
0.295
0.272
0.323
0.249
0.216
0.668
0.179
0.411
0.248
0.303
0.145
0.406
0.542
0.282
0.07
0.393
0.875
0.178
0.055
0.21
0.318
0.426
0.271
0.494
0.114
0.189
0.425
0.212
0.268
0.412
0.743
0.728
0.122
0.201
0.853
0.382
0.117
0.129
0.234
0.232
0.462
0.132
0.305
0.279
-0.032
0.248
0.642
0.255
0.066
0.574
0.21
0.995
0.423
0.144
0.253
0.114
0.709
0.552
0.235
0.853
0.691
0.246
0.949
0.235
0.084
0.261
0.414
0.298
0.217
0.014
0.405
0.077
0.039
0.35
0.194
0.079
0.458
0.911
0.262
0.142
1.005
0.243
0.303
0.109
0.124
0.202
0.274
0.159
0.279
0.292
0.401
0.254
0.21
0.315
0.206
0.364
0.222
0.098
0.226
0.379
0.067
0.137
0.082
0.462
0.146
0.445
0.188
0.732
0.111
0.452
0.41
0.249
0.125
0.664
0.074
0.141
0.211
0.335
0.297
0.726
0.303
0.628
0.453
0.247
0.038
0.053
0.647
0.777
0.713
0.257
0.249
0.132
0.088
0.541
0.027
0.118
0.321
0.255
0.184
0.176
0.736
0.331
0.921
0.235
0.387
0.393
0.136
0.651
0.25
0.09
0.212
0.034
0.149
0.21
0.127
0.15
0.421
0.206
0.287
0.48
0.106
0.514
0.234
0.083
0.533
1.021
0.381
0.267
0.083
0.479
0.111
0.051
0.727
0.345
0.43
0.634
0.24
0.396
0.127
0.09
0.56
0.146
0.466
0.25
0.083
0.499
0.272
0.717
0.055
0.128
0.597
0.88
0.124
0.638
0.235
0.786
-0.001
0.606
0.152
0.51
0.086
0.233
0.423
0.167
0.181
0.741
0.129
0.622
0.407
0.099
0.239
0.223
0.171
0.346
0.626
0.819
-0.023
0.145
0.062
0.258
0.644
0.148
0.693
0.63
0.353
0.667
0.176
0.736
0.829
0.147
0.142
0.189
0.108
0.15
0.663
0.194
0.39
0.998
0.573
0.199
0.792
0.635
0.957
0.336
0.117
0.266
0.321
0.135
0.156
0.192
0.125
0.366
0.03
0.462
0.825
0.753
0.319
0.363
0.426
0.204
0.239
0.507
0.279
0.272
0.199
0.308
0.376
0.687
0.369
0.282
0.614
0.152
0.198
0.414
0.657
0.246
0.458
0.461
0.165
0.166
0.657
0.289
0.181
0.256
0.186
0.764
0.118
0.151
0.059
0.126
0.285
0.299
0.212
0.308
0.118
0.079
0.402
0.26
0.169
0.135
0.232
0.142
0.026
0.175
0.18
0.172
1.106
0.062
0.177
0.502
0.024
0.398
0.325
-0.012
0.919
0.158
0.086
0.1
0.661
0.134
0.336
0.837
0.085
0.154
0.53
0.07
0.994
0.117
0.33
0.205
0.537
0.276
0.066
0.166
0.665
0.143
0.27
0.184
0.111
0.409
0.963
0.086
0.209
-0.039
0.236
0.873
0.116
1.01
0.526
0.229
0.433
0.513
0.072
0.378
0.143
0.426
0.115
0.109
0.379
0.83
0.398
0.372
0.371
0.554
0.857
0.133
0.243
0.201
0.1
0.298
0.805
0.214
0.182
0.342
0.138
0.096
0.065
0.037
0.302
0.368
0.847
0.352
0.664
1.002
0.167
0.712
0.484
0.273
0.725
0.145
0.384
0.317
0.305
0.004
-0.023
0.222
0.44
0.15
0.888
0.53
0.073
0.199
0.09
0.183
0.084
0.39
0.269
0.437
0.126
0.275
0.036
0.634
0.22
0.282
0.151
0.119
0.362
0.833
0.779
0.154
0.26
0.222
0.365
0.32
0.182
0.148
0.927
0.917
0.383
0.374
1.093
0.355
0.1
0.644
0.266
0.487
0.198
0.132
0.181
0.227
0.333
0.921
0.215
0.281
0.755
0.57
0.735
0.142
0.285
0.077
1.051
0.201
0.568
0.425
0.274
0.41
0.837
0.08
0.57
0.102
0.111
0.776
0.408
0.107
0.256
0.115
0.036
0.272
0.301
0.098
0.151
0.658
0.264
0.307
0.395
0.243
0.067
0.069
0.153
0.282
0.878
0.136
0.093
0.156
1.044
0.322
0.356
0.277
0.874
0.154
0.482
0.07
0.838
0.485
0.049
0.562
0.356
0.172
0.128
0.155
0.372
0.298
0.035
0.322
0.748
0.346
0.013
0.129
0.204
0.093
0.931
0.375
0.367
0.226
0.339
0.214
0.323
0.044
0.702
0.105
0.025
0.076
0.473
0.146
0.048
0.122
0.236
0.648
0.142
1.015
0.432
0.182
0.594
0.715
0.824
0.737
0.2
0.608
0.499
0.131
0.178
0.282
0.209
0.142
0.39
0.076
0.1
0.545
0.075
0.262
0.093
0.089
0.503
0.815
0.215
0.208
0.141
-0.026
0.86
0.829
0.164
0.199
0.445
0.541
0.652
0.206
0.179
0.235
0.15
0.299
0.155
0.341
0.273
0.17
0.132
0.075
0.859
0.198
0.234
1.014
0.215
0.739
1.003
0.627
0.389
0.171
1.055
0.541
0.34
0.357
0.175
0.297
0.579
0.115
0.154
0.576
0.208
0.362
0.79
0.137
0.106
0.961
0.401
0.224
-0.039
0.232
0.412
0.192
0.544
0.184
0.292
0.747
0.193
0.205
0.049
0.082
0.27
0.125
0.216
0.972
0.167
0.083
0.535
0.93
0.243
0.282
0.111
0.462
0.167
0.345
0.292
0.13
0.166
0.045
0.223
0.172
0.127
0.178
0.149
0.15
0.695
0.404
0.219
0.257
0.445
0.133
0.271
0.247
0.238
0.325
0.557
0.699
0.253
0.133
0.729
0.591
0.561
0.262
0.416
0.091
0.074
0.127
0.503
0.384
0.031
0.826
0.168
0.401
0.191
0.052
0.275
0.455
0.104
0.789
0.173
0.369
0.325
0.222
0.331
0.484
0.298
0.946
0.285
0.264
0.234
0.506
0.066
0.281
0.509
0.122
0.268
0.418
0.152
0.15
0.35
0.028
0.067
0.49
0.191
0.194
0.23
0.757
0.083
0.171
0.182
0.2
0.093
0.262
0.85
0.222
0.047
0.454
0.168
0.279
0.21
0.463
0.385
0.348
0.279
0.335
0.344
0.745
0.782
0.364
0.969
0.394
0.084
0.125
0.179
0.32
0.647
0.288
0.255
0.256
0.052
0.338
0.309
0.21
0.162
0.258
0.229
0.188
0.176
0.123
0.451
0.115
0.366
0.612
0.309
0.284
0.424
-0.025
0.463
0.133
0.113
0.16
0.271
0.131
0.038
0.26
0.311
0.33
0.471
0.871
0.218
0.217
0.428
0.235
0.807
0.202
0.374
0.191
0.267
0.266
0.279
0.254
0.558
0.534
0.199
0.209
0.215
0.092
0.711
0.657
0.086
0.299
0.314
0.246
0.546
0.261
0.687
0.305
0.198
0.414
0.071
0.685
0.613
0.281
0.251
0.231
0.22
0.201
0.258
0.149
0.257
0.134
0.177
0.014
0.625
0.341
0.217
0.48
0.418
0.352
0.148
0.146
0.113
0.134
0.255
0.581
0.454
0.233
0.018
0.176
0.741
0.063
0.744
0.2
0.142
0.123
0.375
0.689
0.424
0.195
0.097
0.55
0.223
0.218
0.081
0.678
0.063
0.745
0.753
0.786
0.179
0.115
-0.088
0.183
0.728
0.587
0.227
0.3
0.329
0.643
0.159
0.444
0.376
0.397
0.228
0.428
0.196
0.294
0.146
0.435
0.02
0.074
0.086
0.265
0.11
0.15
0.181
0.347
0.187
0.849
0.737
0.34
0.454
0.242
0.302
0.614
0.156
0.303
0.565
0.316
0.081
0.651
0.108
0.286
0.084
0.295
0.355
0.083
0.363
0.212
0.208
0.192
0.219
0.203
0.24
0.39
0.126
0.183
0.204
0.488
0.141
0.321
0.19
0.261
0.223
0.147
0.273
0.141
0.986
0.159
0.039
0.17
0.368
0.082
0.497
0.455
0.166
1.022
0.431
1.09
0.411
0.953
0.453
0.263
1.006
0.332
0.191
0.086
0.124
0.67
0.246
0.36
0.253
0.42
0.142
0.575
0.843
0.417
0.76
-0.067
0.371
0.191
0.355
0.14
0.172
0.048
0.265
-0.048
0.44
0.518
0.251
0.702
0.126
0.953
0.286
0.501
0.126
0.118
0.018
0.166
0.265
0.388
0.071
0.008
0.282
0.161
0.001
0.292
0.277
0.124
0.514
0.204
0.288
0.053
0.95
0.179
0.132
0.231
0.088
0.169
0.159
0.179
0.068
0.094
0.851
0.211
0.268
0.347
0.143
0.109
0.916
0.711
0.005
0.892
0.188
0.203
0.235
0.042
0.248
0.299
0.111
0.265
0.172
0.363
0.291
0.733
-0.002
0.642
0.042
0.349
0.48
0.197
0.15
0.471
0.232
0.298
0.25
0.25
0.127
0.652
0.057
0.527
0.159
0.644
0.12
0.691
0.052
0.141
0.232
0.087
0.433
0.425
0.633
0.191
0.124
0.126
0.254
0.211
0.164
0.341
0.111
0.339
0.144
0.259
0.262
0.491
0.26
0.063
0.002
0.169
0.799
0.282
0.097
0.986
0.861
0.3
0.277
0.173
0.113
0.463
0.161
0.673
0.165
0.098
0.014
0.311
0.395
0.2
0.295
-0.002
0.146
0.241
0.64
0.313
0.233
0.435
0.135
0.072
0.313
0.335
0.301
0.181
0.196
0.237
0.249
0.719
0.822
0.606
0.245
0.093
0.962
0.317
0.228
0.013
0.279
0.668
0.306
0.246
0.137
0.213
0.199
0.579
0.156
0.183
0.184
0.416
0.637
0.446
0.302
0.213
0.09
0.272
0.302
0.174
0.797
0.204
0.315
0.358
0.326
0.358
0.048
0.206
0.386
0.21
0.725
0.362
0.205
0.861
0.641
0.084
0.225
0.637
0.571
0.091
0.059
0.044
0.928
0.371
1.125
0.376
0.027
0.189
0.071
0.213
0.072
0.797
0.042
0.429
0.162
0.329
0.348
0.712
0.033
0.132
0.23
0.238
0.393
0.153
0.181
0.11
0.136
0.571
0.256
0.204
0.263
0.166
0.426
0.97
0.146
0.721
0.822
0.218
0.787
0.139
0.259
1.086
0.299
0.318
0.31
0.157
0.154
0.069
0.103
0.785
0.818
0.925
0.197
0.052
0.834
0.693
0.0
0.16
0.271
0.337
0.833
0.154
0.213
0.632
0.824
0.252
0.357
0.119
0.304
0.264
0.128
0.499
0.091
0.058
0.66
0.105
0.174
0.08
0.095
0.14
0.653
0.216
0.27
0.721
0.3
0.913
0.084
0.206
0.14
0.612
1.094
0.298
0.21
0.225
0.381
0.858
0.181
0.59
0.275
0.103
0.277
0.24
0.345
0.482
0.766
0.337
0.116
0.313
0.523
0.491
0.405
0.102
0.162
0.224
0.09
0.228
0.217
0.05
0.084
0.075
0.19
0.765
0.276
0.242
0.262
0.256
0.083
0.201
0.217
0.372
0.201
0.314
0.358
0.329
0.064
0.248
0.486
0.227
0.75
0.147
0.641
0.153
0.205
0.228
0.036
0.098
0.277
0.741
0.198
0.471
0.13
0.249
0.165
0.257
0.229
0.297
0.176
0.411
0.436
0.4
0.829
0.096
0.159
0.085
0.611
0.04
0.619
0.222
0.215
0.159
0.211
-0.004
0.206
0.174
0.053
0.249
0.469
0.247
0.538
0.0
0.64
0.346
0.19
0.2
0.851
0.523
0.113
0.203
0.713
0.098
0.12
0.281
0.115
0.17
0.181
0.421
0.44
0.13
0.263
0.153
0.563
0.18
0.192
0.278
0.451
0.289
0.499
0.197
-0.005
0.205
0.687
0.689
0.111
0.899
0.273
0.223
0.198
0.104
0.05
0.302
0.222
0.21
0.262
0.214
0.27
0.213
0.08
0.872
0.149
0.816
0.076
0.355
0.815
0.771
0.15
0.004
0.63
0.46
0.061
0.177
0.29
0.244
0.263
0.328
0.201
0.138
0.067
0.367
0.413
0.092
0.161
0.551
0.279
0.101
0.954
0.383
0.306
0.32
0.568
1.08
0.497
0.5
0.369
0.038
0.517
0.253
-0.054
0.138
0.331
0.04
0.809
0.145
0.002
0.692
0.154
0.357
0.861
0.273
0.313
0.613
0.166
0.089
0.247
0.084
0.892
0.165
0.229
0.36
0.281
0.007
0.243
0.184
0.254
0.188
0.397
0.396
0.164
0.094
0.471
0.139
0.865
0.49
0.182
0.206
0.262
0.092
0.1
0.447
0.11
0.183
0.399
0.376
0.496
0.262
0.101
0.163
0.182
0.216
0.352
0.224
0.64
0.377
-0.032
0.142
0.169
0.281
0.232
0.085
0.143
0.03
0.438
0.191
0.183
-0.026
0.132
0.848
0.092
0.133
0.196
0.385
0.153
0.127
0.138
0.463
0.064
0.204
0.141
0.118
0.22
0.137
0.338
0.252
0.08
0.357
0.197
0.135
0.182
0.241
0.248
0.155
0.117
0.369
1.075
0.169
0.231
0.663
0.226
0.278
0.084
0.737
0.545
0.075
0.099
-0.034
0.653
0.178
0.19
0.993
0.686
0.876
0.218
0.212
0.206
0.755
0.093
0.367
0.243
0.267
0.218
0.026
0.193
0.03
0.785
0.218
0.113
0.212
0.369
0.176
0.869
0.337
0.873
0.369
0.784
0.408
0.405
0.658
0.9
0.109
0.602
0.079
0.937
0.271
0.245
0.051
0.606
0.184
0.101
0.2
0.219
0.199
0.356
0.227
0.196
0.067
0.488
0.912
0.19
0.144
0.071
0.553
0.125
0.047
0.594
0.238
0.067
0.02
0.692
0.084
0.271
0.194
0.9
0.183
0.177
0.107
0.173
0.064
0.08
0.127
0.672
0.332
0.222
0.349
0.257
0.333
0.2
1.01
0.221
0.178
0.295
0.377
0.249
0.194
0.681
1.012
0.805
0.277
0.293
0.918
0.385
0.254
0.152
0.228
0.099
0.052
0.08
0.406
0.326
0.432
0.215
0.405
0.36
0.184
0.47
0.175
0.07
0.19
0.933
0.18
0.18
0.644
0.8
0.34
0.224
0.224
0.767
0.65
0.301
0.648
0.166
0.945
0.104
0.244
0.697
0.524
0.492
0.074
0.096
0.274
0.737
0.316
0.546
0.142
0.157
0.475
0.746
1.088
0.065
0.178
0.674
0.898
0.228
0.413
0.218
0.281
0.302
0.151
0.118
0.424
0.259
0.032
0.688
0.347
0.289
0.326
0.324
0.394
0.237
0.105
0.635
0.134
0.134
0.244
0.12
0.135
0.738
0.365
0.198
0.375
0.439
0.098
0.296
0.945
0.218
0.233
0.271
0.199
0.078
0.143
0.296
0.346
0.092
0.191
0.211
0.859
0.221
0.152
0.401
0.732
0.22
0.804
0.89
0.21
0.198
0.667
0.109
0.172
0.026
0.591
0.212
0.275
0.333
0.145
0.263
0.332
0.819
0.214
0.246
0.037
0.208
0.204
0.307
0.046
0.402
0.21
0.097
0.166
0.057
0.233
0.984
0.999
0.103
0.249
0.19
0.247
0.63
0.118
0.069
0.051
0.171
0.137
0.063
0.035
0.17
0.376
0.891
0.196
0.096
0.269
0.047
0.075
0.21
0.199
1.2
0.088
0.329
0.51
0.157
0.194
0.718
0.256
0.102
0.224
0.203
0.264
0.162
0.453
0.608
0.12
0.129
0.097
0.198
0.135
0.172
0.775
0.824
0.291
0.043
0.853
0.762
0.221
0.223
0.802
0.739
0.256
0.522
0.345
0.326
0.361
0.088
0.868
0.228
0.361
0.269
0.801
0.153
0.093
0.235
0.32
0.276
0.481
0.83
0.155
0.596
0.147
0.274
0.285
0.109
0.33
0.155
0.274
0.066
0.291
0.166
0.142
0.112
0.302
0.11
0.212
0.751
0.214
0.14
0.369
0.163
0.467
0.461
0.23
0.402
1.025
0.29
0.776
0.1
-0.081
0.382
0.351
0.181
0.164
0.349
0.133
0.381
0.259
0.148
0.744
0.238
0.219
1.152
-0.023
0.358
0.534
0.487
0.355
0.237
0.104
0.239
0.142
0.219
0.361
0.892
0.13
0.239
0.872
0.196
0.165
0.127
0.423
0.334
0.142
0.547
0.309
0.861
0.626
0.834
0.662
0.181
0.1
0.411
0.091
0.003
0.761
0.289
0.224
0.121
0.09
0.776
0.301
0.373
0.105
0.241
0.243
0.474
0.48
0.159
0.148
0.764
0.425
0.221
0.566
0.257
0.215
0.75
0.621
0.299
0.604
0.655
0.253
0.244
0.328
0.749
0.425
0.162
0.246
0.178
0.069
0.21
1.043
0.323
0.07
0.049
0.275
0.164
0.254
0.221
0.77
0.909
0.353
0.198
0.211
0.166
0.395
-0.03
0.159
0.235
0.081
0.257
0.17
0.085
0.12
0.099
0.465
0.244
0.471
0.229
0.637
0.099
0.559
0.12
0.242
0.57
0.235
0.246
0.253
0.527
0.53
1.099
0.205
0.742
0.294
0.47
0.364
0.369
0.236
0.144
0.128
0.349
0.164
1.012
0.68
0.503
0.934
0.862
0.325
0.4
0.094
0.199
0.481
0.887
0.43
0.875
0.42
0.208
0.303
0.42
0.118
0.251
0.923
0.094
-0.032
0.923
0.048
0.2
0.192
0.981
0.954
0.293
0.836
0.811
0.394
0.471
0.14
0.195
0.937
0.358
0.613
0.944
0.067
0.227
0.144
0.113
0.055
0.077
0.059
0.094
0.544
0.199
0.092
0.133
0.943
0.294
0.897
0.344
0.15
0.337
0.608
0.265
0.479
0.16
1.041
0.267
0.078
0.132
0.102
0.374
0.322
0.389
0.104
0.38
0.141
0.338
0.374
0.454
0.919
0.397
0.679
0.162
0.227
0.114
0.207
0.075
0.335
0.071
0.821
0.047
0.434
0.077
0.517
0.014
0.73
0.14
1.066
0.716
0.527
0.107
0.681
0.111
0.09
0.284
0.152
0.414
0.001
0.081
0.588
0.16
0.145
0.157
0.835
0.151
0.191
0.391
0.25
0.209
0.399
0.132
0.035
0.405
0.263
0.241
0.082
0.133
0.428
0.721
0.259
0.224
0.306
0.074
0.074
0.084
0.731
0.843
0.047
0.654
0.275
0.274
0.839
0.11
0.964
0.129
1.027
0.29
0.03
0.091
0.815
0.985
0.42
0.192
0.054
0.151
0.09
0.159
0.105
0.374
0.266
0.076
0.24
0.282
0.443
0.623
0.783
0.171
0.151
0.082
0.005
0.061
0.382
0.28
0.045
-0.011
0.26
0.088
0.227
0.698
0.207
0.183
0.229
0.197
0.1
0.098
0.111
0.303
0.223
0.111
0.889
0.415
0.163
0.754
0.162
0.123
0.255
0.144
0.771
0.238
0.543
0.133
0.89
0.037
0.232
0.33
0.45
0.402
0.052
0.131
0.363
0.314
0.305
0.481
0.15
0.044
0.085
0.165
0.938
0.309
0.104
0.247
0.181
0.302
0.043
0.131
0.288
0.22
0.212
0.298
0.709
0.227
0.263
0.224
-0.013
0.494
0.781
0.136
0.215
0.078
0.34
0.207
0.472
0.266
0.204
0.216
0.331
0.277
0.246
0.305
0.173
0.171
0.283
0.479
0.48
0.788
0.192
0.264
1.014
0.188
0.166
0.413
0.09
0.115
0.523
0.717
0.075
0.267
0.23
0.172
0.228
0.15
0.176
0.144
0.007
0.63
0.362
0.231
0.447
0.146
0.785
0.723
0.003
0.197
0.115
0.205
0.057
0.583
0.409
0.582
0.013
0.25
0.298
0.168
0.43
0.232
0.238
0.003
0.207
0.222
0.161
0.249
0.432
0.404
0.729
0.11
0.552
0.585
0.183
0.39
0.243
0.087
0.177
0.128
0.415
0.132
0.246
0.43
0.512
0.085
0.084
0.254
0.538
0.169
-0.028
0.101
0.06
0.362
0.223
0.621
0.181
0.947
0.258
0.163
0.34
0.153
0.149
0.094
0.303
0.217
0.683
0.994
0.205
0.163
0.202
0.053
0.647
0.132
0.273
1.035
0.657
0.389
0.436
0.239
0.295
0.675
-0.035
0.086
0.206
1.032
0.242
0.247
0.864
0.211
0.636
0.702
0.381
0.127
0.216
0.146
0.978
0.95
0.181
-0.027
0.198
0.858
0.426
0.496
0.275
0.527
0.233
0.464
0.167
0.171
0.249
0.127
0.146
0.421
0.118
0.797
0.572
0.745
0.067
0.823
0.269
0.136
1.036
0.132
-0.047
0.138
0.124
0.733
1.106
0.264
0.165
0.249
0.32
0.849
0.279
0.842
0.168
0.244
0.239
0.253
0.057
0.2
0.814
0.241
0.13
0.143
0.499
0.05
0.248
0.792
0.142
0.384
0.195
0.086
0.644
0.297
0.519
0.16
0.124
0.261
1.014
0.217
0.158
0.761
0.079
0.27
0.335
0.054
0.486
0.824
0.329
0.158
0.383
0.589
0.288
0.276
0.345
0.714
0.093
0.099
0.186
0.197
0.192
0.833
0.226
0.173
0.117
0.284
0.198
0.247
1.2
0.105
0.091
0.821
0.187
1.073
0.29
0.321
0.264
0.281
0.25
0.332
0.454
0.269
0.223
0.566
0.248
0.736
0.599
0.486
0.272
0.491
0.03
0.085
0.415
0.241
0.134
0.782
0.05
0.194
0.215
0.323
0.049
0.184
0.194
1.009
0.863
0.498
0.722
0.157
0.256
0.531
0.126
0.32
0.792
0.29
0.513
0.186
0.777
0.112
0.313
0.257
0.208
0.353
0.165
0.112
-0.076
0.224
0.484
0.165
0.07
0.181
0.174
0.437
0.603
0.952
1.066
0.607
0.225
0.172
0.266
0.308
0.182
0.221
0.395
0.36
0.832
0.195
0.882
0.069
0.134
0.223
0.254
0.106
0.255
0.817
0.186
0.721
0.243
0.16
0.643
0.142
0.076
0.107
0.402
0.155
0.298
0.256
0.401
0.248
0.252
0.426
0.669
0.141
1.003
0.288
0.152
0.101
0.377
0.248
0.05
0.149
0.536
0.27
0.198
0.216
0.056
0.215
0.046
0.273
0.252
0.897
0.13
0.503
0.182
0.35
-0.006
0.101
0.452
0.133
0.145
0.735
0.112
0.342
0.224
0.492
0.295
0.824
0.188
0.491
0.77
0.931
0.603
0.766
0.074
0.008
0.214
0.206
0.078
0.232
0.704
0.572
0.306
0.013
0.04
0.704
0.128
0.115
0.494
0.122
0.215
0.702
0.324
0.243
0.542
0.12
0.078
0.182
0.675
0.272
0.264
0.619
0.373
0.189
0.26
0.224
0.139
0.828
0.312
0.43
0.171
0.543
0.664
0.309
0.132
0.377
0.28
0.522
0.945
0.233
0.895
0.147
0.334
0.108
0.095
0.145
0.089
0.217
0.124
0.324
0.437
1.179
0.29
0.681
0.298
0.346
0.118
0.293
0.213
0.1
0.339
0.086
0.335
0.114
0.167
0.21
0.547
0.322
0.889
0.861
0.262
0.236
0.999
0.179
0.11
0.718
0.342
0.955
0.974
0.749
0.462
0.239
0.837
0.549
0.538
0.226
0.742
0.132
0.357
0.315
0.666
0.313
0.842
0.373
0.068
0.217
0.216
0.114
0.392
0.542
0.298
0.225
0.371
0.136
0.2
0.653
0.184
0.109
0.176
0.307
0.101
0.918
0.24
0.35
0.648
0.728
0.696
1.054
0.131
0.092
0.4
0.325
0.4
0.264
0.87
0.825
0.539
0.197
0.385
0.135
0.316
0.819
0.468
0.295
0.142
0.251
0.22
0.477
0.27
0.328
0.983
0.16
0.277
0.109
0.327
0.192
0.16
0.093
0.619
0.166
1.055
0.605
0.8
0.065
0.377
0.244
0.503
-0.007
0.274
0.822
0.195
0.157
0.096
0.213
0.101
0.374
0.213
0.21
0.148
0.201
0.134
0.251
0.161
0.429
0.764
0.81
0.219
0.022
0.091
0.372
0.189
0.845
0.341
0.771
0.103
0.268
0.191
0.401
0.191
0.169
0.059
0.203
0.27
0.094
1.122
0.119
0.067
0.192
0.218
-0.001
0.248
0.188
0.445
0.329
0.349
0.361
0.446
0.125
0.181
0.344
0.297
0.118
0.207
0.668
0.409
0.16
0.123
0.631
0.331
1.002
0.268
0.205
0.418
0.497
0.193
0.274
0.234
0.175
0.711
0.516
0.257
0.269
0.188
1.116
0.158
0.131
0.564
0.567
0.252
0.083
0.186
0.272
0.289
0.428
0.114
0.461
0.338
0.13
-0.027
0.762
0.755
0.074
0.138
0.527
0.237
0.186
0.135
0.285
0.117
0.155
0.295
0.298
0.5
0.369
0.264
0.863
0.179
0.408
0.122
0.305
0.946
0.14
0.912
0.375
0.163
0.946
0.101
0.385
0.812
0.152
0.221
0.101
0.123
0.458
0.103
0.242
0.261
0.425
0.205
0.212
0.308
0.179
0.352
0.163
0.128
0.675
0.125
0.298
0.111
0.19
0.46
0.114
0.052
0.076
0.127
0.159
0.258
0.007
0.168
0.095
0.156
0.143
0.239
0.203
0.397
0.555
0.13
0.095
0.168
0.043
0.013
0.439
0.613
0.377
0.102
0.327
0.473
0.19
0.156
0.139
0.124
0.222
0.112
0.21
0.64
0.369
0.551
0.102
0.353
0.795
0.187
0.026
0.696
0.389
0.197
0.354
0.534
0.407
0.128
0.067
0.358
0.27
0.11
0.075
0.124
0.593
0.35
0.307
0.33
0.137
0.192
0.142
1.03
0.303
0.109
0.188
0.061
0.455
0.176
0.183
0.324
0.362
0.002
0.617
0.196
0.324
0.186
0.085
0.06
0.286
0.308
0.083
0.36
0.22
0.195
0.316
0.831
0.06
0.141
0.188
0.222
0.226
0.2
0.027
0.25
0.275
0.283
0.166
0.161
0.287
0.238
0.398
0.108
0.117
0.182
0.109
0.092
0.729
0.313
0.189
0.383
0.363
0.402
0.87
0.18
0.152
1.056
0.15
0.096
0.07
0.523
0.482
0.758
-0.01
0.153
0.111
0.131
0.257
0.296
0.339
0.249
0.311
0.829
0.262
0.251
0.394
0.221
0.129
0.352
0.286
0.358
0.322
0.586
0.246
0.968
0.39
0.106
0.11
1.156
0.244
0.354
0.736
0.759
0.249
0.112
0.605
0.926
0.213
0.173
0.194
0.311
0.494
0.191
0.103
0.211
0.202
0.121
0.294
0.195
0.214
0.302
0.224
0.24
0.154
0.358
0.71
0.266
0.216
0.267
0.271
0.321
0.754
0.552
0.215
0.143
0.821
0.32
0.644
0.371
0.264
0.264
0.287
0.214
0.051
0.236
0.202
0.615
0.183
0.759
0.145
0.198
0.125
0.071
0.263
0.358
0.112
0.184
0.204
0.096
0.452
0.247
0.248
0.044
0.27
0.201
0.207
0.388
0.948
0.323
0.36
0.249
-0.068
0.106
0.172
1.007
0.159
0.212
0.823
0.213
0.198
0.187
0.218
0.201
0.094
0.036
0.025
0.065
0.422
0.09
0.518
0.152
0.63
0.264
0.623
1.156
0.146
0.159
0.143
0.326
0.747
0.175
0.341
0.632
0.362
0.341
0.176
0.598
0.096
-0.049
0.062
0.23
0.091
0.163
0.326
0.244
0.275
0.16
0.588
0.142
0.402
0.134
0.351
0.151
1.075
0.098
0.086
1.02
0.155
0.487
0.193
0.152
0.058
0.135
0.338
0.313
0.151
0.162
1.018
0.48
0.791
0.852
0.181
0.316
0.192
0.176
1.024
0.164
0.244
0.877
0.31
0.858
0.125
0.452
0.177
0.002
0.021
0.331
0.519
-0.02
0.619
0.15
0.199
0.219
0.127
0.751
0.257
0.065
0.416
0.113
0.236
0.911
0.592
0.063
0.688
0.126
0.406
0.237
0.101
0.148
0.08
0.12
0.307
0.1
0.326
0.329
0.364
0.785
0.197
0.545
0.198
0.304
0.17
0.489
0.118
0.57
0.056
0.406
0.389
0.254
0.331
0.363
0.119
0.097
0.185
0.316
0.193
0.087
0.336
0.049
0.003
0.925
0.213
0.155
0.372
0.343
0.227
0.613
1.057
0.661
0.268
0.166
0.224
0.137
0.301
0.052
0.134
0.203
0.124
0.19
0.213
0.465
0.126
0.145
0.802
0.107
0.142
0.404
0.185
0.022
0.477
0.639
0.288
0.397
0.279
0.422
0.25
0.081
0.29
0.221
0.262
0.188
0.315
0.793
0.227
0.008
0.58
0.06
0.152
0.415
0.55
0.193
0.392
0.116
0.163
0.234
0.19
0.1
0.25
0.25
0.11
0.318
0.145
0.808
0.133
0.107
0.831
0.213
0.302
0.206
0.319
0.612
0.115
0.154
0.362
0.145
0.176
0.869
0.208
0.407
0.137
0.127
0.137
0.106
0.246
0.119
0.382
0.73
0.069
0.151
0.056
0.887
0.296
0.223
0.002
0.176
0.288
0.019
0.158
0.166
0.639
0.466
0.127
0.494
0.335
0.79
0.544
0.217
0.231
0.342
0.433
0.331
0.208
0.621
0.264
0.187
0.851
0.18
0.226
0.233
0.119
0.093
0.336
0.43
1.063
0.282
0.185
0.133
0.523
0.55
0.224
0.118
0.012
0.422
0.368
0.609
0.087
0.924
0.539
0.551
0.357
0.911
0.187
0.572
0.506
0.158
0.173
0.053
0.51
0.475
0.872
1.145
0.209
0.071
0.951
0.705
0.176
0.082
0.002
0.709
0.251
0.39
0.446
0.494
0.613
0.157
0.156
0.804
0.27
0.296
1.106
0.302
0.222
0.26
0.204
0.281
0.217
0.374
0.656
0.209
0.255
0.24
0.292
0.194
0.871
0.833
0.359
0.144
0.252
0.491
0.347
0.031
0.155
0.152
0.436
0.236
0.239
0.784
0.224
0.293
0.249
0.161
0.789
0.709
0.386
0.338
0.078
0.267
0.121
0.465
0.257
0.273
0.216
0.374
0.427
0.333
0.217
0.411
0.256
0.128
0.168
0.239
0.256
0.871
0.273
0.877
0.305
0.274
0.13
0.115
0.205
0.168
0.147
0.588
0.762
0.681
0.831
0.209
0.401
0.338
0.33
0.467
0.669
0.618
0.276
0.188
0.147
0.164
0.407
0.425
0.27
0.625
0.213
0.227
0.218
0.932
0.442
0.173
0.319
0.179
0.231
0.16
0.271
0.377
1.017
0.186
0.593
0.134
0.673
0.24
0.102
0.116
0.29
0.193
0.147
0.168
0.693
0.616
0.251
0.169
0.229
0.29
0.185
1.113
0.292
0.14
0.859
0.508
0.32
0.419
0.177
0.138
0.178
0.36
0.005
0.28
0.943
0.357
0.732
0.228
-0.089
0.569
0.098
0.629
0.038
0.745
0.217
0.083
0.341
0.199
0.202
0.055
0.822
0.647
0.164
0.152
0.436
0.223
0.545
0.361
0.931
0.211
0.179
0.104
0.094
0.145
0.231
0.066
0.803
0.096
0.978
0.23
0.198
0.692
0.183
0.553
0.305
0.808
0.253
0.735
0.672
0.353
0.272
0.275
0.982
0.33
0.636
0.23
0.525
0.3
0.087
0.05
0.709
0.508
0.213
0.277
0.079
0.281
0.173
0.093
0.208
0.192
0.099
0.351
0.23
0.277
0.308
0.688
0.125
1.125
0.315
0.588
0.182
0.287
0.648
0.669
0.13
0.178
0.972
0.214
0.214
0.282
0.121
0.094
0.555
0.572
0.383
0.28
0.444
0.645
0.594
0.127
0.142
0.32
0.125
0.183
0.449
0.133
0.224
0.447
0.222
0.136
0.166
0.744
0.23
0.457
0.561
-0.037
0.495
0.254
0.939
0.21
0.978
0.273
0.127
0.172
0.408
0.56
0.668
0.27
0.347
0.312
0.145
0.94
0.812
0.293
0.668
0.365
0.589
0.166
0.294
0.561
0.318
0.261
0.541
0.134
0.64
0.602
0.161
0.339
0.363
0.138
0.167
0.036
0.132
0.174
0.142
0.119
0.184
0.266
0.183
0.115
0.058
0.778
0.73
0.677
0.38
0.454
0.177
0.375
0.163
0.483
0.151
0.228
0.373
0.071
0.171
0.164
0.037
0.994
0.441
0.308
0.131
0.28
0.143
0.137
0.977
0.344
0.501
0.134
0.518
0.041
0.787
0.009
0.154
0.204
0.187
0.16
0.325
0.355
0.903
0.233
0.687
0.388
0.084
0.226
0.442
0.096
0.241
0.573
0.885
0.104
0.842
0.253
0.137
0.18
0.15
0.435
0.318
0.325
0.105
0.069
0.442
0.044
0.199
0.664
0.934
0.049
0.129
0.118
0.107
0.155
0.151
0.864
0.171
0.352
0.327
0.482
0.225
0.314
0.092
0.114
0.189
0.089
0.679
0.306
0.167
0.029
0.236
0.136
0.113
0.469
0.047
0.681
0.082
0.314
0.139
0.284
0.171
0.027
0.096
0.254
0.256
0.137
0.161
0.469
-0.005
0.8
0.196
0.562
0.31
0.947
0.667
0.214
0.063
0.334
0.307
0.272
0.513
0.246
0.177
0.276
0.862
0.542
0.825
0.391
0.556
0.561
0.321
0.161
0.207
0.186
0.203
0.088
0.13
0.943
0.126
0.118
0.138
0.768
0.873
0.29
0.885
0.669
0.089
0.096
0.258
1.083
0.246
0.943
0.197
0.301
0.215
0.054
0.445
0.271
0.115
0.399
0.365
0.581
0.71
0.125
0.175
0.369
0.124
0.348
0.381
0.301
0.13
0.981
0.049
0.292
0.131
0.665
0.175
0.289
1.009
0.109
0.161
0.234
0.195
0.131
0.496
0.051
0.369
0.257
0.117
0.528
0.736
0.437
0.061
0.644
1.104
0.342
0.576
0.182
0.373
0.109
0.131
0.148
0.358
0.004
0.483
0.965
0.395
0.136
0.154
0.313
0.148
0.08
0.356
0.434
0.172
0.272
0.16
0.577
0.771
0.681
0.295
0.228
0.848
0.496
0.479
0.232
0.15
0.105
0.18
0.692
0.01
0.08
0.155
0.31
0.172
0.151
0.305
0.117
0.394
0.266
0.266
0.037
0.814
0.193
0.201
0.426
0.169
0.313
0.117
0.203
0.849
0.22
0.122
0.564
0.468
0.358
0.122
0.9
0.246
0.132
0.202
0.031
0.293
0.689
0.221
0.07
0.145
0.432
0.315
0.272
0.843
0.283
0.699
0.449
0.119
0.636
0.679
0.13
0.599
0.056
0.085
0.24
0.141
0.144
0.231
0.2
-0.002
0.983
0.172
0.491
0.315
0.119
0.33
0.146
0.3
1.055
0.231
0.538
0.178
0.224
0.933
0.317
0.779
0.17
0.543
0.49
-0.017
0.289
0.787
0.161
0.405
1.017
0.252
0.094
0.321
0.805
0.161
0.297
-0.038
0.16
0.216
0.799
0.113
0.062
0.28
0.281
0.198
0.258
-0.011
1.063
0.348
0.238
0.324
0.161
0.28
0.206
0.942
0.098
0.092
0.086
0.368
0.378
0.82
0.917
0.512
0.23
0.781
0.54
0.181
0.191
0.376
0.156
0.108
0.19
0.117
0.2
0.18
0.208
0.225
0.233
0.217
0.36
0.818
0.032
1.058
0.204
1.161
0.193
0.339
0.33
0.512
0.074
0.663
0.19
0.059
0.24
0.229
0.377
0.107
0.124
0.26
0.827
0.209
0.4
0.175
0.115
0.94
0.01
1.011
0.121
0.206
-0.026
0.415
0.148
0.175
0.204
0.772
0.062
0.101
0.118
0.278
0.815
0.277
0.303
0.699
0.179
0.234
0.391
0.644
0.286
0.381
0.171
-0.033
0.737
0.196
0.163
0.963
0.235
0.093
0.157
0.181
-0.003
0.663
0.735
0.855
0.283
0.164
1.036
0.24
0.329
0.679
0.269
0.2
0.113
0.082
0.692
0.169
0.263
0.322
0.176
0.277
0.23
0.237
0.253
0.053
0.346
0.233
0.08
0.352
0.738
0.241
0.256
0.467
0.062
0.154
0.219
0.146
0.733
0.92
0.058
0.286
0.316
0.994
0.012
0.369
0.139
0.847
0.896
0.601
0.284
0.106
0.345
0.136
0.094
0.363
0.039
0.744
0.695
0.239
0.178
0.95
0.137
0.311
0.144
0.593
0.252
0.11
0.968
0.56
0.435
0.88
0.184
0.132
0.729
0.247
0.243
0.122
0.223
0.004
0.275
0.804
0.202
0.164
0.824
0.062
0.349
0.46
0.1
0.571
-0.001
0.108
0.323
0.231
0.37
0.206
0.251
0.081
0.608
0.084
0.333
0.073
0.203
0.424
0.215
0.392
0.084
0.267
0.409
0.361
0.082
0.277
0.48
0.024
0.243
1.0
0.022
0.611
0.604
0.443
0.174
0.411
0.392
0.456
0.16
0.145
0.335
0.162
0.479
0.102
0.911
0.1
0.064
0.574
0.108
0.515
1.0
0.591
0.125
0.112
0.481
0.575
0.271
0.199
0.45
0.417
0.395
0.232
0.258
0.301
0.09
0.743
0.143
0.055
0.413
0.878
0.177
0.571
0.241
0.333
0.37
0.251
0.492
0.128
0.374
0.217
0.621
0.576
0.289
0.895
0.189
0.613
0.255
0.633
0.221
0.284
0.076
0.157
0.697
0.26
0.217
1.011
0.622
0.681
0.252
0.08
0.139
0.343
0.328
0.509
0.167
0.093
0.32
0.063
0.679
-0.009
0.116
0.063
0.247
1.061
0.459
0.223
0.445
0.124
0.221
0.139
0.128
0.039
0.421
0.212
0.761
0.173
0.158
0.521
0.795
0.175
0.426
0.321
0.172
0.142
0.211
0.116
0.326
0.131
0.272
0.237
0.479
0.461
0.435
0.231
0.1
0.043
0.092
0.122
0.993
0.198
0.29
0.076
0.25
0.08
0.258
0.121
0.339
0.149
0.086
0.157
0.775
0.116
0.197
0.21
0.153
0.342
0.321
0.565
0.093
0.191
0.352
0.839
0.203
0.204
0.389
0.313
0.144
0.192
0.144
0.212
0.399
0.17
0.178
0.005
1.119
0.302
0.192
0.298
0.089
0.388
0.391
0.668
0.478
0.276
0.258
0.112
0.092
0.177
0.796
0.326
0.257
0.197
0.343
0.248
0.306
0.771
0.062
0.187
0.36
0.468
0.049
0.143
0.216
0.282
0.36
0.119
0.115
0.195
0.72
0.489
0.905
0.304
0.333
0.48
0.913
0.764
0.738
0.598
0.208
0.187
0.096
0.107
0.326
0.174
0.105
0.399
0.036
0.055
0.38
0.732
0.182
0.895
0.107
0.689
0.675
0.197
0.919
0.215
0.274
0.2
0.366
0.319
0.252
0.091
0.144
0.214
0.16
0.133
0.094
0.856
0.049
0.06
0.22
0.466
0.156
0.484
0.074
0.968
1.024
0.393
0.132
0.38
0.198
0.977
0.0
0.336
0.007
0.897
0.316
0.225
0.135
0.191
0.13
0.763
0.877
0.663
0.781
1.075
0.649
0.072
0.241
0.821
0.802
0.178
0.25
0.136
0.286
0.296
0.099
0.088
1.04
0.27
0.396
0.79
0.72
0.184
0.612
0.39
0.287
0.502
0.179
0.279
0.056
0.461
0.405
0.202
0.107
0.332
0.226
0.827
0.154
0.246
0.33
0.539
0.256
0.068
0.278
0.745
0.227
0.684
0.053
0.03
0.042
0.229
0.105
0.496
0.005
0.122
0.218
0.132
0.008
0.378
0.796
0.263
0.164
-0.033
0.328
0.173
0.133
0.749
0.073
0.174
0.167
0.112
0.388
0.701
0.097
0.161
0.336
0.001
1.019
0.583
0.326
0.551
0.222
0.08
0.116
0.249
0.196
0.099
0.408
0.299
0.215
1.032
0.148
0.309
0.136
1.089
0.735
0.319
0.548
0.503
0.204
0.205
0.62
0.122
0.075
0.188
0.179
0.117
0.984
0.176
0.16
0.4
0.701
0.941
0.212
0.343
0.136
0.111
0.676
0.178
0.14
0.198
0.244
0.143
0.185
0.132
0.247
0.555
0.207
0.241
0.247
0.072
0.164
0.17
0.823
0.815
0.259
0.752
0.134
0.284
0.714
0.017
0.643
0.23
0.305
0.003
0.6
0.217
0.404
0.038
0.198
0.36
0.263
0.299
0.326
0.154
0.181
0.368
0.236
0.601
-0.027
0.863
0.161
0.178
0.186
0.301
0.289
0.797
0.305
0.119
0.653
0.298
0.797
0.388
0.502
0.915
0.625
0.576
0.044
0.241
0.296
0.624
0.433
0.236
0.177
0.71
0.521
0.102
0.283
0.51
0.334
0.166
0.951
0.443
0.265
0.168
0.968
0.156
0.317
0.325
0.88
0.151
0.314
0.286
0.875
0.398
0.408
0.54
0.33
0.429
0.341
0.08
0.18
0.266
0.422
0.196
0.143
0.366
0.805
0.375
0.356
0.198
0.677
1.051
0.692
0.211
0.237
0.219
-0.046
0.716
1.043
0.034
0.315
0.187
0.127
0.099
0.676
0.004
0.201
0.396
0.222
1.11
0.26
0.519
0.277
0.122
0.073
0.291
0.143
0.145
0.123
0.343
0.58
0.474
0.297
0.091
0.816
0.326
0.346
0.161
0.344
0.016
0.123
0.328
0.424
0.222
1.104
0.206
0.318
0.236
0.142
0.217
0.592
0.051
0.298
0.141
0.791
0.594
0.305
0.234
0.739
0.205
0.268
0.348
0.177
0.432
0.316
0.085
0.219
0.069
0.552
0.377
0.324
0.645
1.121
0.638
0.242
0.191
0.11
0.142
0.463
0.117
0.126
0.175
0.329
0.179
0.346
0.147
0.874
0.172
0.48
0.208
0.667
0.11
0.382
0.17
0.165
0.073
0.119
0.195
0.923
0.311
0.251
-0.008
0.271
0.089
0.035
0.716
0.676
0.17
0.439
0.358
0.82
0.036
0.989
0.139
0.304
0.278
1.068
0.643
1.02
0.196
0.377
0.188
0.114
0.063
0.451
0.143
0.362
0.132
0.293
0.52
0.072
-0.033
1.07
0.272
0.217
0.756
0.784
0.008
0.473
0.214
0.076
0.547
0.336
0.18
0.8
0.124
1.077
0.237
0.2
0.209
0.177
-0.031
0.378
0.091
0.061
0.141
-0.01
0.407
0.461
0.489
0.213
0.118
0.391
0.869
0.121
0.691
0.111
0.446
0.152
0.149
0.184
0.252
0.347
0.109
0.293
0.517
0.822
0.212
0.273
0.911
0.202
0.006
0.536
0.573
0.346
0.082
0.592
0.376
0.12
0.176
0.271
0.24
0.334
0.641
0.113
0.669
0.182
1.076
0.923
0.288
0.611
0.115
0.283
0.192
0.029
0.087
0.039
0.19
-0.008
0.845
1.005
0.505
0.161
0.145
0.397
0.394
0.062
0.3
0.297
0.424
0.196
0.197
0.796
0.553
0.976
0.396
0.124
0.442
0.082
0.018
0.068
0.135
0.22
0.928
0.306
0.183
0.667
0.353
0.121
0.22
0.117
0.543
0.353
0.869
0.164
0.459
0.087
0.614
0.133
0.256
0.287
0.168
0.175
0.579
0.271
0.371
0.354
0.752
0.011
0.385
0.825
0.33
0.807
0.059
0.246
0.482
0.165
0.16
0.219
0.277
0.319
0.275
0.198
0.227
0.188
0.131
0.839
0.318
0.377
0.24
0.332
0.974
0.099
0.087
0.169
0.831
0.282
0.162
0.183
0.099
0.283
0.733
0.296
0.122
0.253
0.043
0.167
0.187
0.272
0.064
0.152
0.618
0.155
0.161
0.501
0.764
0.117
0.426
0.304
0.299
0.331
0.341
0.112
0.846
0.284
0.147
0.319
0.174
0.121
0.293
0.146
0.589
0.198
0.206
0.426
0.576
0.291
0.297
0.892
-0.046
-0.003
1.173
0.466
0.381
0.546
0.133
0.617
0.234
-0.053
0.211
0.171
0.245
0.861
0.114
0.005
0.504
0.117
0.844
0.2
0.806
0.367
0.132
0.325
0.23
0.263
0.258
0.076
0.495
0.077
0.082
0.295
0.206
0.54
0.86
0.343
0.193
0.199
0.121
0.265
0.672
0.743
0.127
0.331
0.33
0.181
0.012
0.433
0.523
0.15
0.328
0.897
0.257
0.223
0.261
0.096
0.217
0.663
0.138
0.119
0.354
0.139
0.26
0.275
0.16
0.053
0.193
0.624
0.109
0.826
0.491
0.169
0.115
0.152
0.282
0.041
0.38
0.042
0.829
0.089
0.706
0.154
0.838
0.154
0.058
0.104
0.107
0.108
0.138
0.105
0.333
0.829
0.37
0.316
0.521
0.053
0.136
0.082
0.974
-0.044
0.407
0.803
0.902
0.229
0.274
0.57
0.185
0.247
1.021
0.469
0.144
0.484
0.324
0.852
0.782
0.244
0.624
0.112
0.106
0.575
0.127
0.191
0.353
0.246
0.159
0.344
0.204
0.907
0.232
0.754
0.317
0.095
0.306
0.165
0.418
0.101
-0.015
0.062
0.217
0.305
0.69
0.734
0.064
0.564
0.3
0.577
0.221
0.157
0.331
0.843
0.204
0.114
0.437
0.425
1.033
0.426
0.068
0.503
0.132
0.935
0.269
0.556
0.454
0.462
0.215
-0.02
0.1
0.166
0.826
0.108
0.088
0.131
0.081
0.825
0.201
0.281
0.083
0.6
0.888
0.8
0.184
0.312
0.925
0.961
0.217
0.269
0.131
0.892
0.696
0.291
0.863
0.182
0.045
0.922
0.069
0.48
0.488
0.423
0.693
0.235
0.061
0.78
0.141
0.197
0.189
0.665
-0.005
0.241
0.713
0.303
0.219
0.738
0.211
0.18
0.171
0.894
-0.039
0.195
0.002
0.317
0.013
0.363
0.143
0.296
0.658
0.381
0.126
0.181
0.429
0.814
0.102
0.206
0.156
0.971
-0.007
0.458
0.213
0.226
0.024
0.078
0.612
0.18
0.141
0.275
0.379
0.046
0.031
0.166
0.409
0.175
0.245
0.178
0.205
0.252
0.166
0.145
0.132
0.084
0.297
0.237
0.341
0.128
0.261
0.201
0.943
0.459
0.215
0.775
0.428
0.577
0.666
0.218
0.062
0.327
0.763
0.89
0.466
0.117
0.254
0.149
0.312
0.069
0.209
0.216
0.164
0.149
0.152
0.144
0.254
0.723
0.148
0.073
0.288
0.258
0.279
0.424
0.193
0.282
0.593
0.343
0.128
0.185
0.374
0.284
0.37
0.166
0.398
0.395
0.156
0.169
0.414
0.448
0.492
0.181
0.12
0.202
0.732
0.424
0.139
0.397
0.237
0.128
0.197
0.899
0.832
0.169
0.193
0.425
0.511
0.405
0.506
0.308
0.308
0.101
0.224
0.228
0.069
0.158
0.096
0.918
0.451
0.165
0.336
0.168
0.235
0.135
0.459
0.158
0.119
0.08
0.369
0.266
0.067
0.032
0.089
0.316
0.309
0.22
0.113
0.807
0.163
0.592
0.038
0.056
0.413
0.202
0.076
0.511
0.881
0.868
0.148
0.613
0.189
0.827
0.3
0.85
1.008
0.112
0.978
0.013
0.303
0.465
0.206
0.296
0.154
0.814
1.103
0.285
0.633
0.43
0.392
0.142
0.184
0.578
0.337
0.209
0.702
0.252
0.376
0.281
0.213
0.296
-0.076
0.185
0.166
0.215
0.206
0.436
0.273
0.548
0.193
0.209
0.24
0.354
0.219
0.536
0.185
0.46
0.245
0.423
0.187
0.087
1.059
0.381
0.077
0.795
0.472
0.145
0.567
0.21
0.122
0.53
0.193
0.225
0.179
0.216
0.18
0.279
0.369
0.32
0.515
0.189
0.181
0.014
0.166
0.19
0.193
0.319
1.105
0.129
0.16
0.579
0.175
0.217
0.2
0.043
0.243
0.229
0.097
0.205
0.108
0.465
0.238
0.474
0.246
0.573
0.795
0.163
0.244
0.65
0.172
0.64
0.92
0.401
0.381
0.171
0.472
0.2
0.628
0.166
0.183
0.163
0.775
1.03
0.26
0.218
0.005
0.23
0.227
0.062
0.077
0.98
0.313
0.604
0.24
0.464
0.127
0.862
0.852
0.173
0.143
0.426
0.22
0.699
0.393
0.989
0.245
0.205
0.042
0.194
0.064
0.198
0.141
0.294
0.141
0.203
0.106
0.069
0.242
0.233
0.307
0.44
0.293
0.6
0.159
0.373
0.288
0.163
0.963
0.5
0.079
0.241
0.139
0.678
0.666
0.152
0.186
0.129
0.208
0.17
0.382
0.075
0.133
0.208
0.089
0.826
0.218
0.195
0.19
0.044
0.308
0.257
0.238
0.216
0.444
0.362
0.582
0.743
0.088
0.335
0.191
0.088
0.831
0.11
0.282
0.468
0.204
0.789
0.076
0.237
0.226
0.157
1.132
0.598
0.174
0.102
0.144
0.52
0.086
0.231
0.06
0.176
0.042
0.142
0.939
0.785
0.292
0.432
0.364
0.681
0.023
0.232
0.152
0.226
0.906
0.215
0.137
0.27
0.063
0.152
0.005
0.84
0.123
0.161
0.118
0.301
0.09
0.136
0.103
0.228
0.123
0.512
0.669
0.118
0.1
0.028
0.246
0.898
0.193
0.016
0.685
0.563
0.24
0.838
0.292
0.138
0.357
0.215
0.865
0.638
1.14
0.159
0.267
0.255
0.578
0.286
0.216
0.422
0.144
0.965
0.17
0.099
0.414
0.511
0.222
0.16
0.41
0.25
-0.005
0.295
0.243
-0.009
0.371
0.285
0.306
0.297
0.261
0.207
0.277
0.207
0.343
0.302
0.209
0.178
0.786
0.357
0.183
0.193
0.46
0.144
0.849
0.149
0.983
0.249
0.088
-0.025
0.16
1.046
0.405
0.158
0.354
0.262
1.031
0.196
0.952
0.807
0.88
0.361
0.512
0.353
0.012

