-0.026
0.018
-0.035
0.044
-0.011
-0.021
-0.01
0.013
-0.067
0.028
0.008
-0.088
0.057
-0.072
-0.043
-0.006
-0.033
-0.112
-0.104
0.012
0.038
-0.018
-0.022
-0.055
-0.056
-0.068
0.033
-0.026
0.009
0.049
-0.012
0.07
0.023
-0.011
-0.004
-0.047
-0.039
0.004
-0.116
-0.041
-0.026
-0.018
-0.1
-0.058
-0.02
0.012
0.028
-0.028
-0.106
-0.037
-0.003
0.046
-0.102
-0.046
-0.026
0.041
0.011
-0.001
-0.039
-0.057
0.091
0.031
-0.014
-0.049
-0.041
0.033
-0.091
0.03
-0.035
-0.055
-0.036
-0.078
0.013
-0.034
-0.052
-0.018
0.0
-0.027
-0.059
-0.017
0.027
0.014
-0.078
-0.028
-0.036
-0.028
-0.046
-0.013
-0.082
-0.103
-0.036
-0.004
-0.087
-0.036
-0.042
-0.014
-0.044
-0.025
-0.109
-0.042
-0.056
-0.134
-0.028
-0.001
0.012
-0.01
-0.03
-0.034
-0.025
-0.045
-0.029
-0.002
-0.015
-0.01
-0.001
-0.036
-0.069
-0.032
0.047
-0.031
-0.076
-0.025
-0.018
-0.023
0.055
-0.084
-0.022
-0.043
-0.028
-0.048
0.002
-0.044
-0.063
-0.113
-0.091
-0.08
-0.033
0.013
-0.048
-0.056
-0.079
-0.05
0.013
-0.08
-0.055
0.057
-0.017
-0.035
-0.026
-0.024
-0.054
-0.049
-0.066
-0.128
-0.062
0.008
-0.036
-0.045
0.014
-0.109
-0.053
0.014
0.052
-0.047
0.01
0.012
-0.053
0.011
-0.011
-0.029
-0.025
-0.079
0.02
0.007
0.005
-0.063
0.005
-0.011
0.025
-0.015
0.029
-0.032
0.021
-0.016
-0.066
-0.048
-0.057
-0.043
-0.001
-0.096
0.001
-0.093
-0.061
0.023
-0.015
-0.046
-0.034
0.036
0.033
-0.064
0.014
0.024
-0.067
-0.035
-0.068
-0.046
0.019
-0.146
-0.087
-0.004
-0.023
0.0
-0.036
0.0
-0.016
-0.051
0.072
0.0
-0.003
-0.064
0.015
0.015
-0.032
-0.055
0.014
0.027
-0.081
-0.051
-0.095
-0.042
0.005
-0.047
-0.063
-0.019
-0.026
0.001
-0.084
0.023
-0.03
-0.072
-0.008
-0.1
-0.013
-0.042
-0.066
-0.089
0.06
0.07
-0.057
-0.057
0.03
-0.027
0.004
0.051
0.011
-0.073
0.023
-0.037
-0.025
-0.026
0.01
-0.014
0.015
-0.031
-0.026
-0.068
-0.063
0.01
-0.009
-0.105
-0.045
-0.066
0.07
-0.073
-0.08
-0.036
-0.003
-0.065
-0.008
-0.011
-0.033
0.025
0.038
0.059
0.054
-0.082
-0.029
0.008
-0.037
-0.018
-0.078
-0.047
-0.058
-0.036
-0.112
-0.009
-0.027
-0.173
-0.099
-0.016
0.02
-0.039
0.017
0.013
0.023
-0.021
0.012
0.019
-0.008
0.05
-0.026
-0.096
-0.071
-0.016
-0.048
-0.081
-0.025
-0.061
-0.079
-0.073
-0.084
0.032
-0.008
-0.089
-0.053
-0.026
-0.006
-0.003
0.034
-0.065
-0.01
-0.067
0.013
-0.04
0.006
-0.004
-0.007
-0.079
0.047
-0.011
0.006
-0.041
0.037
-0.07
-0.065
-0.053
-0.022
-0.041
0.019
-0.049
-0.065
-0.099
-0.023
0.039
0.048
-0.01
-0.029
0.008
0.012
-0.024
0.013
-0.019
-0.027
-0.059
-0.018
0.015
-0.002
-0.016
-0.018
-0.051
0.002
-0.061
-0.018
0.004
-0.039
-0.097
-0.086
-0.043
-0.063
0.045
-0.054
-0.004
-0.028
-0.022
-0.067
-0.038
-0.024
-0.008
-0.02
0.05
-0.013
-0.034
-0.022
0.02
-0.075
-0.016
-0.035
0.017
-0.067
-0.075
0.02
-0.068
-0.033
-0.059
-0.013
0.01
-0.005
-0.049
-0.009
-0.027
-0.023
0.051
-0.061
-0.076
0.032
-0.055
0.039
-0.053
-0.021
0.006
-0.048
-0.064
-0.061
-0.089
0.052
-0.072
0.001
0.044
-0.06
0.024
0.003
-0.094
-0.119
0.019
-0.03
-0.08
0.016
-0.023
0.04
-0.016
0.057
0.014
-0.07
-0.009
-0.041
-0.108
0.016
-0.041
0.02
-0.012
-0.006
-0.004
-0.018
-0.065
-0.067
-0.022
0.014
-0.011
0.062
-0.076
0.004
-0.034
-0.032
-0.016
0.02
-0.039
-0.035
-0.054
0.044
-0.08
-0.007
-0.037
0.003
-0.009
-0.032
-0.021
0.018
-0.074
-0.025
0.027
-0.109
-0.037
-0.053
-0.052
-0.03
-0.038
0.061
-0.017
-0.038
0.005
-0.044
-0.032
-0.072
-0.004
-0.014
-0.09
-0.017
-0.04
-0.002
-0.055
-0.02
-0.065
-0.067
-0.014
0.015
-0.041
-0.072
-0.006
-0.066
-0.048
-0.043
0.031
0.021
-0.103
-0.065
-0.047
-0.026
-0.025
-0.009
-0.061
-0.052
0.024
-0.021
-0.041
-0.001
0.013
-0.003
0.001
-0.136
0.037
-0.04
-0.122
-0.036
-0.049
-0.008
-0.038
-0.012
-0.046
-0.039
0.007
-0.01
-0.071
-0.076
-0.058
-0.023
0.035
-0.008
-0.011
0.054
-0.02
0.016
0.013
0.027
-0.047
-0.145
-0.069
-0.105
0.009
0.033
-0.012
-0.058
0.028
-0.038
-0.013
-0.011
-0.055
-0.071
-0.039
-0.002
-0.021
-0.04
-0.003
-0.079
-0.023
0.012
-0.064
0.001
-0.068
-0.014
-0.039
-0.054
0.019
0.019
-0.037
-0.063
0.049
-0.017
-0.043
-0.047
-0.059
-0.014
-0.092
0.009
0.05
-0.041
-0.032
0.01
-0.023
-0.055
-0.11
0.058
-0.089
-0.051
-0.042
-0.043
-0.001
-0.06
-0.087
-0.04
-0.112
-0.056
-0.15
-0.015
-0.093
-0.038
-0.031
-0.027
0.016
-0.046
-0.057
-0.06
-0.046
-0.069
0.009
0.003
-0.031
-0.034
0.045
-0.086
-0.003
0.028
0.001
0.013
-0.004
-0.031
-0.003
-0.055
0.022
0.072
-0.056
-0.003
-0.096
-0.041
0.007
-0.028
-0.036
-0.056
0.0
-0.038
-0.116
-0.052
-0.022
0.006
-0.037
-0.032
0.028
-0.027
-0.076
-0.007
-0.028
0.014
-0.061
-0.042
-0.024
-0.029
-0.083
-0.055
0.033
0.0
-0.073
-0.038
-0.046
0.001
-0.021
-0.076
-0.072
0.01
-0.03
-0.077
-0.006
-0.107
-0.099
-0.004
0.015
-0.049
-0.128
0.02
-0.017
-0.097
-0.019
-0.041
0.007
-0.032
-0.053
0.007
-0.064
-0.023
-0.036
-0.013
-0.018
-0.009
-0.016
-0.068
-0.023
-0.094
-0.014
-0.081
0.068
0.073
-0.05
-0.043
-0.048
0.009
0.053
-0.035
-0.078
-0.044
0.009
0.008
0.021
-0.101
-0.008
-0.079
-0.083
-0.044
0.007
-0.037
-0.018
-0.046
-0.097
-0.093
-0.02
-0.056
-0.04
0.016
-0.012
-0.038
0.013
-0.025
-0.023
-0.014
-0.043
-0.059
-0.019
-0.066
-0.007
-0.045
0.011
0.019
-0.003
0.067
-0.063
-0.022
-0.005
-0.003
-0.049
-0.06
-0.02
0.042
0.019
-0.017
-0.005
0.017
-0.062
-0.07
-0.038
-0.028
-0.028
-0.097
-0.036
-0.088
-0.066
-0.025
-0.05
-0.037
-0.052
-0.052
-0.038
-0.052
-0.049
0.007
-0.069
-0.074
-0.058
-0.034
-0.011
-0.066
0.03
-0.117
0.059
-0.026
-0.073
-0.056
-0.059
-0.04
-0.036
-0.027
-0.073
0.005
0.041
-0.043
0.06
-0.048
0.022
-0.045
0.013
-0.03
-0.039
-0.079
-0.097
-0.025
0.007
0.004
-0.057
-0.016
-0.021
-0.033
-0.076
-0.023
0.032
0.007
-0.005
0.065
-0.069
-0.01
0.004
-0.08
0.035
0.019
-0.015
0.022
-0.048
-0.012
-0.083
-0.024
-0.034
-0.097
0.011
-0.113
-0.042
0.016
-0.085
0.029
-0.034
-0.066
0.006
-0.046
-0.135
-0.049
-0.029
-0.019
-0.056
-0.032
-0.022
-0.011
0.006
0.001
-0.055
-0.03
-0.011
-0.041
-0.025
-0.029
-0.042
-0.105
-0.036
0.002
0.005
-0.01
-0.065
-0.041
0.02
-0.063
0.041
-0.028
0.011
-0.066
0.029
0.003
-0.03
-0.026
-0.027
-0.102
-0.038
-0.07
-0.003
-0.057
-0.061
-0.054
-0.046
0.066
-0.02
0.005
-0.067
0.005
0.029
0.0
0.075
0.005
-0.045
0.029
-0.024
-0.069
-0.02
-0.069
0.031
-0.065
-0.048
-0.082
-0.019
-0.094
-0.029
0.043
0.025
0.017
-0.032
-0.02
-0.018
0.05
0.042
-0.035
-0.054
-0.004
-0.029
-0.099
-0.028
-0.064
-0.073
0.028
0.028
-0.042
-0.028
0.037
-0.013
-0.097
-0.017
0.006
-0.102
-0.044
0.028
-0.026
-0.029
0.006
-0.022
-0.018
-0.11
-0.011
0.041
-0.085
-0.014
-0.052
0.001
0.074
-0.064
-0.011
-0.085
-0.036
-0.048
-0.025
-0.029
-0.055
-0.075
0.01
-0.088
0.011
0.051
0.019
-0.039
-0.014
-0.055
-0.002
0.005
-0.099
-0.021
-0.053
-0.005
-0.101
-0.024
0.033
-0.036
-0.022
-0.032
-0.105
-0.014
-0.02
-0.048
0.01
-0.062
-0.091
0.007
0.008
0.009
0.0
-0.011
-0.047
-0.05
0.052
0.019
0.029
0.07
-0.011
-0.021
-0.072
-0.087
0.035
-0.043
0.046
0.014
-0.028
-0.051
-0.052
-0.013
-0.049
0.021
-0.052
-0.025
0.026
0.004
-0.051
-0.008
-0.048
-0.012
0.045
-0.015
-0.089
0.019
-0.04
0.063
-0.058
-0.017
0.028
-0.008
-0.048
-0.021
-0.026
0.039
0.009
-0.035
0.062
-0.046
-0.049
-0.135
-0.036
-0.01
-0.003
-0.007
-0.034
0.026
-0.044
-0.067
0.032
-0.021
0.063
0.041
0.065
-0.068
-0.053
0.038
0.021
0.0
-0.003
0.069
-0.123
0.088
-0.068
-0.095
-0.031
-0.013
-0.03
-0.047
-0.064
0.041
-0.001
-0.032
-0.041
-0.036
-0.051
-0.012
-0.056
-0.025
0.009
-0.017
-0.046
-0.036
-0.057
-0.096
-0.061
-0.006
-0.084
-0.034
-0.053
-0.002
-0.066
-0.053
-0.027
-0.053
0.012
-0.039
-0.06
-0.006
0.016
0.001
-0.021
-0.063
-0.035
-0.019
-0.004
0.042
-0.031
-0.05
-0.068
0.015
-0.04
-0.015
0.016
0.052
-0.003
-0.066
-0.045
-0.018
-0.077
-0.039
0.009
-0.065
-0.028
-0.057
-0.065
-0.044
0.039
-0.076
-0.093
-0.08
-0.081
-0.039
0.014
-0.036
0.026
0.023
-0.007
0.063
-0.057
0.038
0.038
-0.006
-0.029
0.018
0.01
0.009
0.001
0.031
-0.009
0.054
0.007
0.02
-0.02
-0.022
0.009
-0.002
-0.049
-0.079
0.006
-0.008
-0.024
0.008
0.006
-0.027
-0.044
-0.043
0.02
-0.04
0.047
-0.074
0.024
-0.032
0.034
-0.017
-0.093
-0.004
-0.017
0.008
-0.06
-0.019
0.084
-0.021
-0.007
0.029
-0.072
-0.013
0.014
-0.055
-0.029
-0.066
-0.034
-0.111
-0.056
-0.076
-0.099
-0.029
-0.039
-0.03
-0.026
-0.016
0.002
-0.02
-0.014
-0.001
-0.124
-0.03
-0.014
0.029
0.013
0.037
0.056
-0.012
-0.044
-0.021
-0.048
0.048
0.019
-0.028
0.045
0.03
-0.098
-0.085
-0.005
-0.021
-0.04
-0.052
-0.01
0.054
-0.011
-0.131
0.04
-0.018
-0.023
-0.033
-0.051
0.018
0.033
0.044
-0.083
-0.064
0.034
-0.041
-0.099
-0.01
0.015
-0.005
-0.042
0.031
0.039
-0.096
-0.075
-0.178
-0.089
0.004
-0.007
0.006
-0.03
-0.05
0.04
-0.024
-0.03
-0.07
0.002
-0.015
0.011
-0.012
0.004
-0.121
-0.034
0.022
0.01
-0.159
-0.012
-0.132
-0.067
-0.053
0.001
-0.077
-0.049
-0.065
0.007
0.0
-0.004
-0.029
0.026
-0.072
-0.026
-0.042
-0.077
-0.062
-0.05
-0.025
-0.047
0.05
0.023
-0.083
0.019
-0.026
-0.041
-0.048
-0.123
-0.067
-0.029
-0.046
-0.047
-0.032
-0.036
-0.054
-0.005
0.024
-0.09
-0.043
-0.024
-0.018
0.023
-0.004
-0.099
0.027
-0.061
-0.03
-0.026
0.008
-0.008
0.002
0.015
0.001
-0.045
-0.044
0.04
0.048
-0.017
-0.086
-0.052
-0.031
-0.048
-0.018
0.033
0.02
-0.022
-0.08
-0.006
-0.038
0.008
-0.012
0.005
-0.031
0.044
0.027
-0.024
-0.024
-0.051
0.013
-0.059
-0.013
-0.028
-0.035
-0.021
-0.001
-0.057
0.125
-0.045
0.011
0.021
-0.072
-0.092
-0.067
0.096
-0.076
-0.046
-0.059
-0.038
-0.001
0.001
0.019
-0.03
0.041
-0.038
-0.032
-0.063
-0.081
-0.004
-0.012
-0.018
-0.045
0.021
0.012
-0.005
0.045
0.0
0.057
-0.002
-0.052
-0.069
0.01
0.03
0.023
-0.041
-0.016
-0.125
-0.027
-0.029
-0.021
-0.046
-0.085
-0.075
-0.003
0.006
0.022
-0.003
0.04
0.021
-0.058
0.023
0.01
0.007
-0.054
-0.03
-0.094
-0.116
0.019
-0.104
0.002
0.004
-0.087
0.049
-0.002
0.004
-0.048
-0.021
0.071
-0.053
-0.075
-0.036
-0.071
0.018
-0.037
0.026
-0.101
-0.12
-0.034
-0.066
0.023
-0.041
-0.055
0.067
-0.035
-0.086
0.017
-0.073
-0.032
-0.086
0.011
-0.05
0.027
-0.046
-0.067
0.004
-0.048
-0.103
0.067
-0.121
-0.008
-0.053
0.017
-0.035
-0.1
-0.069
0.041
-0.03
-0.01
-0.016
0.01
-0.002
0.016
-0.03
-0.047
-0.026
0.037
-0.042
0.077
0.004
0.029
-0.003
-0.044
-0.045
-0.009
-0.072
-0.121
-0.015
0.001
0.024
-0.068
0.026
-0.013
-0.047
-0.096
-0.031
-0.028
-0.05
-0.077
0.044
-0.092
-0.008
0.038
-0.062
0.068
0.027
-0.088
-0.02
0.007
-0.053
-0.009
-0.041
-0.039
0.046
-0.075
-0.064
-0.06
-0.035
0.068
-0.03
-0.025
0.022
-0.039
0.022
-0.039
-0.03
-0.043
0.023
-0.01
0.059
-0.07
0.007
-0.04
0.001
-0.045
-0.082
0.024
0.06
-0.045
-0.014
0.013
-0.041
-0.074
-0.074
-0.107
-0.006
-0.023
-0.089
-0.05
0.048
-0.073
0.014
-0.061
-0.041
-0.003
-0.038
-0.055
0.063
-0.04
-0.022
-0.082
0.002
-0.025
-0.032
0.038
-0.13
-0.019
-0.052
-0.005
-0.01
0.046
-0.133
-0.054
-0.04
-0.039
-0.088
-0.087
0.092
-0.108
-0.033
-0.094
-0.001
0.005
-0.007
-0.026
-0.092
0.009
-0.021
-0.028
-0.075
-0.038
-0.006
0.087
0.041
0.015
-0.028
-0.051
-0.057
0.004
-0.009
-0.053
-0.038
-0.026
0.062
0.032
-0.036
-0.025
-0.14
-0.006
-0.029
0.023
0.033
-0.055
-0.004
-0.052
-0.06
0.026
-0.039
-0.04
-0.02
0.005
0.045
0.022
-0.014
-0.028
0.0
-0.044
0.0
0.035
-0.042
-0.061
-0.046
-0.009
0.057
-0.053
-0.088
-0.01
-0.056
-0.061
-0.059
-0.012
-0.001
0.046
0.012
-0.007
-0.042
-0.02
-0.051
-0.005
-0.018
0.004
0.037
-0.138
-0.003
-0.039
-0.034
-0.066
-0.024
0.026
-0.034
0.037
-0.045
-0.036
0.015
-0.026
-0.013
0.021
-0.045
-0.059
-0.053
-0.069
-0.049
-0.031
0.013
-0.033
-0.013
0.003
0.013
-0.067
-0.023
-0.046
0.004
-0.072
-0.009
-0.051
-0.011
-0.011
0.049
0.0
-0.033
-0.06
-0.035
0.014
0.007
0.05
-0.053
-0.02
-0.058
-0.028
-0.028
-0.041
-0.122
-0.094
-0.039
0.002
-0.015
-0.003
-0.027
-0.043
-0.05
-0.074
-0.053
-0.095
0.122
-0.065
-0.065
-0.068
0.015
-0.052
-0.059
-0.026
0.097
-0.061
-0.008
-0.078
-0.054
-0.005
-0.064
-0.049
-0.014
0.011
-0.001
-0.028
-0.026
-0.037
-0.038
0.047
-0.032
-0.055
0.004
-0.04
-0.064
0.017
-0.025
-0.048
0.003
0.026
0.0
0.051
0.003
0.068
0.011
0.016
-0.044
0.054
0.017
-0.07
-0.103
0.078
-0.04
-0.049
-0.01
-0.128
-0.02
-0.014
0.003
-0.071
-0.041
-0.014
-0.018
-0.092
0.008
-0.032
-0.047
-0.111
-0.03
-0.04
-0.033
-0.088
0.039
-0.039
-0.041
0.024
-0.099
-0.042
-0.08
-0.008
0.009
-0.072
-0.071
-0.005
-0.03
-0.03
-0.08
-0.007
-0.021
0.0
-0.045
0.008
0.043
-0.081
-0.023
0.041
-0.033
-0.007
0.02
-0.061
0.044
-0.006
0.01
-0.037
0.042
0.03
-0.081
-0.006
-0.041
-0.031
-0.012
-0.074
0.001
-0.015
-0.003
-0.047
-0.03
-0.063
-0.083
-0.019
0.002
0.016
-0.117
0.062
-0.028
-0.042
-0.042
-0.024
-0.056
-0.037
0.027
-0.06
-0.047
-0.062
-0.046
0.075
-0.009
0.061
-0.044
-0.004
-0.045
-0.119
0.048
0.019
0.015
-0.001
-0.033
-0.056
-0.069
-0.049
0.033
-0.106
-0.019
0.004
0.009
-0.069
-0.038
-0.024
0.001
-0.049
-0.003
-0.018
-0.053
-0.097
-0.095
-0.075
-0.117
-0.042
-0.064
-0.048
-0.086
-0.035
-0.055
-0.064
-0.08
0.025
0.044
-0.045
0.041
-0.066
-0.024
-0.066
-0.022
0.055
-0.059
0.02
0.022
-0.012
0.003
0.023
0.048
-0.103
0.029
-0.079
-0.024
-0.035
0.027
-0.089
-0.044
0.067
-0.033
-0.053
-0.074
-0.034
0.038
-0.013
0.006
0.047
0.036
0.032
-0.049
-0.043
-0.031
-0.119
-0.03
0.077
-0.023
-0.014
0.031
-0.034
-0.122
-0.039
-0.047
-0.044
0.066
-0.037
-0.049
0.007
-0.041
-0.058
0.062
-0.103
-0.1
-0.022
0.019
-0.046
-0.002
-0.06
0.05
-0.069
-0.109
0.01
-0.055
-0.003
0.057
0.007
-0.051
-0.054
0.025
-0.15
-0.059
0.022
-0.056
-0.009
-0.003
-0.002
0.003
0.032
-0.041
-0.001
0.046
-0.034
-0.078
-0.048
-0.052
-0.053
0.016
-0.044
0.013
-0.078
0.05
-0.007
-0.016
-0.065
-0.018
-0.061
-0.055
-0.073
-0.018
-0.039
0.03
-0.067
0.001
-0.093
-0.032
-0.057
-0.012
-0.021
-0.076
0.038
-0.01
-0.056
-0.038
-0.032
-0.058
-0.043
-0.06
-0.047
-0.054
0.0
0.006
-0.074
-0.102
-0.041
0.004
-0.039
-0.029
-0.06
-0.042
-0.053
0.003
-0.045
-0.096
-0.061
-0.014
-0.058
0.05
-0.014
-0.044
-0.018
0.041
0.03
-0.027
0.02
0.012
-0.028
-0.079
0.069
-0.004
-0.03
-0.088
0.043
0.013
0.01
-0.047
-0.024
-0.023
-0.093
0.006
-0.173
-0.024
0.042
-0.047
-0.027
-0.024
0.013
-0.023
0.052
0.001
0.056
-0.039
0.045
-0.015
0.009
0.022
-0.012
0.032
-0.067
-0.066
0.04
0.006
-0.041
-0.092
-0.037
-0.096
-0.003
-0.011
0.033
-0.018
0.004
-0.01
-0.034
-0.062
-0.073
-0.049
-0.033
-0.032
0.083
-0.091
-0.04
-0.054
-0.011
-0.066
-0.065
-0.045
-0.04
0.069
0.057
-0.063
-0.079
0.012
-0.051
-0.063
0.078
-0.022
0.033
-0.017
0.023
-0.059
-0.031
0.046
-0.069
-0.057
-0.008
0.023
-0.024
-0.041
-0.085
-0.082
-0.031
0.032
0.014
-0.008
-0.053
-0.011
-0.009
0.016
-0.004
-0.023
0.005
0.026
-0.044
-0.04
0.04
-0.062
-0.076
0.022
-0.012
-0.083
-0.038
-0.031
-0.094
-0.045
-0.033
-0.036
-0.04
-0.044
0.004
-0.033
-0.027
0.038
-0.07
0.018
0.011
0.028
0.034
-0.043
-0.14
-0.011
-0.023
-0.005
0.016
-0.081
-0.012
-0.058
-0.08
0.012
-0.063
-0.066
-0.049
-0.055
-0.037
0.007
-0.019
-0.018
-0.039
-0.061
-0.076
-0.042
-0.018
-0.046
0.017
-0.106
-0.04
0.052
0.013
0.006
-0.034
-0.037
0.033
-0.057
0.023
-0.098
-0.08
-0.052
-0.096
-0.023
-0.054
-0.046
0.006
-0.006
-0.019
-0.006
-0.097
-0.073
-0.056
0.045
-0.007
0.032
0.023
0.013
-0.093
-0.079
-0.02
-0.051
0.009
-0.007
-0.005
0.069
0.029
0.009
0.004
-0.052
-0.04
-0.095
-0.023
-0.03
-0.065
0.005
-0.07
0.013
-0.122
-0.042
-0.089
0.013
-0.05
0.007
-0.016
0.009
0.009
-0.046
-0.072
0.022
0.015
-0.074
-0.026
-0.082
-0.038
-0.052
-0.014
0.031
-0.038
0.021
0.003
0.002
-0.046
-0.05
-0.014
-0.049
-0.09
-0.091
-0.011
-0.015
-0.018
0.051
-0.056
0.013
-0.037
-0.045
-0.071
-0.063
0.072
0.008
-0.02
0.012
-0.022
-0.071
-0.029
0.021
0.0
-0.111
-0.018
-0.056
0.008
-0.056
-0.028
-0.058
-0.072
-0.107
-0.076
-0.069
-0.012
-0.016
-0.014
-0.016
-0.063
-0.018
-0.038
-0.011
-0.031
-0.112
0.001
-0.021
0.034
-0.068
0.014
-0.116
0.01
-0.036
-0.031
-0.027
-0.002
-0.06
0.011
0.023
-0.026
-0.068
-0.047
0.018
-0.003
0.0
-0.009
-0.053
-0.027
0.012
-0.045
-0.048
-0.02
0.033
-0.064
-0.006
-0.032
-0.03
0.028
-0.054
-0.077
-0.014
0.068
-0.043
-0.045
-0.046
-0.093
-0.075
0.052
0.006
-0.032
-0.098
0.008
-0.048
-0.046
0.029
-0.034
-0.069
-0.032
-0.065
-0.055
-0.11
0.023
-0.077
-0.021
0.042
-0.102
-0.048
-0.049
0.02
-0.084
-0.017
-0.072
-0.01
-0.074
-0.069
0.023
-0.033
-0.014
-0.016
-0.008
0.046
0.048
0.013
-0.044
-0.049
0.002
-0.039
-0.037
-0.023
-0.022
-0.063
-0.056
-0.002
-0.022
-0.045
-0.055
-0.043
-0.043
-0.008
-0.012
0.0
0.017
-0.014
-0.122
0.008
-0.009
0.009
0.045
-0.028
-0.052
0.028
-0.029
-0.042
-0.028
-0.012
0.023
-0.01
-0.031
0.043
-0.046
-0.029
-0.044
-0.005
0.045
0.007
-0.001
-0.052
0.06
-0.029
0.063
-0.07
-0.025
-0.038
-0.113
0.013
0.002
-0.089
-0.04
-0.062
-0.061
-0.077
-0.105
-0.045
0.03
-0.053
-0.008
-0.057
-0.071
-0.043
-0.079
-0.107
-0.014
-0.016
0.072
-0.043
-0.026
-0.139
-0.051
-0.001
0.033
-0.002
0.009
-0.068
-0.029
-0.058
-0.02
-0.008
-0.01
-0.011
0.023
0.0
-0.044
0.017
0.028
-0.062
-0.015
-0.065
-0.014
0.024
0.02
-0.023
0.055
-0.027
-0.017
-0.005
0.029
-0.043
-0.072
-0.042
-0.034
-0.059
0.031
-0.023
0.034
-0.072
-0.026
-0.05
-0.058
-0.011
0.038
0.021
-0.051
0.022
-0.062
0.046
-0.084
-0.006
-0.024
0.038
-0.08
-0.026
-0.002
0.007
0.014
-0.043
-0.044
-0.034
-0.025
0.022
-0.026
-0.046
-0.044
-0.101
0.01
-0.099
0.048
-0.047
0.064
-0.073
-0.032
-0.072
0.001
-0.018
0.053
-0.056
-0.041
-0.062
-0.031
-0.041
-0.107
-0.048
-0.076
0.023
0.024
-0.097
-0.006
-0.053
0.014
0.005
0.074
-0.028
-0.001
-0.022
-0.096
-0.054
0.012
0.032
-0.11
-0.015
-0.036
-0.053
-0.026
-0.036
-0.033
0.039
0.015
-0.045
-0.047
-0.085
0.001
-0.017
-0.038
-0.106
-0.132
0.041
-0.055
0.029
-0.06
0.033
0.031
-0.028
-0.036
-0.031
-0.083
0.018
-0.069
0.034
-0.002
-0.048
0.04
0.032
-0.083
-0.06
0.006
-0.039
-0.031
0.049
0.042
-0.104
0.001
-0.064
0.008
-0.067
0.029
-0.078
-0.001
-0.075
-0.071
0.004
-0.053
0.002
0.003
-0.04
-0.02
-0.021
-0.022
0.116
-0.075
-0.043
-0.048
-0.091
0.026
0.026
-0.019
-0.034
-0.014
0.036
-0.008
0.019
-0.095
-0.015
-0.042
-0.018
-0.036
-0.053
0.031
-0.099
-0.028
-0.068
-0.053
-0.112
-0.071
-0.042
-0.029
-0.105
-0.039
-0.079
0.027
-0.005
-0.032
0.006
-0.02
-0.006
-0.024
-0.01
-0.08
0.008
0.063
-0.021
0.014
-0.018
-0.018
0.014
0.003
0.018
-0.019
-0.012
-0.06
0.017
-0.056
0.013
-0.002
-0.032
-0.004
-0.081
-0.017
-0.086
-0.071
0.02
-0.004
-0.031
-0.067
0.004
-0.054
-0.018
-0.053
0.056
-0.142
-0.002
-0.009
-0.033
0.003
-0.045
-0.021
0.02
-0.05
0.009
-0.02
0.002
-0.019
-0.064
-0.01
-0.019
-0.098
-0.045
-0.07
0.065
-0.075
0.047
-0.042
-0.036
-0.001
-0.036
-0.043
-0.072
0.025
-0.032
-0.1
-0.045
-0.022
0.005
-0.037
0.009
-0.014
0.062
-0.008
0.034
-0.073
-0.074
-0.072
-0.014
-0.06
-0.05
0.04
0.039
-0.069
0.028
-0.126
0.047
-0.005
0.044
0.038
-0.021
-0.052
-0.034
0.042
-0.068
0.044
-0.058
-0.04
0.017
0.11
-0.014
-0.084
-0.041
-0.027
-0.022
0.014
-0.053
-0.045
-0.021
-0.099
0.008
-0.086
0.008
-0.023
-0.053
-0.054
-0.05
-0.054
-0.073
-0.071
-0.041
0.034
0.031
-0.015
-0.033
-0.02
-0.001
-0.012
-0.024
-0.009
-0.021
-0.108
0.003
0.025
-0.012
-0.102
-0.016
0.012
-0.056
-0.027
-0.033
0.016
0.073
0.008
0.001
-0.005
0.02
-0.033
0.02
-0.041
-0.035
-0.03
-0.129
-0.064
-0.034
-0.024
-0.037
0.001
-0.04
-0.083
-0.012
-0.092
-0.039
-0.006
-0.04
0.038
-0.074
-0.041
-0.072
-0.052
-0.029
-0.039
-0.074
-0.115
-0.013
-0.024
-0.01
0.009
0.101
0.006
-0.051
-0.043
-0.074
-0.074
0.016
-0.01
0.009
-0.022
-0.07
-0.032
-0.011
-0.119
-0.045
-0.053
0.005
-0.051
-0.022
-0.039
0.028
-0.029
-0.035
-0.045
-0.017
-0.014
-0.056
0.031
0.035
-0.013
-0.054
-0.068
0.01
-0.015
-0.024
-0.017
-0.074
-0.026
-0.016
0.006
-0.013
0.001
-0.051
-0.048
-0.09
-0.074
-0.002
-0.054
-0.06
-0.067
-0.004
-0.062
0.016
-0.052
-0.06
-0.029
-0.088
-0.062
0.073
-0.026
0.004
-0.128
0.011
0.038
0.023
-0.023
0.001
-0.05
-0.06
-0.048
-0.007
-0.073
-0.002
-0.073
-0.032
-0.036
-0.054
-0.046
-0.062
-0.072
0.028
-0.06
-0.129
0.02
-0.05
-0.023
-0.002
-0.054
0.021
-0.026
-0.066
-0.049
-0.033
-0.026
0.003
0.01
0.043
-0.038
-0.043
-0.107
-0.042
-0.01
-0.066
-0.055
0.021
-0.019
-0.029
0.036
-0.042
-0.032
-0.108
-0.048
-0.012
-0.014
-0.092
-0.046
-0.061
-0.109
-0.013
-0.124
-0.014
0.021
-0.038
-0.014
-0.065
-0.026
-0.027
-0.068
0.014
0.008
-0.055
-0.065
0.025
-0.025
-0.073
0.01
-0.01
-0.105
-0.107
0.02
-0.01
-0.115
-0.027
-0.041
-0.114
-0.056
-0.008
0.015
0.03
-0.027
-0.061
-0.122
0.021
0.002
-0.005
-0.007
-0.051
-0.056
0.016
-0.044
0.035
0.038
-0.068
0.064
0.05
0.021
-0.046
0.034
-0.017
-0.014
0.04
0.063
-0.057
-0.09
-0.021
-0.032
0.016
-0.04
-0.045
-0.051
-0.075
-0.017
-0.02
-0.053
-0.053
-0.006
-0.038
-0.075
-0.105
-0.11
0.007
-0.01
0.041
-0.072
-0.013
-0.058
-0.057
-0.024
-0.034
0.022
-0.068
-0.046
-0.077
-0.035
0.0
-0.021
-0.003
0.061
-0.031
-0.105
-0.127
-0.071
-0.043
0.006
-0.042
0.028
0.033
-0.072
-0.074
0.042
0.059
-0.028
0.026
-0.041
-0.096
-0.016
-0.005
-0.007
-0.017
-0.053
-0.009
-0.056
-0.083
-0.009
-0.079
-0.026
-0.021
-0.043
-0.025
-0.015
-0.052
-0.022
-0.048
-0.055
-0.101
-0.077
-0.062
-0.054
-0.093
-0.011
-0.044
0.027
0.023
-0.043
-0.06
-0.043
-0.021
-0.035
0.065
-0.122
-0.058
0.041
-0.066
-0.053
-0.029
0.036
0.005
0.003
-0.078
-0.045
-0.094
-0.088
-0.052
-0.016
-0.017
-0.008
-0.008
-0.117
-0.032
0.012
-0.063
-0.059
-0.004
0.017
-0.016
0.004
0.035
-0.011
-0.019
-0.061
-0.038
0.03
-0.003
-0.085
-0.041
-0.053
0.012
-0.032
-0.002
-0.036
-0.122
-0.012
-0.013
-0.032
0.002
0.029
0.023
0.018
-0.104
-0.035
0.016
0.055
-0.023
-0.055
0.018
-0.011
-0.015
0.02
-0.032
-0.035
-0.011
-0.059
0.023
0.025
-0.076
-0.012
-0.058
-0.014
-0.034
-0.108
0.022
0.016
-0.033
-0.127
0.025
-0.015
-0.032
0.012
-0.081
0.004
-0.02
0.028
-0.076
-0.016
-0.083
-0.094
0.023
-0.046
-0.004
-0.044
-0.064
0.002
-0.032
-0.049
-0.021
-0.038
-0.021
-0.126
-0.009
-0.066
-0.048
-0.042
-0.04
-0.018
0.057
-0.084
0.031
-0.068
0.064
-0.052
0.012
-0.063
-0.042
-0.014
-0.011
-0.007
0.0
-0.099
0.003
-0.021
-0.004
-0.03
-0.048
0.042
-0.057
-0.045
-0.029
-0.006
-0.009
-0.06
-0.02
-0.051
-0.016
-0.023
0.045
-0.038
0.003
-0.024
-0.031
0.047
0.001
-0.054
0.023
-0.083
-0.002
-0.055
0.038
-0.057
-0.013
-0.086
-0.111
0.016
-0.074
-0.009
-0.084
-0.026
0.076
-0.053
0.061
0.023
0.037
-0.002
-0.129
-0.031
-0.104
-0.079
-0.081
-0.082
0.012
0.04
-0.026
-0.023
-0.015
-0.021
-0.122
-0.049
-0.019
-0.022
-0.045
-0.118
-0.083
-0.059
-0.084
-0.044
-0.107
-0.051
-0.019
-0.071
-0.016
0.026
-0.082
-0.084
0.041
-0.087
-0.005
-0.06
-0.041
-0.036
0.047
-0.033
-0.078
-0.06
-0.022
-0.076
-0.089
0.027
-0.07
-0.023
0.076
-0.022
0.006
-0.068
0.013
-0.022
-0.077
-0.06
-0.039
-0.018
-0.002
0.002
-0.018
-0.061
-0.05
-0.033
0.001
-0.006
-0.087
-0.043
-0.014
-0.027
-0.076
-0.067
-0.099
-0.038
-0.005
-0.084
-0.05
-0.013
-0.014
-0.068
0.022
-0.002
-0.028
0.009
-0.042
0.01
-0.029
-0.071
-0.017
0.032
-0.06
0.009
-0.027
-0.023
-0.005
-0.052
-0.106
-0.064
-0.034
-0.013
-0.049
0.043
-0.042
-0.015
-0.061
-0.075
0.021
-0.01
0.056
-0.046
-0.014
0.013
-0.078
-0.044
0.043
-0.053
-0.009
-0.006
-0.042
-0.008
-0.015
-0.075
-0.036
-0.017
-0.027
-0.03
-0.048
-0.063
-0.001
-0.075
-0.009
-0.043
-0.025
-0.064
-0.033
-0.065
-0.052
0.019
0.0
0.013
-0.015
-0.071
-0.049
-0.045
-0.036
-0.045
-0.022
-0.021
0.006
0.019
-0.021
-0.072
-0.033
-0.014
0.003
-0.035
0.034
0.047
-0.052
-0.04
-0.077
0.09
-0.008
-0.021
-0.065
0.064
-0.068
-0.05
-0.04
0.008
-0.041
-0.048
0.021
-0.022
-0.063
-0.091
-0.084
-0.047
-0.027
0.06
-0.063
0.096
-0.049
-0.006
0.012
-0.024
0.007
-0.043
-0.025
0.038
-0.021
-0.04
0.046
-0.084
-0.036
-0.042
-0.024
-0.074
0.019
-0.065
0.007
0.007
0.024
-0.04
0.024
0.0
0.032
-0.044
0.027
-0.095
-0.033
-0.014
-0.074
0.027
-0.032
-0.058
-0.031
-0.029
-0.02
-0.069
-0.014
-0.055
-0.053
-0.065
-0.037
0.02
0.031
-0.04
-0.113
-0.045
-0.019
-0.071
0.017
-0.019
0.005
0.069
0.007
0.012
0.023
-0.029
-0.009
0.002
-0.044
0.016
-0.068
0.054
-0.074
0.036
-0.05
-0.039
-0.134
0.026
0.051
0.036
-0.001
-0.026
0.093
-0.003
-0.049
-0.083
-0.027
-0.029
0.023
-0.078
0.039
-0.082
0.018
-0.077
0.066
-0.023
-0.012
-0.065
-0.081
0.002
0.035
-0.021
-0.037
0.018
0.043
0.02
-0.114
0.079
-0.011
-0.006
0.032
0.048
-0.044
-0.04
-0.023
-0.006
0.031
-0.079
-0.035
-0.079
-0.094
-0.045
-0.004
-0.058
-0.036
-0.019
0.02
-0.01
-0.075
-0.088
0.005
-0.001
0.043
0.002
-0.026
-0.021
-0.019
-0.073
0.016
-0.018
-0.037
0.049
0.03
-0.095
0.012
-0.062
-0.007
-0.028
-0.052
-0.015
0.071
-0.032
-0.088
-0.03
-0.072
0.041
-0.012
-0.01
0.015
-0.054
-0.042
-0.039
-0.101
0.028
-0.019
-0.013
-0.095
0.046
-0.012
-0.108
-0.044
0.039
-0.005
-0.008
-0.082
-0.011
-0.104
0.04
-0.088
-0.086
-0.025
-0.01
0.042
-0.033
-0.043
-0.102
-0.027
-0.078
-0.044
0.063
-0.09
0.001
0.034
-0.014
-0.071
0.044
-0.032
0.035
0.051
0.08
-0.041
-0.076
-0.049
-0.02
0.009
-0.055
-0.017
-0.043
-0.051
-0.06
-0.014
0.004
0.025
-0.019
-0.095
-0.158
-0.003
-0.011
-0.032
-0.022
-0.008
-0.069
-0.037
-0.059
-0.066
0.016
-0.088
-0.085
-0.008
-0.056
-0.006
-0.074
-0.091
-0.036
-0.061
-0.074
-0.03
-0.033
0.013
0.011
-0.051
-0.024
-0.056
-0.008
-0.074
-0.041
-0.094
-0.055
-0.056
-0.025
-0.086
-0.053
0.033
-0.108
-0.065
0.013
-0.04
0.002
-0.09
-0.04
-0.032
0.06
-0.043
-0.063
0.008
0.019
0.025
0.024
0.005
-0.079
-0.008
-0.062
-0.051
0.014
0.053
0.004
-0.038
-0.033
-0.048
0.05
-0.012
0.013
0.025
-0.014
-0.058
-0.01
-0.01
-0.005
0.005
0.008
-0.004
0.029
-0.058
0.002
-0.023
0.006
0.026
-0.037
-0.039
-0.098
0.011
-0.002
-0.018
-0.041
0.005
-0.104
-0.018
-0.003
0.001
-0.049
0.014
-0.053
0.012
-0.055
0.044
-0.1
0.019
-0.021
-0.033
-0.087
0.003
-0.017
0.008
-0.044
0.009
-0.004
-0.03
-0.069
0.022
-0.017
-0.061
0.073
-0.092
0.008
-0.001
-0.032
-0.061
-0.035
-0.043
-0.018
-0.054
0.01
-0.071
-0.097
-0.004
-0.04
-0.013
-0.02
-0.072
-0.068
-0.037
-0.058
-0.072
-0.083
0.026
0.041
-0.015
0.031
0.003
0.016
-0.018
-0.056
-0.066
-0.132
0.029
-0.005
-0.023
-0.021
-0.036
-0.015
-0.032
-0.082
0.05
-0.054
0.005
-0.054
-0.032
-0.043
-0.042
-0.039
-0.01
-0.057
-0.023
-0.053
0.011
0.01
-0.029
0.03
-0.074
-0.036
-0.038
-0.044
0.037
-0.04
-0.049
-0.004
0.046
-0.016
0.024
-0.048
-0.016
-0.036
-0.016
0.04
-0.059
-0.054
0.001
0.012
-0.021
-0.007
-0.065
-0.041
-0.03
-0.06
0.042
-0.029
-0.05
-0.043
-0.038
-0.044
-0.043
-0.014
0.009
-0.07
-0.039
-0.029
-0.032
-0.069
-0.016
-0.021
-0.036
-0.016
-0.126
0.0
0.017
0.011
-0.025
-0.062
-0.005
0.001
-0.022
-0.017
-0.016
-0.137
0.064
-0.008
-0.015
-0.028
0.045
0.029
-0.019
0.126
-0.032
-0.062
-0.08
-0.015
0.023
-0.155
-0.063
-0.056
0.042
-0.038
-0.06
-0.078
-0.004
-0.044
-0.137
-0.037
0.071
-0.023
0.031
-0.052
0.063
-0.002
-0.023
0.03
-0.028
-0.042
-0.128
-0.053
-0.034
-0.046
-0.056
0.013
0.001
-0.008
-0.067
-0.029
0.016
0.029
0.065
-0.004
0.01
-0.024
-0.077
-0.081
-0.043
-0.088
-0.024
-0.022
0.003
-0.063
-0.006
0.017
-0.029
-0.024
-0.064
0.031
-0.005
-0.04
0.007
-0.105
-0.096
0.008
-0.04
-0.085
-0.072
-0.056
-0.048
0.036
0.02
-0.019
-0.012
-0.07
0.025
-0.018
-0.113
-0.097
-0.084
-0.016
-0.069
0.02
-0.002
-0.04
0.029
0.013
0.007
-0.028
-0.025
0.04
-0.024
-0.064
-0.112
-0.049
-0.051
-0.061
0.034
0.029
-0.037
-0.078
-0.009
-0.031
-0.023
-0.024
-0.102
0.01
-0.044
-0.035
-0.027
-0.052
-0.009
0.082
-0.019
0.012
-0.017
0.003
-0.11
0.019
-0.011
-0.003
-0.012
-0.013
0.031
-0.024
-0.017
-0.014
0.007
-0.033
0.069
-0.047
-0.044
-0.027
-0.015
-0.052
-0.05
-0.016
-0.061
0.019
0.001
-0.027
-0.013
-0.001
-0.101
-0.049
0.056
-0.065
-0.024
0.079
0.016
0.042
-0.022
-0.066
-0.022
-0.108
-0.042
-0.012
0.003
-0.062
-0.116
-0.047
0.017
-0.003
0.019
-0.033
-0.038
-0.044
-0.003
-0.097
-0.07
-0.059
-0.05
0.002
-0.013
-0.082
0.002
0.011
-0.023
-0.007
-0.07
-0.048
-0.11
-0.031
-0.024
-0.084
-0.042
-0.073
-0.032
0.039
-0.041
-0.004
-0.065
-0.023
-0.08
-0.034
0.023
-0.017
-0.037
0.01
-0.007
0.048
-0.046
-0.105
-0.044
-0.004
0.023
-0.054
-0.019
-0.03
-0.009
0.024
-0.049
-0.085
0.0
-0.035
-0.114
-0.048
0.014
-0.012
-0.05
0.057
-0.11
-0.087
-0.049
-0.04
-0.072
-0.027
-0.103
-0.003
-0.056
-0.045
-0.046
-0.031
-0.066
-0.124
-0.013
-0.019
-0.052
-0.044
-0.069
-0.004
-0.035
-0.034
-0.119
-0.028
0.035
0.031
-0.051
-0.099
-0.038
0.016
0.005
-0.056
-0.066
-0.093
-0.033
0.003
-0.059
-0.007
0.005
-0.062
-0.051
0.021
0.003
-0.022
-0.047
-0.068
0.023
0.062
-0.058
-0.06
0.01
-0.034
0.024
0.011
0.066
-0.029
-0.025
-0.077
-0.01
-0.098
-0.048
0.028
-0.08
0.007
-0.014
-0.037
0.037
-0.079
-0.092
-0.053
0.011
0.021
-0.008
-0.051
-0.043
-0.035
0.001
-0.084
-0.047
0.06
-0.023
0.02
-0.031
-0.044
-0.04
-0.052
0.0
-0.07
0.026
0.04
-0.019
0.058
-0.016
-0.052
0.049
-0.102
-0.07
-0.047
0.028
0.001
-0.038
-0.013
-0.084
-0.03
-0.078
-0.008
0.013
-0.041
-0.049
-0.02
-0.069
-0.118
-0.087
-0.014
-0.041
-0.062
-0.096
-0.049
-0.084
-0.059
-0.008
-0.009
-0.059
-0.063
-0.059
-0.032
0.043
-0.047
-0.056
0.0
-0.065
-0.038
-0.078
0.015
-0.043
-0.055
-0.04
-0.101
-0.113
-0.031
-0.044
-0.033
-0.062
0.034
-0.03
-0.029
-0.074
0.027
-0.05
-0.064
-0.021
-0.013
0.001
0.011
-0.025
-0.057
-0.001
-0.001
0.058
-0.016
0.003
0.03
0.04
-0.07
-0.011
-0.049
0.007
0.038
-0.053
-0.026
-0.095
0.018
-0.019
-0.049
-0.112
-0.08
0.023
-0.063
0.005
-0.08
-0.022
-0.071
0.045
-0.086
-0.073
-0.025
-0.05
0.001
-0.043
-0.001
-0.016
-0.056
-0.014
-0.065
-0.046
-0.07
-0.061
-0.037
0.026
-0.071
-0.031
-0.012
-0.048
0.028
-0.07
-0.137
-0.029
-0.013
-0.085
-0.033
-0.031
0.049
-0.084
-0.048
-0.052
0.021
-0.078
-0.042
-0.053
-0.024
-0.04
-0.018
0.0
-0.027
-0.047
-0.01
-0.042
-0.011
0.032
-0.082
-0.058
0.005
-0.021
0.004
-0.09
-0.026
-0.084
-0.057
-0.064
-0.063
-0.005
-0.036
-0.08
-0.011
0.009
-0.043
-0.077
-0.051
-0.02
-0.064
-0.117
-0.072
-0.074
-0.023
-0.072
-0.041
-0.019
-0.01
-0.075
0.035
-0.074
-0.071
-0.078
-0.082
-0.131
-0.107
-0.04
0.007
-0.006
-0.036
0.006
0.038
-0.106
-0.015
0.0
-0.07
0.03
-0.029
0.013
0.014
-0.05
-0.03
-0.069
-0.051
0.01
-0.059
-0.033
-0.096
-0.048
0.005
-0.001
-0.138
-0.005
-0.027
-0.093
-0.095
-0.005
-0.044
0.031
-0.113
-0.03
-0.029
0.001
0.016
-0.012
0.038
-0.023
-0.031
0.015
-0.106
0.044
-0.059
-0.013
-0.025
-0.051
0.015
-0.008
-0.025
-0.065
-0.078
0.022
-0.098
-0.033
-0.106
-0.048
-0.075
-0.025
-0.051
0.026
-0.021
0.041
-0.063
-0.038
-0.017
-0.007
-0.047
-0.007
0.004
0.003
-0.006
-0.032
0.01
-0.049
-0.016
-0.067
-0.027
-0.031
-0.027
0.044
0.006
0.063
-0.013
-0.006
-0.018
-0.054
-0.08
-0.041
-0.013
-0.048
0.004
-0.066
-0.084
0.016
0.021
-0.087
-0.078
-0.049
-0.054
-0.02
-0.014
-0.006
-0.052
-0.003
-0.032
0.019
0.016
-0.073
-0.094
0.026
-0.041
-0.054
-0.035
0.063
0.012
-0.053
-0.008
-0.056
-0.071
-0.014
-0.002
-0.055
-0.056
-0.093
0.037
-0.083
-0.099
-0.038
-0.061
-0.083
-0.027
0.062
-0.034
0.006
-0.046
0.001
-0.036
-0.018
-0.043
-0.016
0.009
-0.041
-0.046
-0.066
0.014
-0.143
0.04
-0.063
-0.094
-0.001
-0.028
-0.018
-0.007
0.007
-0.073
-0.016
0.035
-0.056
0.016
-0.048
-0.034
-0.024
-0.063
0.019
0.017
-0.001
-0.046
-0.055
-0.075
-0.065
-0.054
-0.119
-0.019
-0.114
-0.015
-0.065
0.001
0.044
-0.015
-0.025
-0.036
0.025
-0.082
0.037
0.027
-0.016
0.011
-0.021
0.01
-0.014
0.012
-0.021
-0.047
0.047
-0.019
0.015
-0.03
0.0
-0.076
-0.031
-0.004
-0.053
-0.09
-0.049
-0.054
-0.016
-0.088
-0.08
0.042
0.041
-0.077
-0.017
-0.132
-0.068
-0.006
-0.038
-0.001
0.031
-0.035
-0.061
-0.05
-0.051
-0.053
-0.116
-0.08
0.022
-0.027
-0.002
0.003
-0.076
0.0
-0.055
0.035
-0.066
0.022
0.067
-0.006
-0.037
-0.009
-0.072
-0.112
-0.01
-0.046
-0.058
-0.073
0.036
-0.006
-0.067
-0.03
-0.013
0.034
-0.021
-0.076
-0.019
0.018
-0.011
0.015
-0.008
-0.04
-0.11
0.015
-0.08
-0.084
-0.021
0.039
0.011
-0.05
-0.098
-0.04
-0.004
-0.016
-0.006
0.058
-0.089
0.015
-0.068
-0.013
0.065
-0.06
-0.066
0.041
-0.047
-0.06
-0.005
-0.145
-0.088
0.009
-0.005
-0.04
-0.051
-0.003
0.006
0.031
0.02
0.034
-0.046
-0.003
-0.017
-0.02
-0.043
-0.06
-0.077
-0.049
-0.051
-0.031
0.006
0.005
0.016
-0.08
-0.034
0.019
-0.043
0.027
-0.027
-0.08
-0.019
0.034
-0.043
0.012
-0.034
0.001
-0.056
0.003
0.008
-0.075
-0.006
-0.058
-0.005
-0.006
-0.025
-0.023
0.023
-0.003
-0.069
-0.025
0.02
-0.05
0.022
0.013
-0.016
-0.018
0.063
-0.037
-0.03
-0.073
-0.056
-0.041
0.007
-0.058
-0.04
-0.006
0.035
-0.034
-0.067
0.014
0.011
-0.075
-0.016
-0.025
0.045
-0.131
-0.101
0.007
-0.028
0.012
-0.009
-0.006
-0.027
-0.017
-0.002
-0.014
0.062
-0.14
-0.112
0.007
0.043
-0.028
-0.041
-0.034
-0.119
-0.036
0.031
-0.027
-0.031
-0.097
-0.031
-0.08
0.012
0.007
-0.033
0.088
0.016
-0.08
0.005
-0.03
0.023
0.002
-0.058
-0.053
-0.13
-0.034
0.002
-0.07
-0.006
0.002
-0.08
0.011
-0.033
-0.013
-0.088
0.013
0.011
-0.031
-0.022
0.029
0.045
0.002
-0.005
-0.025
-0.03
-0.045
-0.024
-0.02
0.024
-0.002
0.017
-0.038
-0.011
0.078
-0.045
-0.034
-0.103
-0.04
-0.082
-0.017
0.002
-0.014
-0.013
-0.04
-0.047
-0.038
0.04
-0.067
-0.066
-0.06
-0.031
-0.058
-0.07
-0.054
-0.049
-0.031
-0.1
-0.014
-0.033
-0.04
0.04
0.013
-0.009
-0.055
-0.028
-0.038
-0.009
-0.015
-0.081
0.001
-0.028
-0.063
-0.047
0.02
-0.09
-0.004
-0.014
-0.021
-0.005
0.024
0.017
0.008
-0.079
-0.054
-0.041
-0.02
-0.032
-0.015
0.065
0.0
-0.003
-0.062
0.003
-0.062
-0.093
-0.095
-0.141
-0.058
0.027
-0.029
-0.027
-0.012
0.028
-0.084
-0.052
0.009
-0.055
-0.028
-0.062
-0.005
-0.008
-0.018
0.046
-0.015
-0.09
0.025
0.049
-0.025
-0.038
-0.025
-0.051
-0.07
-0.082
-0.173
-0.1
-0.097
0.01
-0.002
-0.09
0.031
0.027
-0.071
-0.003
-0.06
-0.049
-0.019
-0.079
-0.014
-0.02
-0.018
0.008
0.001
-0.087
-0.095
-0.047
-0.021
-0.062
0.002
0.003
-0.022
-0.007
-0.001
-0.047
-0.037
-0.012
-0.018
-0.021
-0.107
0.001
-0.014
-0.03
-0.025
0.004
0.02
-0.01
-0.076
-0.078
-0.084
-0.055
-0.014
-0.011
0.051
0.028
-0.079
-0.018
-0.062
-0.113
-0.012
-0.108
-0.07
-0.073
-0.039
-0.12
0.005
-0.04
0.067
-0.036
0.031
0.015
-0.021
-0.009
-0.045
-0.031
-0.099
-0.071
-0.053
-0.022
-0.016
0.002
-0.065
-0.031
0.044
-0.045
-0.008
-0.023
-0.032
0.015
-0.034
-0.026
0.035
0.003
0.048
0.007
-0.06
-0.016
-0.063
-0.026
-0.063
-0.049
-0.073
-0.053
-0.03
0.025
-0.112
0.019
-0.067
-0.079
-0.034
0.062
-0.008
-0.064
-0.002
-0.003
-0.017
0.001
-0.024
-0.046
-0.046
-0.059
0.002
0.025
-0.049
0.027
-0.042
-0.089
-0.034
-0.071
-0.035
-0.059
-0.022
-0.066
-0.006
0.01
0.017
-0.038
-0.018
0.013
-0.106
-0.053
-0.018
0.001
-0.053
-0.047
-0.026
0.035
-0.01
-0.049
-0.069
-0.033
-0.106
-0.026
-0.032
-0.013
-0.035
-0.044
-0.049
0.005
-0.036
0.0
-0.058
0.008
-0.047
-0.043
-0.073
-0.046
-0.004
-0.022
-0.086
-0.017
-0.01
-0.011
-0.076
-0.029
-0.073
0.006
0.066
0.014
0.04
-0.007
-0.027
-0.056
-0.055
-0.078
-0.062
-0.124
-0.018
-0.011
-0.027
0.029
-0.062
-0.102
0.026
-0.01
-0.057
0.01
-0.04
-0.035
-0.071
-0.016
-0.001
-0.08
-0.069
-0.037
-0.107
-0.012
-0.054
0.052
-0.006
-0.085
-0.061
-0.042
-0.131
-0.048
0.011
-0.019
-0.035
0.007
-0.068
-0.013
-0.039
-0.011
-0.056
-0.097
0.055
0.059
0.006
-0.125
-0.079
-0.035
-0.018
-0.043
0.028
0.025
-0.015
-0.021
-0.055
-0.042
-0.095
-0.043
-0.032
0.02
0.007
-0.004
-0.043
-0.019
-0.039
-0.002
-0.031
-0.002
-0.01
0.054
0.075
-0.007
0.003
-0.045
-0.075
-0.009
-0.024
0.044
-0.065
0.01
0.02
-0.077
-0.097
0.01
0.014
-0.103
-0.028
0.011
-0.063
-0.018
-0.01
0.071
0.053
-0.031
0.009
-0.064
-0.043
0.025
-0.051
-0.014
-0.039
-0.062
0.018
-0.023
-0.122
-0.077
-0.084
-0.044
0.008
-0.06
-0.015
-0.123
-0.079
-0.034
-0.031
-0.109
0.012
0.001
-0.059
-0.077
-0.007
-0.023
-0.062
0.003
-0.02
0.002
-0.028
0.061
-0.039
-0.075
-0.028
-0.021
-0.013
0.006
-0.004
0.021
-0.063
-0.098
-0.036
-0.046
0.026
-0.126
0.011
-0.135
-0.004
-0.06
-0.035
-0.047
-0.031
-0.009
0.044
0.057
0.027
0.031
-0.111
-0.012
0.001
-0.005
-0.059
-0.031
-0.104
0.035
0.01
-0.038
-0.014
-0.088
-0.099
-0.027
-0.051
-0.035
-0.005
-0.066
-0.06
0.027
-0.055
0.101
-0.003
-0.11
-0.013
0.009
-0.012
-0.069
-0.011
-0.029
-0.079
-0.008
-0.01
-0.046
0.057
-0.03
-0.03
-0.033
0.021
-0.032
-0.078
-0.042
-0.042
-0.049
0.07
-0.065
-0.012
-0.012
-0.033
-0.041
-0.022
0.002
-0.054
-0.035
-0.033
-0.065
0.008
-0.007
0.017
0.02
-0.013
0.029
-0.063
-0.067
-0.011
0.059
-0.048
0.027
-0.056
0.028
-0.038
-0.103
-0.046
-0.012
-0.049
-0.027
-0.081
-0.054
-0.047
-0.053
-0.003
-0.019
-0.01
0.022
-0.001
-0.014
0.0
0.0
-0.01
-0.033
-0.016
0.0
-0.085
-0.062
0.009
-0.049
-0.066
-0.03
-0.007
-0.043
0.0
-0.067
0.003
-0.004
-0.053
-0.02
-0.021
-0.052
-0.009
-0.117
-0.082
-0.071
-0.057
-0.017
0.012
0.05
-0.007
0.012
-0.066
-0.013
-0.027
-0.019
-0.069
-0.011
0.041
-0.072
-0.007
-0.051
-0.032
-0.014
-0.03
-0.013
0.012
-0.044
-0.063
0.026
-0.101
0.003
-0.036
-0.088
-0.025
-0.01
-0.116
-0.045
-0.049
-0.042
0.015
-0.061
0.028
-0.062
-0.045
0.036
0.035
0.031
-0.023
-0.027
-0.014
-0.038
-0.072
-0.085
-0.025
-0.049
-0.044
0.027
-0.036
-0.001
-0.054
-0.102
0.031
0.038
-0.07
-0.064
-0.092
-0.046
-0.086
-0.004
-0.098
0.013
-0.052
0.011
-0.054
-0.131
-0.044
-0.032
-0.005
-0.026
0.008
-0.053
-0.09
0.005
-0.001
-0.076
-0.069
-0.052
-0.052
0.034
-0.056
0.037
-0.086
-0.011
-0.054
-0.03
-0.053
0.037
0.011
0.001
0.01
-0.065
-0.026
0.032
0.042
-0.1
-0.035
-0.134
0.015
-0.033
0.068
-0.062
-0.058
-0.069
0.004
0.023
-0.003
-0.012
-0.024
0.003
-0.086
-0.04
-0.039
-0.027
-0.037
-0.011
-0.073
-0.059
0.023
0.004
0.024
0.025
0.016
-0.05
-0.091
-0.072
-0.042
-0.068
0.02
0.007
-0.011
0.065
-0.091
-0.018
0.026
-0.023
-0.085
-0.016
0.03
0.043
-0.036
-0.076
-0.098
-0.095
-0.014
0.053
-0.028
0.023
-0.019
0.059
-0.046
-0.03
-0.083
-0.051
-0.022
-0.046
-0.037
-0.018
-0.111
-0.01
-0.024
-0.077
-0.112
-0.046
-0.021
-0.061
-0.025
-0.042
-0.038
0.001
0.026
-0.041
-0.019
-0.026
-0.06
0.0
-0.058
0.013
0.049
0.0
-0.01
-0.021
-0.015
-0.007
-0.094
0.001
-0.113
-0.053
-0.007
-0.028
0.019
-0.047
-0.058
-0.101
0.041
0.002
-0.104
0.033
-0.033
-0.006
-0.069
-0.011
-0.08
-0.01
-0.104
-0.006
-0.07
-0.105
-0.044
-0.063
-0.041
-0.018
0.001
-0.03
0.028
0.003
-0.079
-0.03
-0.007
0.02
-0.025
-0.025
-0.001
-0.074
-0.092
-0.022
0.025
0.046
-0.087
-0.039
-0.012
-0.091
-0.09
-0.029
-0.006
-0.033
-0.051
0.078
-0.011
-0.014
-0.022
-0.059
0.001
0.0
-0.066
-0.028
-0.061
-0.022
-0.026
-0.005
-0.018
-0.001
-0.006
0.027
-0.015
-0.069
-0.115
-0.038
-0.006
0.006
0.048
-0.076
-0.012
0.063
0.029
-0.051
0.003
-0.032
0.008
-0.088
-0.026
-0.071
0.022
0.055
-0.024
-0.021
-0.005
0.056
-0.016
-0.015
0.031
0.002
-0.117
-0.044
-0.042
-0.101
-0.096
-0.026
-0.012
-0.078
-0.105
-0.03
-0.015
-0.021
-0.048
0.031
0.033
0.011
-0.048
-0.081
-0.092
-0.022
-0.09
-0.034
-0.016
-0.006
-0.001
0.036
-0.006
0.013
-0.002
-0.001
0.039
-0.091
-0.084
-0.047
-0.054
-0.027
-0.176
-0.004
-0.01
-0.047
-0.05
-0.014
-0.086
-0.044
-0.006
-0.036
-0.021
-0.029
-0.106
-0.015
0.037
-0.099
-0.019
-0.019
0.053
-0.054
-0.023
-0.02
-0.058
-0.018
-0.095
-0.097
-0.018
-0.096
-0.007
-0.029
0.0
-0.075
0.013
0.003
0.001
-0.047
-0.056
-0.006
-0.007
-0.095
-0.077
0.001
-0.007
-0.081
0.004
-0.05
-0.038
0.008
-0.037
-0.027
-0.043
-0.039
-0.038
-0.044
0.021
-0.013
-0.02
-0.064
-0.006
-0.086
0.012
-0.081
-0.091
-0.083
0.046
-0.057
-0.039
-0.044
-0.015
-0.019
-0.044
-0.028
-0.052
-0.005
0.054
-0.002
-0.046
-0.021
-0.057
-0.055
0.027
-0.014
-0.067
-0.018
-0.045
-0.024
-0.03
-0.041
-0.038
-0.03
-0.081
0.012
-0.073
-0.066
-0.013
-0.033
0.006
0.013
-0.044
-0.022
0.075
-0.056
0.007
-0.066
-0.031
-0.031
-0.015
-0.064
-0.024
-0.083
-0.003
-0.035
-0.036
-0.033
-0.013
-0.055
-0.06
0.028
-0.028
0.016
-0.014
-0.033
-0.053
0.054
0.037
-0.016
-0.092
0.022
0.005
-0.047
-0.014
0.01
-0.07
-0.002
0.011
-0.04
0.02
-0.053
-0.04
-0.081
0.034
0.01
-0.056
0.01
0.013
-0.067
-0.053
0.024
-0.052
-0.06
-0.031
-0.123
-0.01
-0.013
-0.03
-0.007
0.005
0.014
-0.043
-0.041
-0.02
0.027
-0.022
0.025
0.084
-0.055
-0.051
-0.014
-0.1
-0.064
-0.071
-0.076
-0.088
-0.038
-0.098
0.007
0.014
-0.026
-0.048
-0.028
-0.011
-0.042
-0.027
-0.034
-0.05
-0.003
-0.001
-0.007
0.017
-0.037
0.021
0.029
-0.1
-0.039
-0.093
-0.018
-0.089
-0.005
-0.024
-0.025
-0.031
-0.082
0.103
-0.028
-0.097
-0.018
-0.009
0.026
0.03
-0.035
-0.085
-0.038
0.017
-0.05
-0.03
-0.055
-0.065
-0.001
-0.071
-0.033
-0.045
-0.039
-0.062
0.002
-0.05
0.041
-0.021
-0.014
0.032
-0.027
-0.011
0.03
-0.051
-0.071
-0.023
-0.048
-0.037
-0.117
-0.071
0.056
-0.034
-0.021
-0.035
-0.003
-0.016
0.018
-0.008
0.03
0.0
-0.004
-0.081
-0.02
-0.075
0.005
-0.079
0.015
-0.036
0.004
0.033
0.012
-0.008
-0.033
0.049
0.044
0.035
-0.029
-0.085
-0.019
-0.015
-0.046
0.041
-0.033
-0.082
0.025
-0.066
-0.015
-0.055
-0.002
-0.006
-0.016
0.041
-0.025
-0.042
-0.065
-0.088
-0.011
0.022
0.002
-0.022
-0.076
-0.032
-0.063
-0.032
-0.019
-0.035
-0.071
-0.037
-0.043
-0.023
-0.031
0.008
-0.035
-0.04
-0.049
-0.003
-0.03
-0.018
-0.045
0.019
0.024
-0.062
0.017
-0.035
-0.056
-0.002
-0.004
0.034
-0.015
-0.031
0.04
-0.084
-0.08
0.007
-0.053
-0.013
-0.02
0.027
-0.066
-0.073
-0.011
-0.097
-0.018
-0.043
0.007
-0.007
-0.058
-0.05
-0.042
0.032
-0.022
0.004
-0.011
0.02
-0.12
-0.058
0.028
-0.025
0.077
-0.069
-0.023
-0.081
0.026
-0.109
0.021
-0.065
0.044
0.002
0.015
-0.059
-0.064
-0.077
-0.061
-0.006
-0.055
-0.034
-0.024
0.031
0.022
-0.031
-0.026
0.035
0.011
-0.044
0.009
-0.023
-0.06
0.031
-0.02
-0.009
-0.012
-0.025
-0.04
-0.033
-0.003
-0.02
-0.012
0.015
-0.029
-0.044
-0.07
-0.002
-0.011
0.011
-0.016
0.053
-0.042
-0.049
-0.022
0.01
0.028
0.028
-0.1
-0.019
-0.046
-0.052
-0.039
-0.025
-0.023
0.012
-0.095
-0.048
-0.012
-0.039
-0.063
-0.043
0.01
-0.013
-0.045
-0.067
-0.105
-0.044
-0.026
-0.007
-0.028
-0.039
0.011
0.058
-0.05
-0.088
-0.031
-0.06
-0.003
-0.01
-0.069
-0.079
0.033
-0.036
-0.052
-0.03
-0.107
-0.053
-0.028
0.043
0.0
0.031
-0.043
-0.057
-0.04
-0.002
-0.07
-0.074
0.021
-0.033
-0.071
-0.027
-0.1
-0.011
-0.077
-0.091
0.001
-0.088
0.069
0.004
-0.03
-0.119
-0.073
-0.018
-0.016
-0.039
-0.061
0.021
0.016
-0.02
-0.066
-0.042
-0.025
-0.03
0.09
0.016
-0.033
0.009
-0.044
-0.01
-0.028
-0.016
-0.093
0.065
-0.033
-0.063
-0.039
0.04
-0.047
0.012
-0.019
-0.023
-0.118
-0.023
-0.013
-0.052
0.034
-0.017
-0.043
0.012
-0.06
-0.013
-0.06
-0.05
-0.031
-0.082
-0.031
-0.001
-0.035
0.044
-0.107
-0.032
-0.04
-0.043
-0.007
-0.02
0.031
-0.087
0.037
-0.103
0.004
-0.05
0.044
-0.113
-0.027
-0.005
-0.015
-0.018
-0.084
0.025
0.003
0.009
-0.071
-0.091
-0.069
0.023
-0.112
0.019
-0.04
-0.04
0.015
-0.06
-0.029
-0.027
0.002
-0.021
-0.044
-0.018
0.019
-0.051
-0.036
-0.008
-0.023
-0.022
-0.058
-0.089
-0.084
-0.01
-0.036
-0.038
-0.036
-0.019
-0.144
-0.02
0.046
-0.04
-0.068
-0.044
0.041
-0.09
0.016
-0.052
-0.037
-0.065
-0.021
-0.007
0.026
0.045
-0.033
0.037
-0.057
-0.091
-0.005
-0.003
-0.033
-0.081
0.027
-0.07
-0.054
-0.05
-0.048
-0.033
-0.02
-0.045
-0.02
0.05
0.015
0.002
-0.06
-0.039
0.008
-0.086
-0.012
-0.058
-0.13
0.001
-0.14
-0.149
-0.038
-0.004
-0.087
0.009
-0.028
-0.036
-0.065
-0.072
-0.027
-0.082
-0.023
0.053
-0.002
-0.017
-0.057
-0.031
-0.079
0.017
-0.051
-0.032
0.003
0.003
-0.021
-0.042
-0.056
-0.026
-0.051
-0.027
0.009
-0.019
0.001
0.009
-0.119
-0.046
-0.061
-0.046
-0.013
-0.022
-0.037
-0.053
-0.043
-0.044
-0.033
-0.027
-0.046
-0.061
-0.056
-0.038
0.014
-0.045
-0.046
-0.063
-0.013
-0.001
0.029
-0.034
-0.026
0.027
-0.05
-0.012
-0.046
-0.05
-0.034
-0.04
-0.064
0.006
-0.004
0.059
-0.042
0.006
0.122
0.017
0.006
0.031
-0.063
0.001
-0.015
-0.035
-0.056
-0.012
0.03
-0.066
0.013
0.004
-0.004
-0.053
-0.05
-0.105
-0.052
-0.064
-0.001
-0.004
0.011
-0.053
0.01
-0.025
0.04
0.114
-0.024
0.028
0.014
-0.03
-0.104
0.011
0.017
-0.042
-0.019
-0.034
-0.056
-0.05
-0.045
-0.06
0.013
-0.049
-0.034
-0.012
-0.076
-0.042
-0.077
0.045
0.012
-0.007
-0.057
-0.062
-0.103
-0.03
-0.045
-0.082
-0.04
0.048
-0.089
0.016
0.009
-0.04
0.053
0.05
0.028
-0.003
-0.005
-0.033
-0.014
0.011
0.011
-0.01
-0.077
-0.015
-0.041
-0.086
-0.01
-0.024
-0.003
-0.043
0.001
-0.02
-0.047
0.005
-0.035
-0.028
-0.061
-0.02
0.018
-0.02
0.008
0.014
-0.047
-0.051
0.026
0.042
-0.101
-0.047
-0.01
-0.072
-0.07
-0.025
-0.049
0.006
-0.061
0.0
0.001
0.025
-0.047
0.025
-0.012
-0.032
-0.069
0.017
0.045
-0.057
-0.058
-0.022
-0.034
-0.058
-0.079
-0.013
-0.094
-0.003
0.022
-0.028
0.026
-0.013
-0.015
-0.003
0.019
0.012
-0.001
-0.017
-0.104
-0.105
-0.069
-0.061
-0.058
0.0
-0.017
-0.058
0.058
-0.032
-0.013
-0.075
-0.085
-0.107
-0.039
-0.083
-0.07
0.032
-0.066
-0.106
-0.01
-0.062
-0.01
0.025
0.039
-0.024
0.01
0.002
-0.029
-0.043
-0.034
0.008
0.0
-0.028
-0.059
-0.068
-0.031
-0.087
-0.03
-0.07
-0.043
-0.085
0.004
-0.063
-0.12
0.054
-0.017
0.029
-0.002
-0.001
0.014
0.081
-0.06
-0.119
0.004
0.012
-0.069
-0.109
-0.022
-0.011
0.051
0.02
-0.04
-0.006
-0.03
0.021
-0.017
-0.068
-0.053
-0.024
-0.034
-0.105
-0.136
-0.072
-0.032
0.031
-0.044
-0.094
-0.056
-0.072
-0.092
0.049
0.021
-0.03
-0.062
0.042
0.057
-0.013
-0.038
-0.126
-0.02
-0.02
-0.086
-0.009
0.027
0.006
-0.037
-0.073
-0.096
-0.026
-0.016
-0.072
-0.049
0.005
-0.013
-0.015
-0.059
0.079
-0.012
0.029
-0.09
-0.103
-0.016
-0.018
-0.032
-0.061
-0.023
-0.022
0.009
-0.011
-0.001
-0.001
-0.03
-0.035
-0.085
-0.023
-0.076
-0.076
-0.05
-0.009
-0.014
-0.031
-0.075
0.043
-0.055
-0.065
-0.058
-0.064
-0.007
0.058
-0.081
0.039
-0.04
0.019
0.009
-0.02
-0.09
-0.035
-0.036
0.043
-0.007
-0.023
-0.005
-0.01
-0.11
-0.017
-0.071
0.001
0.015
-0.037
-0.081
0.001
0.01
-0.005
-0.054
-0.028
-0.024
0.014
-0.053
0.048
-0.034
0.027
-0.015
-0.025
-0.037
-0.029
-0.063
0.075
-0.052
-0.013
-0.039
-0.009
-0.074
-0.026
-0.036
0.028
0.065
-0.022
-0.127
-0.073
-0.019
-0.008
-0.021
-0.041
-0.033
-0.1
-0.089
0.006
-0.041
-0.033
0.024
-0.023
-0.105
-0.007
0.01
0.022
-0.021
-0.132
-0.091
0.075
-0.087
-0.048
-0.003
-0.007
-0.06
-0.05
0.139
-0.082
-0.019
-0.007
-0.051
-0.014
-0.036
0.018
0.006
-0.001
-0.049
-0.055
-0.061
0.016
-0.008
-0.039
-0.015
0.033
-0.063
0.022
-0.022
0.008
-0.107
-0.164
-0.053
-0.004
-0.088
-0.057
-0.017
-0.046
-0.068
0.009
-0.029
-0.094
-0.064
-0.043
0.014
-0.031
0.042
-0.033
-0.048
-0.073
-0.114
-0.076
-0.024
-0.036
-0.068
-0.071
0.006
-0.036
0.019
-0.12
-0.064
-0.005
-0.007
-0.014
0.014
0.003
0.064
-0.04
-0.02
-0.061
-0.064
-0.055
-0.059
-0.069
-0.132
-0.004
0.014
-0.006
0.044
-0.07
0.002
0.059
0.005
-0.033
-0.019
-0.073
-0.061
-0.002
-0.082
-0.064
-0.047
0.095
-0.011
0.008
-0.092
-0.013
-0.059
-0.061
-0.045
-0.079
-0.011
0.008
-0.032
0.09
0.028
-0.068
-0.073
-0.045
-0.065
0.015
0.072
-0.021
-0.022
-0.014
0.02
-0.071
-0.064
-0.059
-0.004
0.042
0.014
-0.013
0.046
-0.028
-0.003
-0.025
-0.046
-0.053
0.079
-0.13
-0.038
0.001
-0.024
-0.006
-0.023
-0.058
0.025
-0.038
-0.059
-0.038
-0.051
0.029
-0.074
-0.072
-0.067
-0.034
-0.067
0.029
-0.022
-0.003
-0.005
0.017
-0.089
0.009
0.04
-0.046
-0.065
-0.072
-0.028
-0.014
-0.024
-0.006
-0.104
-0.079
0.008
-0.027
0.004
0.02
-0.079
0.02
-0.094
-0.043
0.03
-0.043
0.082
-0.004
0.043
-0.027
0.004
-0.031
0.003
0.019
-0.008
-0.076
0.021
-0.012
0.01
-0.014
0.025
-0.057
0.006
0.062
-0.026
-0.052
0.004
-0.032
0.025
-0.043
-0.045
-0.001
-0.003
-0.08
-0.004
-0.039
-0.053
-0.037
-0.077
0.069
-0.022
-0.081
0.017
0.083
-0.006
-0.062
-0.012
-0.059
-0.047
-0.008
-0.096
0.022
-0.039
-0.054
-0.05
-0.001
0.006
0.069
-0.036
0.019
-0.05
-0.026
-0.021
-0.057
-0.057
-0.002
-0.113
-0.038
-0.044
-0.1
-0.046
-0.009
-0.008
-0.041
-0.125
-0.093
0.025
-0.028
-0.089
0.005
-0.011
0.029
0.0
-0.008
-0.014
-0.029
-0.044
-0.026
-0.057
-0.042
0.015
-0.057
-0.005
-0.053
-0.025
-0.031
-0.045
-0.083
0.002
-0.004
0.067
-0.065
-0.059
-0.049
-0.056
0.01
-0.009
-0.015
-0.01
-0.051
-0.019
-0.072
-0.009
-0.113
-0.085
-0.2
-0.062
0.087
-0.04
-0.02
-0.015
-0.11
-0.08
-0.056
0.006
0.012
0.001
0.043
-0.065
0.01
-0.033
-0.081
-0.02
0.036
0.028
-0.091
-0.056
-0.093
-0.03
0.04
-0.09
0.001
-0.073
-0.01
-0.166
0.005
-0.017
0.049
-0.051
-0.007
0.001
0.027
0.038
-0.061
0.005
-0.068
-0.014
0.039
-0.033
0.01
-0.043
-0.01
-0.067
-0.004
-0.011
-0.024
0.001
0.008
-0.009
-0.074
-0.016
-0.012
0.017
0.024
-0.031
-0.045
-0.027
-0.022
0.02
-0.078
0.008
-0.151
-0.072
0.018
0.033
-0.036
-0.018
-0.056
-0.079
-0.093
-0.032
-0.009
-0.103
-0.074
-0.034
-0.027
-0.013
-0.051
0.037
-0.059
0.031
-0.111
-0.011
-0.002
0.0
-0.074
-0.017
-0.156
-0.03
-0.002
-0.005
0.037
-0.06
-0.003
-0.013
-0.09
-0.091
0.028
-0.004
-0.073
0.029
-0.044
-0.019
-0.07
-0.095
-0.041
-0.02
0.024
-0.008
-0.027
0.076
-0.021
-0.048
-0.013
-0.086
-0.003
0.071
-0.011
-0.063
-0.061
-0.018
0.008
0.035
0.033
-0.042
-0.047
-0.046
0.02
-0.042
-0.052
-0.072
-0.048
-0.026
0.054
-0.012
-0.091
-0.081
0.018
0.039
-0.003
-0.08
0.033
0.036
-0.037
-0.029
-0.042
0.011
-0.014
-0.031
-0.013
-0.043
-0.04
-0.029
-0.012
0.026
-0.045
-0.094
0.053
0.022
-0.007
-0.039
0.017
0.038
-0.072
-0.019
-0.088
-0.102
-0.021
-0.065
0.009
0.001
0.107
0.004
0.001
0.011
0.014
0.014
-0.093
0.045
0.002
-0.015
-0.091
-0.025
-0.091
0.001
-0.088
-0.034
-0.015
-0.057
-0.013
0.002
-0.033
-0.063
-0.015
-0.003
-0.015
-0.031
0.002
-0.017
-0.099
0.028
-0.061
-0.08
-0.04
-0.063
-0.07
0.011
-0.023
-0.034
-0.029
-0.023
0.022
-0.052
0.011
-0.013
-0.045
0.002
-0.032
-0.106
-0.064
0.026
-0.062
-0.03
-0.017
-0.094
-0.02
0.02
-0.032
-0.064
-0.003
0.017
-0.036
-0.016
0.007
-0.03
-0.037
-0.028
-0.106
0.003
-0.026
-0.147
-0.067
-0.051
-0.096
-0.023
0.04
0.011
-0.048
-0.022
-0.073
-0.042
-0.007
-0.052
-0.014
-0.049
-0.057
0.04
-0.028
-0.021
0.006
-0.037
-0.034
-0.032
-0.018
-0.021
-0.039
-0.063
-0.008
0.004
-0.086
0.028
-0.048
-0.079
-0.101
-0.045
0.016
-0.09
-0.1
-0.05
-0.017
0.011
-0.046
-0.058
0.048
0.039
0.024
-0.081
-0.072
-0.06
0.015
-0.038
0.047
-0.049
-0.079
-0.042
-0.077
-0.08
-0.074
0.029
-0.01
-0.062
0.005
0.035
0.016
-0.003
-0.039
-0.109
0.013
0.007
-0.028
-0.034
-0.09
-0.076
-0.087
-0.033
0.006
-0.027
-0.098
-0.006
-0.008
0.029
-0.113
-0.014
0.014
-0.009
-0.017
0.063
-0.034
-0.045
-0.023
0.013
-0.022
-0.05
-0.072
-0.094
-0.05
0.043
-0.014
-0.062
-0.046
0.049
-0.041
0.053
-0.058
0.0
0.103
-0.105
0.081
-0.052
-0.011
0.005
0.008
0.025
-0.025
-0.057
-0.051
-0.013
0.056
0.037
0.014
-0.047
0.113
-0.101
0.0
-0.006
-0.076
-0.031
0.009
-0.075
0.008
-0.006
-0.093
-0.04
-0.039
-0.071
-0.031
-0.066
-0.112
-0.051
-0.042
-0.011
-0.061
-0.025
-0.069
-0.031
0.007
-0.06
-0.082
-0.032
0.037
-0.005
-0.039
-0.113
-0.044
-0.074
-0.048
-0.014
-0.038
-0.025
0.021
-0.044
-0.05
-0.031
-0.04
-0.081
-0.039
-0.018
-0.037
-0.025
-0.085
-0.031
-0.074
0.03
-0.016
0.01
-0.081
-0.055
-0.033
0.005
-0.064
-0.028
-0.046
-0.019
-0.068
-0.096
0.007
-0.034
-0.022
-0.057
0.039
-0.043
-0.084
-0.038
-0.048
-0.125
-0.016
-0.007
-0.062
-0.06
-0.036
-0.013
-0.092
-0.08
-0.067
-0.079
-0.073
-0.049
-0.023
-0.067
0.018
-0.044
-0.15
-0.045
-0.015
-0.008
-0.035
-0.072
0.056
-0.019
0.011
0.08
-0.085
0.007
0.046
-0.008
-0.051
-0.06
-0.04
-0.071
-0.018
-0.062
-0.033
-0.023
-0.008
-0.042
0.027
-0.007
-0.045
-0.092
-0.072
-0.06
-0.007
0.07
-0.009
-0.034
0.005
-0.101
-0.014
-0.028
-0.042
0.007
-0.128
-0.03
0.0
-0.05
-0.038
-0.047
-0.094
0.001
-0.139
0.029
-0.043
-0.059
-0.056
-0.072
-0.016
0.037
-0.059
-0.09
-0.032
0.006
-0.022
0.009
-0.049
-0.03
0.041
-0.052
0.0
-0.116
0.03
-0.132
-0.088
0.023
-0.022
-0.048
-0.016
-0.006
-0.134
0.016
0.019
-0.022
-0.088
-0.011
-0.06
-0.019
-0.051
-0.086
-0.026
-0.02
-0.041
-0.13
-0.003
0.02
0.006
0.079
-0.015
0.021
-0.055
0.031
-0.025
-0.007
-0.097
0.043
-0.041
0.014
-0.015
-0.06
-0.032
0.019
-0.009
-0.028
0.015
-0.036
-0.049
-0.019
-0.001
0.018
-0.026
-0.019
-0.047
-0.029
-0.019
-0.027
-0.043
0.05
-0.049
-0.008
-0.072
-0.099
-0.103
-0.007
-0.068
0.006
-0.102
0.018
0.005
-0.024
-0.019
-0.043
-0.102
0.007
-0.092
-0.009
-0.076
-0.081
-0.038
0.001
0.044
-0.057
-0.037
0.006
-0.028
0.029
0.007
-0.042
-0.06
-0.093
-0.059
-0.06
-0.033
-0.033
-0.04
-0.021
-0.011
-0.033
-0.056
-0.021
-0.042
0.021
0.01
-0.007
-0.026
-0.065
-0.044
-0.002
-0.076
0.023
0.021
-0.054
-0.066
0.032
-0.057
-0.067
-0.036
-0.057
0.021
-0.019
-0.066
-0.095
-0.019
-0.013
0.012
0.014
-0.063
0.027
-0.035
-0.076
-0.077
0.01
-0.141
-0.017
-0.037
-0.013
0.004
-0.051
-0.072
-0.069
-0.029
-0.053
-0.03
-0.003
-0.081
-0.036
0.009
0.0
-0.053
-0.019
-0.051
-0.032
-0.012
-0.053
-0.028
-0.032
-0.008
0.033
-0.049
0.047
0.063
-0.017
-0.041
-0.065
-0.048
-0.01
0.016
0.026
-0.078
-0.071
-0.041
-0.015
-0.024
-0.013
0.028
-0.125
-0.022
0.089
-0.025
-0.029
0.015
-0.085
0.074
-0.055
-0.021
0.031
0.022
0.003
-0.005
-0.059
0.011
0.016
-0.008
0.052
-0.045
0.006
-0.029
-0.06
-0.02
-0.054
-0.035
-0.029
-0.054
0.014
-0.014
-0.012
-0.063
0.036
-0.101
-0.006
0.006
-0.039
-0.056
0.062
0.03
-0.125
0.006
-0.046
-0.043
-0.009
-0.058
-0.088
-0.022
-0.053
-0.045
-0.104
0.061
-0.004
-0.047
-0.053
0.01
-0.028
0.01
-0.111
-0.048
-0.047
-0.049
-0.058
0.011
0.027
0.005
-0.027
-0.006
-0.063
-0.062
0.019
-0.027
-0.034
0.013
-0.003
-0.064
-0.041
-0.028
-0.054
0.006
-0.079
-0.031
0.016
0.01
-0.011
-0.003
-0.015
-0.096
-0.039
0.002
-0.059
0.046
-0.074
-0.049
-0.013
-0.008
-0.024
-0.113
-0.017
-0.048
0.003
-0.122
-0.113
-0.018
-0.029
-0.119
-0.026
-0.015
-0.003
-0.053
0.041
-0.011
0.091
-0.007
-0.052
0.038
-0.061
-0.008
-0.045
-0.072
-0.061
0.011
-0.019
-0.084
-0.017
-0.038
0.052
-0.097
-0.01
-0.024
0.002
-0.034
-0.038
-0.082
0.037
0.001
-0.116
0.026
-0.006
-0.041
0.034
0.031
-0.029
-0.092
-0.064
0.047
-0.09
-0.01
-0.001
-0.064
-0.024
-0.002
-0.118
-0.022
0.005
-0.01
-0.042
-0.061
-0.047
0.006
-0.101
-0.032
-0.004
-0.033
-0.086
-0.009
-0.027
0.035
-0.067
-0.03
-0.025
-0.018
-0.1
0.017
-0.109
-0.064
0.015
-0.092
0.004
-0.016
-0.003
-0.038
-0.043
-0.015
0.039
0.007
-0.043
0.01
-0.002
-0.062
0.022
-0.027
0.018
-0.042
-0.062
-0.01
-0.039
0.035
-0.029
-0.037
-0.056
-0.066
-0.043
-0.059
-0.067
-0.002
-0.013
-0.061
-0.043
-0.068
-0.065
-0.085
-0.031
-0.015
-0.007
-0.009
-0.051
-0.086
0.012
0.036
-0.031
-0.034
0.004
-0.015
0.001
-0.011
0.001
-0.029
-0.042
-0.044
-0.013
-0.062
-0.041
0.029
-0.108
-0.006
-0.004
0.001
-0.004
-0.06
-0.05
-0.016
-0.047
-0.061
0.031
-0.023
-0.037
-0.067
-0.047
-0.078
-0.026
-0.018
0.008
0.078
-0.065
-0.012
-0.033
-0.044
-0.021
-0.022
-0.007
0.018
-0.072
0.017
0.029
-0.067
-0.021
0.018
0.013
-0.015
-0.008
-0.067
-0.047
0.002
0.029
0.02
-0.118
-0.012
-0.011
-0.028
-0.035
0.035
-0.109
-0.135
-0.033
-0.026
-0.039
0.009
-0.051
-0.05
0.008
-0.095
-0.065
-0.047
-0.033
-0.007
-0.048
-0.044
0.003
-0.048
-0.065
0.002
0.017
-0.006
0.019
0.007
0.049
-0.061
-0.035
-0.047
-0.042
-0.024
-0.069
-0.078
-0.069
-0.007
-0.076
-0.052
-0.031
-0.068
-0.057
0.022
-0.089
-0.033
-0.051
-0.013
-0.033
-0.082
-0.102
-0.049
-0.008
-0.101
-0.076
-0.063
-0.018
-0.028
-0.044
-0.032
-0.004
0.02
-0.055
0.026
-0.026
0.06
-0.011
-0.053
0.047
0.011
-0.011
-0.053
-0.032
0.023
0.0
-0.033
-0.001
-0.057
0.042
0.019
-0.049
0.065
0.002
-0.04
0.017
-0.068
-0.015
0.042
-0.006
0.007
-0.093
-0.025
-0.019
-0.053
0.035
-0.11
0.016
-0.064
-0.033
0.017
-0.019
-0.045
0.014
-0.071
-0.088
-0.027
-0.015
0.0
-0.03
-0.058
-0.046
0.02
0.041
0.026
-0.014
-0.064
0.044
0.003
-0.042
-0.077
0.049
-0.058
-0.049
-0.035
-0.005
0.036
0.023
-0.046
-0.001
0.016
0.069
-0.045
-0.045
-0.024
-0.037
-0.008
-0.096
-0.094
-0.024
0.021
0.017
-0.118
0.036
-0.118
0.026
-0.116
-0.065
0.016
-0.013
-0.008
0.003
-0.071
-0.045
-0.037
0.028
-0.075
0.034
0.01
-0.05
-0.035
-0.081
-0.073
-0.01
0.044
-0.011
-0.033
-0.013
0.025
-0.09
-0.024
-0.076
0.048
-0.04
-0.042
-0.114
-0.151
-0.021
0.003
-0.036
-0.025
-0.028
0.045
-0.025
-0.03
-0.005
0.012
-0.075
0.01
0.056
0.02
0.001
-0.027
-0.051
-0.04
-0.019
0.002
0.02
-0.029
0.02
-0.081
-0.021
-0.024
0.024
-0.025
-0.026
-0.012
-0.02
-0.023
-0.021
-0.098
-0.076
-0.073
-0.032
0.012
-0.033
-0.005
0.01
0.032
-0.046
-0.014
-0.032
0.005
-0.085
-0.039
-0.069
-0.082
-0.053
-0.017
-0.019
-0.056
-0.076
-0.038
-0.027
0.002
0.024
-0.106
0.004
-0.018
0.043
0.029
-0.042
-0.073
-0.034
-0.091
-0.055
-0.008
-0.104
-0.045
-0.032
0.056
0.054
-0.024
-0.01
-0.004
-0.016
-0.02
-0.05
-0.011
-0.076
-0.036
-0.042
-0.022
-0.016
-0.017
-0.075
-0.001
-0.065
0.036
-0.023
-0.018
0.015
-0.05
0.064
-0.041
0.029
-0.067
-0.001
-0.046
-0.093
-0.084
-0.065
-0.014
-0.054
0.004
0.0
0.072
-0.055
-0.068
-0.045
-0.022
0.011
-0.063
0.012
0.012
0.011
-0.047
-0.086
0.02
-0.013
-0.052
-0.03
0.008
0.001
-0.039
-0.006
-0.087
-0.073
-0.105
-0.055
-0.035
-0.098
-0.109
0.005
-0.031
-0.006
0.02
-0.02
-0.063
-0.022
-0.025
-0.149
-0.048
-0.073
-0.004
-0.026
-0.084
-0.074
0.022
-0.026
-0.078
0.02
0.039
0.006
-0.075
-0.01
-0.006
-0.01
-0.042
-0.021
0.029
0.027
0.023
-0.064
0.009
-0.023
-0.009
-0.023
-0.055
-0.057
-0.015
-0.037
-0.074
-0.103
0.007
-0.025
0.025
0.037
-0.056
-0.039
-0.031
-0.08
-0.079
-0.085
-0.019
0.051
-0.034
-0.013
0.002
-0.086
-0.033
-0.072
-0.061
-0.051
-0.086
-0.023
-0.049
0.04
-0.028
-0.093
0.015
-0.058
0.024
-0.016
-0.035
-0.07
-0.059
0.015
-0.053
0.031
0.025
0.064
-0.008
0.006
-0.037
0.008
0.013
0.043
-0.017
-0.12
-0.003
-0.069
-0.079
-0.051
-0.042
-0.029
0.003
-0.017
-0.012
-0.046
0.04
-0.031
0.058
0.017
-0.031
0.021
0.073
-0.003
-0.022
0.007
-0.046
-0.052
-0.014
0.038
-0.069
-0.028
-0.022
-0.058
0.007
-0.019
-0.017
-0.014
-0.036
-0.054
-0.06
-0.111
-0.088
-0.032
-0.072
-0.03
-0.021
0.038
-0.023
0.025
0.056
-0.015
-0.035
-0.013
-0.016
0.047
-0.08
0.025
-0.04
0.004
-0.056
-0.019
0.048
0.027
-0.034
0.079
-0.081
-0.058
-0.045
-0.017
-0.003
-0.104
-0.049
-0.027
0.052
-0.041
-0.049
-0.033
-0.1
-0.005
-0.026
-0.016
0.004
0.104
-0.03
0.061
0.04
-0.038
0.1
-0.046
-0.055
-0.037
-0.073
-0.048
-0.023
0.034
-0.021
-0.012
-0.043
-0.044
-0.048
-0.042
-0.095
0.031
-0.094
-0.008
-0.064
0.002
-0.04
0.074
0.059
-0.048
-0.012
-0.025
-0.006
-0.015
0.035
-0.063
-0.025
-0.017
0.001
-0.048
-0.052
-0.081
-0.008
-0.04
-0.031
-0.126
-0.018
0.054
0.046
-0.019
-0.05
-0.061
-0.079
-0.01
-0.081
0.032
0.014
0.024
0.093
-0.031
0.051
0.009
0.029
-0.006
0.004
0.006
-0.048
0.031
-0.074
-0.065
0.034
0.036
-0.004
-0.027
-0.076
-0.011
-0.039
0.052
0.04
-0.048
-0.072
-0.032
0.032
0.09
-0.029
0.017
-0.085
0.013
-0.023
-0.076
-0.082
0.009
-0.085
-0.034
0.002
-0.094
-0.017
0.075
-0.149
-0.038
-0.107
-0.031
0.022
0.035
-0.002
-0.03
0.054
-0.045
-0.057
-0.051
-0.047
-0.02
-0.065
0.002
-0.042
-0.05
0.03
0.0
-0.057
0.016
0.013
0.006
-0.059
0.027
-0.034
-0.007
-0.079
-0.036
-0.024
-0.06
-0.022
-0.036
-0.089
0.002
-0.077
-0.03
0.007
0.014
-0.011
-0.042
0.049
-0.027
0.021
0.016
0.08
-0.025
-0.052
-0.037
-0.068
-0.036
0.008
0.047
-0.065
-0.021
-0.041
0.002
-0.034
-0.035
0.044
-0.022
-0.055
-0.073
-0.053
-0.041
-0.013
-0.062
0.006
0.044
-0.042
-0.013
0.023
-0.092
-0.022
-0.031
-0.09
-0.069
-0.078
-0.062
-0.015
-0.006
-0.04
-0.049
-0.023
-0.062
-0.059
-0.041
-0.039
-0.034
0.0
0.024
-0.003
-0.073
0.019
0.067
0.056
0.007
-0.058
-0.07
-0.039
0.008
0.024
-0.097
-0.069
-0.019
-0.063
0.026
-0.016
-0.055
-0.011
-0.013
-0.043
-0.091
-0.07
-0.048
-0.087
-0.001
-0.077
-0.03
0.016
-0.099
-0.043
-0.05
-0.067
0.022
-0.062
-0.031
0.039
-0.088
-0.086
-0.017
0.018
-0.024
0.018
-0.05
-0.081
0.008
-0.085
-0.078
-0.019
-0.059
-0.102
-0.048
-0.052
-0.068
-0.067
-0.074
0.023
-0.021
-0.074
-0.092
-0.029
-0.042
-0.052
-0.053
-0.034
-0.027
-0.034
0.01
0.013
0.001
0.045
0.014
-0.058
-0.045
-0.033
-0.112
-0.011
-0.043
0.058
-0.032
-0.03
-0.025
-0.045
0.057
-0.064
-0.014
0.027
-0.015
-0.01
-0.002
-0.013
-0.054
-0.013
-0.057
0.081
-0.086
-0.003
-0.072
-0.073
0.042
-0.058
0.0
-0.004
-0.111
-0.02
-0.016
-0.05
0.019
0.005
0.039
-0.009
0.045
-0.048
-0.025
-0.129
-0.075
-0.038
-0.072
0.068
-0.061
0.068
-0.073
0.039
-0.026
-0.069
-0.047
-0.017
-0.043
-0.001
-0.01
0.003
-0.063
-0.066
-0.003
0.027
-0.062
-0.047
0.014
-0.081
0.069
-0.089
-0.102
0.009
-0.107
-0.046
-0.106
0.03
-0.001
-0.062
0.0
-0.025
-0.06
-0.011
0.002
0.045
-0.043
-0.017
0.031
-0.063
0.017
-0.006
0.012
0.068
-0.001
-0.095
-0.086
-0.064
0.026
-0.126
-0.049
-0.034
-0.024
0.018
-0.04
-0.111
-0.048
-0.036
-0.099
-0.036
-0.079
-0.077
-0.015
0.041
0.005
-0.002
-0.012
0.046
-0.063
0.034
0.066
-0.009
-0.06
-0.062
-0.028
-0.05
0.016
-0.026
-0.081
-0.003
-0.086
0.031
0.044
-0.034
-0.036
-0.033
-0.026
-0.023
-0.064
0.025
-0.04
-0.056
-0.05
-0.051
-0.112
-0.045
-0.031
-0.035
-0.084
0.05
-0.076
-0.042
-0.001
-0.023
-0.031
-0.034
-0.044
-0.002
-0.031
-0.019
-0.046
-0.035
-0.044
-0.037
-0.001
-0.068
-0.013
-0.053
-0.057
0.003
-0.068
0.025
0.018
-0.007
0.002
-0.048
-0.041
-0.054
-0.011
-0.063
-0.003
-0.016
-0.037
0.012
-0.028
0.053
-0.046
-0.021
-0.038
-0.025
-0.085
-0.051
0.026
0.045
0.022
0.031
0.027
-0.061
0.045
-0.065
0.003
0.005
-0.006
-0.077
-0.041
-0.048
-0.032
-0.045
0.03
-0.035
-0.011
-0.024
-0.027
-0.072
-0.032
-0.064
-0.039
-0.025
-0.142
0.043
-0.046
0.071
-0.02
-0.003
-0.091
-0.023
-0.057
0.048
-0.052
-0.061
0.064
-0.011
0.038
-0.057
0.032
0.021
0.009
-0.116
-0.032
-0.093
0.029
-0.03
0.005
-0.072
0.03
-0.045
-0.006
-0.053
-0.041
-0.039
0.042
0.069
-0.051
-0.008
-0.05
0.001
0.058
0.018
0.073
0.013
-0.046
-0.074
-0.014
0.023
0.03
0.0
-0.021
0.007
-0.086
-0.017
0.021
-0.026
-0.043
0.024
-0.015
0.008
0.037
-0.057
-0.026
0.042
-0.036
0.016
0.046
-0.03
-0.016
0.044
-0.069
-0.008
-0.021
-0.032
-0.054
0.006
0.035
-0.02
0.048
-0.102
-0.041
-0.071
-0.104
0.075
0.014
-0.059
-0.018
0.018
-0.021
-0.032
-0.09
-0.008
-0.027
0.019
-0.018
-0.082
-0.027
0.005
-0.022
0.015
0.038
-0.095
0.086
-0.052
0.009
0.026
-0.007
-0.046
0.011
-0.077
0.069
-0.001
0.083
-0.031
-0.033
-0.025
-0.001
-0.101
-0.065
-0.004
-0.052
-0.011
-0.033
0.006
-0.022
-0.096
-0.057
-0.049
0.022
0.029
0.039
-0.045
0.007
-0.022
0.095
-0.033
-0.004
0.022
-0.088
-0.099
-0.1
-0.017
-0.05
-0.035
-0.077
0.045
-0.05
-0.08
0.013
-0.022
-0.035
-0.037
-0.045
-0.027
0.021
0.009
-0.043
0.09
-0.055
-0.078
-0.026
-0.061
0.007
0.018
-0.111
-0.046
0.016
0.013
-0.098
-0.065
-0.068
-0.078
-0.024
-0.062
-0.079
-0.062
-0.03
-0.043
-0.066
-0.01
-0.07
0.021
0.005
0.031
-0.057
-0.083
-0.054
0.009
-0.019
-0.035
-0.031
-0.009
0.044
-0.063
-0.087
-0.027
0.007
-0.101
0.005
0.036
0.014
-0.013
-0.05
-0.06
-0.032
-0.041
-0.116
-0.016
0.024
-0.038
-0.021
-0.065
-0.024
0.0
-0.086
-0.131
-0.07
-0.077
-0.047
-0.031
-0.014
-0.012
-0.002
0.001
-0.006
-0.064
-0.047
0.012
0.04
-0.052
-0.028
-0.035
-0.009
-0.005
0.007
-0.075
-0.033
-0.059
-0.128
0.018
-0.056
0.025
-0.104
-0.039
-0.011
-0.005
-0.022
-0.017
-0.018
-0.087
0.088
-0.056
-0.014
-0.015
0.034
-0.003
0.025
-0.078
-0.081
-0.032
-0.119
-0.032
0.005
-0.052
-0.053
-0.026
-0.027
-0.06
-0.066
-0.109
-0.018
-0.092
-0.065
-0.038
-0.036
0.024
0.007
-0.039
0.038
0.041
-0.065
-0.025
-0.065
0.023
-0.044
0.017
0.013
-0.069
-0.04
0.007
-0.011
-0.025
-0.057
-0.08
-0.015
-0.066
-0.021
-0.015
0.015
-0.039
-0.059
-0.046
-0.005
-0.005
-0.005
-0.015
-0.1
-0.066
-0.06
0.002
-0.066
0.003
-0.048
0.013
-0.019
0.011
0.004
-0.008
0.061
-0.103
-0.078
-0.035
0.0
-0.052
-0.056
-0.056
0.057
0.02
-0.004
-0.03
-0.045
-0.018
-0.005
-0.06
0.033
-0.028
-0.034
-0.042
-0.03
0.005
0.011
-0.097
-0.003
-0.027
-0.076
-0.001
-0.017
-0.007
-0.06
-0.039
-0.097
-0.04
-0.009
0.007
-0.013
0.032
-0.046
-0.001
-0.043
-0.004
-0.067
-0.027
-0.04
-0.116
-0.001
-0.056
-0.011
-0.04
0.05
0.009
-0.069
-0.042
-0.049
0.05
-0.071
0.022
-0.052
-0.017
-0.061
-0.032
-0.013
-0.081
-0.013
-0.06
0.032
-0.022
-0.054
-0.129
-0.024
0.06
-0.013
-0.01
-0.046
-0.031
-0.021
-0.038
-0.041
-0.05
-0.055
-0.019
-0.074
0.028
0.029
-0.072
-0.04
0.036
0.035
-0.112
-0.104
0.02
0.062
0.005
-0.063
-0.04
-0.077
-0.031
0.018
-0.057
-0.047
-0.087
-0.002
0.035
0.051
0.036
0.0
-0.008
-0.017
-0.125
-0.051
-0.051
-0.06
0.01
0.002
-0.029
-0.112
0.004
-0.038
-0.018
-0.083
-0.031
0.026
-0.068
-0.054
0.014
-0.118
-0.006
-0.018
-0.043
0.01
0.003
0.008
0.015
-0.06
0.002
0.062
-0.051
-0.034
-0.022
-0.004
-0.032
-0.007
-0.008
-0.04
-0.077
-0.02
-0.007
-0.091
-0.021
-0.043
-0.028
-0.074
-0.044
-0.05
-0.101
-0.011
-0.006
0.01
0.031
-0.053
-0.057
-0.042
-0.061
-0.08
-0.045
0.056
0.012
-0.049
0.039
-0.022
-0.001
-0.042
-0.056
-0.064
0.0
-0.049
0.05
-0.063
-0.019
-0.001
-0.045
0.036
-0.021
0.004
-0.052
0.001
-0.006
-0.021
-0.057
-0.094
-0.013
-0.037
-0.089
-0.04
0.041
-0.016
0.06
-0.07
-0.118
-0.054
0.071
-0.021
-0.075
0.027
-0.075
-0.063
-0.025
-0.032
-0.033
0.057
0.025
-0.108
-0.034
-0.03
-0.073
-0.035
-0.059
-0.014
-0.085
-0.042
-0.041
-0.01
0.032
0.001
0.008
-0.062
-0.037
-0.009
-0.054
-0.028
-0.062
-0.008
-0.085
-0.125
-0.019
-0.093
-0.035
-0.019
-0.053
-0.066
-0.044
0.032
-0.08
0.025
-0.113
0.005
0.076
-0.025
-0.016
0.009
-0.075
-0.079
-0.076
-0.036
0.065
-0.039
0.065
-0.053
-0.127
-0.044
0.019
-0.067
-0.013
-0.056
-0.012
-0.017
0.055
0.039
0.02
-0.07
-0.032
-0.066
-0.006
-0.047
-0.03
0.049
-0.081
-0.008
-0.156
-0.034
-0.012
-0.05
-0.024
-0.046
-0.054
-0.079
-0.095
-0.049
0.01
-0.047
-0.032
-0.008
0.048
-0.025
-0.043
-0.009
0.038
-0.045
-0.065
-0.059
0.018
0.02
-0.061
-0.083
-0.02
0.013
-0.006
0.019
0.021
-0.035
0.033
-0.064
-0.024
-0.016
0.017
0.013
-0.01
-0.063
-0.036
0.015
0.034
0.078
-0.011
-0.056
0.031
0.016
-0.015
-0.014
-0.058
-0.082
-0.005
-0.064
-0.033
0.051
-0.094
-0.096
-0.062
-0.081
0.052
0.039
0.024
0.023
-0.019
-0.003
-0.045
-0.039
-0.052
-0.004
-0.01
-0.012
-0.009
-0.109
-0.001
-0.073
-0.005
-0.013
0.024
-0.055
-0.061
-0.031
-0.093
-0.038
0.013
-0.094
-0.036
-0.008
-0.06
-0.015
-0.067
-0.01
-0.056
-0.084
-0.086
-0.069
0.032
-0.025
-0.042
-0.093
0.059
-0.007
0.0
-0.019
-0.035
-0.059
-0.017
0.051
-0.059
-0.082
-0.004
-0.046
-0.074
-0.063
-0.001
0.011
-0.004
-0.061
-0.027
-0.009
-0.016
-0.033
0.012
0.013
-0.083
-0.038
-0.068
-0.095
-0.031
-0.105
-0.05
-0.092
-0.025
-0.044
-0.056
-0.035
-0.054
-0.039
-0.005
-0.026
0.005
-0.076
-0.112
-0.043
-0.027
0.041
0.004
0.008
-0.088
-0.062
-0.008
-0.011
-0.1
-0.028
0.011
0.009
-0.093
-0.143
0.028
-0.042
0.07
0.071
-0.036
-0.026
-0.021
-0.006
0.014
-0.02
0.032
-0.015
-0.015
-0.057
-0.003
0.035
0.032
-0.07
-0.038
-0.028
0.019
-0.034
0.037
0.007
-0.044
-0.065
-0.009
-0.086
0.016
0.043
-0.003
-0.113
-0.068
-0.005
-0.14
-0.047
-0.006
-0.078
0.04
-0.011
-0.064
-0.041
-0.017
0.013
-0.031
0.083
-0.02
0.002
-0.005
0.001
0.002
-0.011
-0.08
-0.017
-0.029
0.004
-0.075
0.009
0.006
-0.064
0.127
-0.098
-0.039
-0.059
0.018
0.037
-0.093
-0.031
0.014
-0.033
0.013
-0.046
-0.002
-0.063
-0.018
-0.035
-0.06
0.005
0.033
-0.019
0.016
-0.011
-0.026
-0.077
-0.035
-0.016
-0.099
-0.081
-0.068
-0.099
-0.082
-0.025
-0.083
0.044
-0.064
0.008
-0.104
-0.056
-0.068
-0.009
0.02
-0.064
-0.067
0.033
-0.041
-0.078
-0.011
-0.017
-0.032
-0.068
0.022
0.031
-0.032
-0.031
-0.032
0.036
-0.04
0.065
-0.011
-0.001
0.012
-0.034
-0.079
-0.069
0.008
0.017
-0.023
-0.018
-0.065
-0.037
-0.062
-0.126
-0.077
0.004
-0.031
-0.049
-0.011
0.056
-0.069
-0.018
-0.023
-0.052
-0.105
0.023
-0.079
-0.015
0.011
0.05
-0.034
-0.003
-0.025
-0.063
0.063
-0.103
-0.028
-0.034
-0.039
-0.02
-0.019
-0.069
-0.005
-0.016
-0.104
-0.06
-0.074
-0.014
-0.059
-0.048
-0.069
0.037
0.087
-0.016
-0.032
-0.122
-0.102
0.008
-0.053
-0.074
-0.055
-0.017
-0.035
0.0
-0.045
0.017
-0.021
-0.092
-0.038
0.068
-0.103
-0.076
-0.05
0.018
-0.074
-0.049
0.002
-0.028
-0.018
-0.041
-0.005
-0.008
-0.031
0.018
0.072
0.032
-0.088
0.0
-0.03
0.038
-0.1
-0.06
0.041
-0.076
-0.049
-0.022
-0.063
-0.079
-0.028
-0.033
-0.054
-0.048
-0.129
0.014
-0.04
-0.016
-0.007
-0.069
0.004
-0.016
-0.018
-0.012
-0.104
-0.064
-0.022
-0.037
-0.034
0.014
-0.067
-0.054
-0.002
-0.055
-0.034
-0.055
-0.071
0.007
-0.033
-0.063
-0.028
0.01
-0.001
-0.11
-0.008
-0.023
-0.02
-0.054
0.048
0.023
-0.065
0.017
0.069
-0.035
-0.05
0.01
0.072
-0.043
-0.038
-0.026
-0.036
0.004
-0.056
-0.004
-0.065
-0.024
0.024
0.073
-0.037
-0.077
-0.072
-0.067
-0.021
-0.007
-0.033
-0.02
-0.004
0.04
-0.049
-0.077
-0.057
0.017
-0.089
-0.032
-0.053
-0.046
0.032
-0.003
-0.059
-0.09
0.004
-0.049
0.007
-0.004
-0.076
-0.07
-0.009
-0.048
0.02
0.02
0.004
0.079
-0.04
-0.021
-0.067
0.007
0.023
-0.093
-0.072
-0.033
-0.004
-0.055
-0.03
-0.007
-0.045
-0.034
-0.011
-0.037
-0.046
-0.055
-0.097
-0.018
-0.057
0.044
-0.05
0.015
-0.024
-0.045
-0.08
-0.084
-0.002
0.051
-0.025
-0.019
0.052
0.019
-0.035
0.0
-0.061
0.069
-0.036
-0.016
0.02
-0.022
0.037
-0.056
-0.039
-0.053
0.006
-0.032
0.039
-0.1
0.004
-0.024
0.02
-0.03
-0.061
0.02
0.1
0.011
-0.064
0.012
-0.057

