0.19
0.391
0.194
0.267
0.289
0.083
0.239
0.329
0.192
0.072
0.243
0.279
0.285
0.265
0.298
0.205
0.204
0.308
0.216
0.144
0.136
0.324
-0.045
0.237
0.01
0.407
0.031
0.284
0.42
0.239
0.114
0.251
0.203
0.19
0.208
0.246
0.338
0.1
0.248
0.207
0.201
0.112
0.126
0.156
0.335
0.206
0.07
0.281
0.222
0.093
0.318
0.115
0.113
0.118
0.159
0.189
0.224
0.207
0.247
0.374
0.21
0.391
0.262
0.365
0.093
0.333
0.194
0.398
0.23
0.043
0.2
0.186
0.476
0.341
0.045
0.051
0.197
0.061
0.234
0.147
0.177
0.255
0.242
0.188
0.212
0.127
0.197
0.471
0.272
0.544
0.297
0.435
0.168
0.144
0.215
0.291
0.288
0.13
0.242
0.21
0.389
0.257
0.176
0.149
0.244
0.117
0.085
0.449
0.282
0.317
0.194
0.171
0.161
0.443
0.334
0.168
0.259
0.229
0.179
0.11
0.265
0.075
0.069
0.352
-0.016
0.187
0.224
0.45
0.086
0.106
0.1
0.184
0.188
-0.009
0.1
0.188
0.125
0.474
0.426
0.119
0.109
0.307
0.196
0.015
0.268
0.263
0.423
0.32
0.282
0.298
0.139
0.192
0.071
0.124
-0.014
0.16
0.198
0.051
0.288
0.06
0.073
0.047
0.239
0.194
0.359
0.514
0.251
0.195
0.117
0.424
0.249
0.217
0.133
0.323
0.131
0.192
0.289
0.074
0.132
0.146
0.354
0.163
0.378
0.213
0.367
0.124
0.276
0.232
0.12
0.208
0.403
0.293
0.125
0.233
0.118
0.083
0.135
0.106
0.147
0.109
0.404
0.172
0.117
0.387
0.238
0.135
0.262
0.359
0.004
0.43
0.244
0.1
0.32
0.117
0.14
0.219
0.107
0.078
0.239
0.011
0.125
0.206
0.161
0.21
0.206
0.026
0.193
0.263
0.181
0.136
0.215
0.108
-0.029
0.037
0.251
0.186
0.212
0.204
0.229
0.337
0.176
0.087
0.234
0.028
0.178
0.126
0.212
0.283
0.148
0.117
0.298
0.175
0.205
0.183
0.257
0.416
0.194
0.163
0.26
0.094
0.326
0.149
0.267
0.292
0.131
0.122
0.134
0.039
0.128
0.214
-0.006
0.272
0.151
0.12
0.203
0.136
0.274
0.115
0.113
0.061
0.305
0.282
0.094
0.162
0.237
0.243
0.073
0.13
0.049
0.211
0.351
0.301
-0.035
0.229
0.075
0.226
0.245
0.337
0.114
0.113
0.098
0.207
0.119
0.172
0.42
0.308
0.151
0.224
0.26
0.2
0.157
0.187
0.134
0.09
0.126
0.142
0.211
0.164
0.184
0.344
0.277
0.184
0.241
0.114
0.328
0.096
0.35
0.086
0.248
0.079
0.284
0.161
0.257
0.122
0.266
0.203
0.439
0.314
0.247
0.387
0.168
0.155
0.245
0.341
0.236
0.278
0.203
0.256
0.126
0.133
0.13
0.165
-0.068
0.385
0.104
0.346
0.028
0.163
0.157
0.269
0.16
0.114
0.173
0.195
0.268
0.276
0.107
0.49
-0.012
0.191
0.315
0.19
0.421
0.385
0.358
0.202
0.153
0.333
0.348
0.374
0.105
-0.04
0.136
0.208
0.194
0.154
0.22
0.26
0.059
0.27
0.135
0.256
0.132
0.016
0.165
0.07
0.369
0.413
0.177
0.262
0.246
0.192
0.15
0.161
0.272
0.374
0.244
0.334
0.215
0.047
0.183
0.347
-0.049
0.14
0.297
0.178
0.229
0.381
0.208
0.067
0.293
0.246
0.394
0.238
0.292
0.133
0.235
0.348
0.199
0.145
0.272
0.114
0.024
0.16
0.149
-0.017
0.129
0.255
0.259
0.116
0.358
0.217
0.083
0.173
0.173
0.069
0.162
0.086
0.251
0.155
0.396
0.44
0.417
0.301
0.242
0.065
0.111
0.154
0.075
0.099
0.218
0.141
0.207
0.449
0.287
0.421
0.01
0.134
0.179
0.107
0.208
0.084
0.255
0.185
0.467
0.114
0.17
0.168
0.062
0.14
0.076
0.152
0.155
0.22
0.11
0.295
0.12
0.154
0.471
0.107
0.149
0.244
0.094
0.275
0.156
0.133
0.12
0.333
0.173
0.236
0.115
0.082
0.153
0.185
0.183
0.289
0.083
0.268
0.176
0.243
0.157
0.226
0.305
0.294
0.185
0.441
0.106
0.298
0.22
0.231
0.204
0.215
0.403
0.024
0.217
0.083
0.035
0.113
0.156
0.277
0.027
0.232
0.227
0.232
0.217
0.333
0.177
0.118
0.298
0.294
0.166
0.176
0.097
0.196
0.181
0.391
0.342
0.261
0.14
0.064
0.296
0.244
0.196
0.258
0.268
0.23
0.186
0.294
0.132
0.006
0.27
0.227
0.14
0.286
0.135
0.099
0.304
0.29
0.349
0.176
0.128
0.383
0.011
0.282
0.176
0.303
0.198
0.191
0.024
0.32
0.025
0.191
0.293
0.111
0.153
0.165
0.267
0.244
0.129
0.089
0.296
0.316
0.319
0.214
0.218
0.057
0.321
0.169
0.133
0.058
0.142
0.344
0.338
0.231
0.458
0.217
0.13
0.194
0.109
0.067
0.255
0.029
0.084
0.301
0.18
0.336
0.455
0.119
0.195
0.123
0.208
0.162
0.244
0.198
0.19
0.174
0.204
0.074
0.226
0.495
0.209
0.201
0.129
0.425
0.117
0.265
0.095
0.132
0.213
0.008
0.222
0.065
0.123
0.198
0.16
0.395
0.125
0.167
0.116
0.216
0.251
0.477
0.334
0.268
0.055
-0.07
0.195
0.134
0.254
0.052
0.183
0.181
0.15
0.063
0.127
0.239
0.182
0.279
0.033
0.327
0.196
0.119
0.115
0.099
0.383
0.339
0.313
0.247
0.336
0.136
0.072
0.194
0.096
0.171
0.275
0.186
0.118
0.171
0.042
0.193
0.17
0.195
0.209
0.365
0.349
0.299
0.301
0.223
0.249
0.26
0.153
0.086
0.127
0.475
0.137
0.084
0.052
0.109
0.371
0.188
0.191
0.159
0.163
0.206
0.23
0.289
0.206
0.356
0.333
0.325
0.179
0.238
0.105
0.158
0.11
0.234
0.407
0.139
0.031
0.114
0.368
0.114
0.134
0.101
0.289
0.201
0.438
0.294
0.265
0.241
0.278
0.303
0.307
0.328
0.254
0.143
0.186
0.39
0.256
0.133
0.084
0.304
0.315
0.171
0.158
0.165
0.296
0.117
0.233
0.502
0.202
0.201
0.042
0.129
0.084
0.173
0.218
0.09
0.218
0.206
0.142
0.11
0.313
0.388
0.133
0.186
0.238
0.269
0.303
0.03
0.217
0.306
0.109
0.192
0.103
0.152
0.133
0.172
0.2
0.177
0.05
0.127
0.145
0.098
0.195
0.19
0.135
0.028
0.109
0.133
0.185
0.319
0.146
0.245
0.255
0.163
0.12
0.108
0.266
0.243
0.254
0.274
0.302
0.127
0.171
0.193
0.21
0.417
0.135
0.184
0.183
0.173
0.15
0.234
0.137
0.141
0.112
0.233
0.19
0.175
0.215
0.353
0.11
0.193
0.165
0.269
0.277
0.359
0.1
0.185
0.367
0.223
0.232
0.111
0.125
0.377
0.149
0.104
0.146
0.261
0.128
0.253
0.089
0.245
0.118
0.212
0.161
0.035
0.064
0.052
0.204
0.155
0.174
0.141
0.262
0.233
0.101
0.145
0.28
0.303
0.163
0.316
0.166
0.206
0.106
0.323
0.237
0.21
0.222
0.3
0.088
0.158
0.187
0.142
0.21
0.232
0.197
0.121
0.384
0.121
0.292
0.177
0.379
0.114
0.245
0.158
0.25
0.317
0.27
0.131
0.13
0.169
0.287
0.378
0.167
0.167
0.438
0.101
0.289
0.396
0.151
0.394
0.136
0.135
0.304
0.141
0.262
0.154
0.208
0.052
0.086
0.024
0.418
0.084
0.108
0.164
0.347
0.302
0.192
0.3
0.038
0.096
0.287
0.227
0.158
0.117
0.328
0.123
0.352
0.101
0.247
0.211
0.255
0.005
0.393
0.225
0.486
0.195
0.118
0.376
0.4
0.284
0.222
0.205
0.413
0.248
0.262
0.257
0.276
0.245
0.348
-0.028
0.24
0.106
0.054
0.138
0.372
0.078
0.113
0.184
0.08
0.305
0.076
0.329
0.173
0.174
0.008
0.276
0.039
0.151
0.182
0.088
0.114
0.083
0.141
0.206
0.213
0.175
0.141
0.15
0.155
0.168
0.141
0.364
0.089
0.39
0.224
0.19
0.229
0.16
0.104
0.107
0.196
0.192
0.082
0.106
0.136
0.131
0.093
0.183
0.118
0.17
0.268
0.135
0.157
0.365
0.04
0.287
0.134
0.357
0.173
0.126
0.011
0.335
0.14
0.201
0.215
0.273
0.27
0.046
0.148
0.215
0.285
0.015
0.07
0.166
0.265
0.402
0.198
0.236
0.04
0.092
0.251
0.201
0.236
0.266
0.189
0.265
0.308
0.173
0.34
0.273
0.034
0.175
0.131
0.312
0.302
0.1
0.34
0.209
0.267
0.323
0.344
0.154
0.286
0.17
0.195
-0.015
0.182
0.188
0.235
0.421
0.116
0.348
0.146
0.139
0.212
0.055
0.407
0.284
0.188
0.22
0.304
0.35
0.143
0.133
0.225
0.335
0.084
0.244
0.116
0.153
0.238
0.25
0.159
0.144
0.06
0.323
0.173
0.241
0.058
0.321
0.196
0.122
0.084
0.186
0.158
0.137
0.22
0.41
0.078
0.297
0.377
0.558
0.146
0.148
0.201
0.227
0.301
0.321
0.207
0.148
0.321
0.228
0.187
0.545
0.214
0.112
0.191
0.156
0.226
0.035
0.145
0.364
0.148
0.212
0.436
0.229
0.269
-0.037
0.204
0.288
0.293
0.299
0.237
0.22
0.179
0.255
0.101
0.039
0.264
-0.002
0.327
0.259
0.095
0.197
0.228
0.333
0.135
0.149
0.091
0.109
-0.029
0.329
0.446
0.239
0.236
0.093
0.061
0.016
0.264
0.09
0.171
0.246
0.349
0.078
0.212
0.149
0.185
0.2
0.218
0.11
0.101
0.275
0.155
0.235
0.341
0.018
0.213
0.182
0.29
0.21
0.219
0.231
-0.028
0.209
0.386
0.05
0.134
0.181
0.072
0.203
0.281
0.077
0.147
0.287
-0.031
0.257
0.323
0.14
0.255
0.292
0.151
0.099
0.068
0.241
0.149
0.156
0.157
-0.005
0.257
0.209
0.131
0.151
0.21
0.275
0.123
0.25
0.28
0.366
0.227
0.253
0.278
0.177
0.106
0.137
0.218
0.28
0.47
0.268
0.105
0.054
0.384
0.305
0.138
0.164
0.21
0.106
0.312
0.086
0.239
0.109
0.098
0.141
0.25
0.229
0.146
0.077
0.26
0.186
0.315
0.355
0.158
-0.019
0.093
0.293
0.168
0.113
0.287
0.082
0.0
0.354
0.323
0.11
0.278
0.178
0.219
0.298
0.249
0.225
0.079
0.34
0.471
0.27
0.212
0.15
0.318
0.266
0.025
0.166
0.108
0.176
0.219
0.18
0.09
0.42
0.012
0.164
0.157
0.206
0.321
0.049
0.117
0.142
0.11
0.252
0.101
0.213
0.152
0.221
0.149
0.303
0.186
0.144
0.321
0.256
0.405
0.025
0.042
0.199
0.347
0.141
0.25
0.021
0.312
0.259
0.211
0.217
0.291
0.228
0.261
0.116
0.313
0.108
0.203
0.093
0.293
0.196
0.03
0.05
0.237
0.042
0.105
0.103
0.101
0.319
0.404
0.179
0.258
0.237
0.243
0.159
0.148
0.289
0.368
0.228
0.398
0.104
0.174
0.242
0.225
0.222
0.294
0.397
0.109
0.035
0.204
0.235
0.368
0.1
0.124
0.215
0.222
0.248
0.267
0.256
0.345
0.147
0.244
0.111
0.198
0.079
0.203
0.511
0.103
0.264
0.248
0.134
0.3
0.194
0.34
0.381
0.006
0.257
0.245
0.098
0.46
0.25
0.222
0.444
0.367
0.018
0.221
0.366
0.145
0.181
0.162
0.359
0.198
0.144
0.133
0.194
0.116
0.306
0.116
0.141
0.112
0.361
0.203
0.176
0.154
0.36
0.346
0.153
0.255
0.123
0.11
0.296
0.066
0.256
0.113
0.28
0.248
0.115
0.301
0.044
0.114
0.208
0.169
0.371
0.405
0.117
0.108
0.18
0.083
0.123
0.091
0.214
0.215
0.15
0.222
0.139
0.076
0.269
0.183
0.33
0.123
0.301
0.239
0.218
0.113
0.411
0.381
0.05
0.277
0.25
0.111
0.208
0.079
0.417
0.05
0.229
0.218
0.356
0.198
0.272
0.151
0.045
0.284
0.244
0.172
0.255
0.21
0.253
0.406
0.22
0.196
0.139
0.194
0.325
0.33
0.264
0.179
0.111
0.258
0.293
0.145
0.198
0.261
0.229
0.2
0.178
0.168
0.167
0.22
0.288
0.448
0.37
0.086
0.089
0.217
0.421
0.227
0.078
0.209
0.133
0.282
0.165
0.257
0.144
0.18
0.231
0.152
0.204
0.48
0.169
0.074
0.005
0.352
-0.038
0.524
0.161
0.166
-0.047
0.255
0.129
0.065
0.192
0.235
0.263
0.284
0.293
0.165
0.177
0.405
0.212
0.413
0.173
0.076
0.198
0.073
0.277
0.26
0.115
0.118
0.319
0.184
0.428
0.113
0.227
0.161
0.157
0.154
0.288
0.311
0.157
0.23
0.156
0.174
0.144
0.082
0.372
0.079
0.174
0.138
0.114
0.236
0.063
0.22
0.133
0.356
0.193
0.208
0.038
0.147
0.309
0.194
0.341
0.123
0.412
0.237
0.151
0.197
0.245
0.219
0.216
0.384
0.181
0.164
0.392
0.343
0.298
0.213
0.367
0.377
0.181
0.27
0.139
0.421
0.143
-0.035
0.111
0.063
0.166
0.344
0.197
0.259
-0.023
0.279
0.323
0.182
0.334
0.099
0.078
0.242
0.106
0.289
0.315
0.257
0.081
0.349
0.201
0.388
0.246
0.213
0.032
0.189
-0.011
0.074
0.06
0.141
0.194
0.056
0.189
0.36
0.288
0.27
0.085
0.324
0.129
0.208
0.19
0.164
0.21
0.33
0.228
0.225
0.085
0.124
0.136
0.135
0.027
0.244
0.24
0.173
0.136
0.2
0.234
0.144
0.092
0.125
0.317
0.184
0.298
0.212
0.073
0.193
0.174
0.202
0.171
0.239
0.109
0.174
0.199
0.1
0.264
0.159
0.156
0.256
0.265
0.414
0.194
0.167
0.058
0.219
0.416
0.26
0.103
0.255
0.132
0.268
0.237
0.429
0.258
0.052
0.165
0.122
0.187
0.288
0.28
0.12
0.218
0.047
0.178
0.061
0.17
0.396
0.329
-0.006
0.204
0.197
0.128
0.174
0.247
0.186
0.33
0.228
0.205
0.069
0.129
0.416
0.214
0.143
0.131
0.28
0.175
0.13
0.057
0.224
0.234
0.376
0.241
0.308
0.296
0.204
0.071
0.147
0.002
0.139
0.145
0.064
0.211
0.029
0.167
0.408
0.206
0.005
0.083
0.181
0.282
0.089
0.307
0.179
0.073
0.122
0.1
0.141
0.064
0.123
0.378
0.059
0.111
0.139
0.216
0.052
0.137
0.312
0.177
0.052
0.082
0.171
0.282
0.237
0.188
0.329
0.047
0.174
0.309
0.115
0.22
0.235
0.202
0.155
0.389
0.169
0.103
0.04
0.411
0.381
0.258
0.184
0.316
0.106
0.223
0.069
0.236
0.142
0.098
0.305
0.061
0.247
0.32
0.141
0.362
0.012
0.292
0.085
0.293
0.306
0.02
0.083
0.17
0.179
0.335
0.305
0.197
0.12
0.247
0.098
0.108
0.127
0.231
0.286
0.15
0.254
0.052
0.412
-0.027
0.206
0.278
0.168
0.363
0.312
0.315
0.112
0.373
0.063
0.37
0.066
0.093
0.23
0.158
0.439
0.303
0.08
0.161
0.259
0.157
0.195
0.124
0.116
0.143
0.161
0.061
0.552
0.066
0.072
0.224
0.178
0.105
0.342
0.082
0.397
0.091
0.082
0.161
0.073
0.353
0.189
0.158
0.136
0.221
0.305
0.209
0.3
0.087
0.379
0.225
0.035
0.146
0.262
0.039
0.11
0.154
0.114
0.262
0.139
0.24
0.194
0.146
0.104
0.053
0.564
0.158
0.188
0.172
0.04
0.356
0.126
0.293
0.317
0.216
0.362
0.022
0.116
0.235
0.488
0.29
0.252
0.22
0.168
0.096
0.283
0.142
0.163
0.398
0.262
0.228
0.32
0.123
0.03
0.222
0.402
0.287
0.123
0.104
0.218
0.175
0.249
0.109
0.068
0.167
0.068
0.214
0.488
0.239
0.126
0.107
0.213
0.136
0.107
0.398
0.249
0.133
0.187
-0.003
0.235
0.094
0.112
0.212
0.031
0.15
0.202
0.133
0.086
0.115
0.239
0.222
0.24
0.065
0.148
0.198
0.14
0.353
0.183
-0.028
0.113
0.186
0.405
0.243
0.363
0.347
0.069
0.157
0.222
0.234
0.022
0.163
0.221
0.113
0.357
0.146
0.117
0.283
0.267
0.073
0.214
0.031
0.231
0.291
0.236
0.176
0.206
0.398
0.131
0.06
0.298
0.103
0.157
0.241
0.266
0.197
0.311
0.138
0.217
0.38
0.184
0.142
0.269
0.344
0.01
0.202
0.246
0.204
0.119
0.226
0.25
0.117
0.246
0.179
0.202
0.218
0.199
0.185
0.493
0.241
0.087
0.384
0.132
0.126
0.192
0.261
0.196
0.103
-0.026
0.179
0.141
0.091
0.231
0.122
0.253
0.388
0.053
0.208
0.27
0.215
0.122
0.072
0.126
0.122
0.167
0.233
0.157
0.167
0.206
0.193
0.144
0.276
0.31
0.137
0.172
0.105
0.168
0.055
0.239
0.106
0.219
0.283
0.14
0.148
0.352
0.024
0.031
0.119
0.165
0.404
0.149
0.307
0.294
-0.023
0.267
0.182
0.164
0.182
0.351
0.236
0.451
0.228
0.348
0.058
0.13
0.081
0.143
0.059
0.402
0.244
0.351
0.219
0.126
0.268
0.49
0.112
0.313
0.356
0.066
0.161
0.099
0.45
0.265
0.246
0.052
0.156
0.342
0.233
0.291
0.291
0.171
0.182
0.21
0.11
0.158
0.106
0.1
0.402
0.201
0.243
0.012
0.143
0.099
0.227
0.284
0.096
0.121
0.202
0.053
0.167
0.159
0.229
0.144
0.071
0.301
0.171
0.204
0.097
0.175
0.337
0.149
0.178
0.015
0.208
0.209
0.174
0.186
0.207
0.283
0.197
0.228
0.147
0.222
0.158
0.198
0.291
0.097
0.177
0.202
0.161
0.089
0.042
0.156
0.284
0.174
0.35
0.188
0.075
0.156
0.102
0.417
0.152
0.254
0.115
0.26
0.17
0.11
0.108
0.216
0.213
0.392
0.239
-0.011
0.236
0.277
-0.013
0.077
0.317
0.066
0.082
0.196
0.158
0.182
0.35
0.185
0.32
0.157
0.128
0.157
0.313
0.123
0.269
0.413
0.11
-0.014
0.251
0.169
0.028
0.298
0.249
0.323
0.181
0.295
-0.014
0.347
0.105
0.214
0.14
0.031
0.365
0.154
0.253
0.091
0.172
0.13
0.112
0.169
0.182
0.234
0.416
0.182
0.186
0.339
0.091
0.22
0.259
0.392
0.321
0.209
0.026
0.139
0.291
0.099
0.251
0.288
0.174
0.177
0.323
0.079
0.28
0.13
0.197
0.249
0.043
0.278
0.085
0.416
0.117
0.235
0.064
0.237
0.171
0.101
-0.048
0.279
0.133
0.184
0.248
0.076
0.199
0.346
0.088
0.201
-0.032
0.218
0.186
0.36
0.096
0.091
0.298
0.087
-0.02
0.217
0.15
-0.058
0.144
0.075
0.277
-0.024
0.468
0.155
0.342
0.104
0.266
0.1
0.234
0.225
0.249
0.327
0.161
0.05
0.22
0.035
0.268
0.312
0.199
0.139
0.263
0.009
0.323
0.34
0.331
0.261
0.304
0.358
-0.027
0.002
0.392
0.212
0.321
0.199
0.11
0.175
0.257
0.308
0.018
0.131
0.197
0.24
0.216
0.198
0.159
0.009
0.144
0.128
0.303
0.168
0.195
0.136
0.14
0.206
0.149
0.056
0.129
0.193
0.115
0.235
0.193
0.163
0.074
0.188
0.129
0.318
0.033
0.221
-0.018
0.266
0.398
0.304
0.33
0.236
0.17
0.133
0.422
0.244
0.269
0.09
0.231
0.052
0.154
0.112
0.092
0.35
-0.001
0.174
0.22
0.146
0.159
0.383
0.181
0.288
0.34
0.117
0.161
0.19
0.456
0.096
0.423
0.194
0.192
0.042
0.125
0.123
0.225
0.15
0.369
0.279
0.164
0.122
0.035
0.142
0.147
0.129
0.172
0.289
0.28
0.207
0.136
0.067
0.074
0.199
0.278
0.174
0.319
0.26
0.162
0.096
-0.001
0.215
0.227
0.071
0.159
0.321
0.163
0.279
0.23
0.374
0.164
0.187
0.119
0.225
0.124
0.091
0.359
0.207
0.219
0.039
0.1
0.158
0.234
0.17
0.192
0.204
0.144
0.065
0.07
0.202
0.288
0.203
-0.017
0.245
0.458
0.226
0.214
0.248
0.23
0.039
0.318
0.186
0.329
0.124
0.351
0.148
0.274
0.073
0.104
0.37
0.245
0.184
0.301
0.162
0.164
0.096
0.089
0.192
0.278
0.148
0.044
0.068
0.31
0.187
0.119
0.322
0.114
0.153
0.207
0.348
0.13
0.385
0.151
0.275
0.075
0.225
0.301
0.213
0.212
0.045
0.026
0.459
0.088
0.096
0.258
0.346
0.135
0.194
0.184
0.303
0.086
0.201
0.268
0.215
0.104
0.324
0.24
0.18
0.11
0.229
0.253
0.219
0.213
0.129
0.262
0.059
-0.016
0.144
0.083
0.129
0.536
0.314
0.193
0.255
0.082
0.121
0.16
0.112
0.202
0.248
0.19
0.178
0.088
0.359
0.416
0.368
0.097
0.163
0.152
0.251
0.151
0.208
0.382
0.462
0.083
0.194
0.205
0.12
0.251
0.433
0.102
0.431
0.419
0.1
0.159
0.213
0.266
0.085
0.158
0.27
0.152
0.112
0.197
0.284
0.356
0.09
0.143
0.188
0.271
0.178
0.185
0.219
0.207
0.037
0.063
0.136
0.155
0.32
0.153
0.158
0.151
0.369
0.14
0.125
0.137
0.35
0.173
0.16
0.275
0.493
0.133
0.131
0.333
0.267
0.116
0.239
0.109
0.19
0.057
0.346
0.221
0.177
0.053
0.081
0.133
0.113
0.175
0.134
0.098
0.294
0.154
0.236
0.152
0.238
0.224
0.235
0.353
0.243
0.086
0.131
0.197
0.281
0.085
0.445
0.293
0.148
0.381
0.236
0.031
0.2
0.074
0.087
0.093
0.401
0.266
0.333
0.362
0.22
0.004
0.13
0.136
0.072
0.162
0.181
0.348
0.141
0.06
0.092
0.287
0.009
0.095
0.076
0.128
0.242
0.346
0.495
0.072
0.069
0.302
0.376
0.044
0.169
0.261
0.258
0.251
0.162
0.3
0.301
0.185
0.315
0.025
0.119
0.181
0.056
0.145
0.391
0.108
0.188
0.171
0.246
0.216
0.19
0.408
0.056
0.106
0.053
0.099
0.278
0.147
0.115
0.105
0.173
0.263
0.077
0.207
0.313
0.089
0.336
0.361
0.149
0.122
0.19
0.328
0.215
0.195
0.329
0.343
0.213
0.037
0.182
0.192
0.173
0.344
0.229
0.167
0.145
0.168
0.31
0.084
0.269
0.179
0.103
0.099
0.311
0.26
0.224
0.13
0.463
0.258
0.108
0.065
0.215
0.094
0.024
0.367
0.225
0.225
0.127
0.343
0.092
0.038
0.202
0.294
0.146
0.151
0.238
0.387
0.415
0.183
0.031
0.11
0.129
0.122
0.021
0.292
0.044
0.263
0.15
0.128
0.302
0.082
0.297
0.195
0.042
0.231
0.095
0.122
0.386
-0.011
0.372
0.251
0.468
0.202
0.282
0.196
0.244
0.149
0.158
0.205
0.144
0.191
0.225
0.249
0.104
0.227
0.414
0.193
0.228
0.463
0.215
0.367
0.19
0.039
0.076
0.149
0.281
0.339
0.104
0.019
0.117
0.346
0.244
0.053
0.273
0.339
0.266
0.462
0.013
0.215
0.257
0.172
0.195
0.26
0.105
0.285
0.245
0.239
-0.009
0.217
0.39
0.241
0.205
0.097
0.267
0.16
0.156
0.345
0.167
0.285
0.321
0.326
0.281
0.206
0.337
0.128
0.23
0.188
0.244
0.249
0.162
0.274
0.204
0.299
0.197
0.365
0.234
0.205
0.014
0.121
0.163
0.186
0.173
0.275
0.117
0.312
0.131
0.528
0.149
0.207
0.252
0.04
0.345
0.453
0.206
0.095
0.182
0.203
0.162
0.143
0.139
0.133
0.215
0.346
0.235
0.392
0.212
0.167
0.013
0.278
0.191
0.118
0.169
0.171
0.297
0.122
0.113
0.093
0.425
0.009
0.138
0.2
0.212
0.145
0.174
0.118
0.273
0.455
0.133
0.3
0.413
0.164
0.414
0.188
0.171
0.307
0.17
0.316
0.118
0.347
0.186
0.091
0.4
0.259
0.125
0.216
0.304
0.272
0.254
0.04
0.241
0.009
-0.052
0.248
0.213
0.127
0.03
0.201
0.282
0.189
0.187
0.158
0.181
0.174
0.171
0.255
0.103
0.213
0.264
0.243
0.424
0.127
0.278
0.283
0.113
0.038
0.214
0.002
0.184
0.145
0.139
0.197
0.113
0.14
0.152
0.162
0.131
0.398
0.158
0.131
0.134
0.354
0.343
0.05
0.131
0.232
0.205
0.202
0.355
0.235
0.115
0.193
0.269
0.311
0.105
0.357
0.099
0.247
0.061
0.222
0.283
0.204
0.111
0.072
0.151
0.252
0.14
0.192
0.09
0.124
0.134
0.144
0.346
0.24
0.243
0.268
0.363
0.14
0.064
0.008
0.18
0.187
0.312
0.296
0.207
0.517
0.138
0.073
0.384
0.307
0.181
0.103
0.304
0.169
0.139
0.183
0.329
0.246
0.096
0.297
0.135
0.074
0.175
0.243
0.208
0.227
0.35
0.37
0.09
0.186
0.279
0.344
0.123
0.15
0.267
0.151
0.195
0.055
0.183
0.178
0.22
0.297
0.143
0.075
0.253
0.329
0.161
0.161
0.382
0.138
0.459
0.177
0.292
0.18
0.172
0.146
0.401
0.24
0.166
0.172
0.115
0.146
0.289
0.202
0.04
0.248
0.215
0.159
0.265
0.094
0.389
0.344
0.272
0.261
0.067
0.121
0.075
0.248
0.276
0.136
0.146
0.292
0.274
0.242
0.081
0.236
0.13
0.055
0.111
0.131
0.222
0.263
0.135
0.145
0.271
0.039
0.191
0.009
0.13
0.191
0.142
0.141
0.23
0.299
0.234
0.249
0.263
0.158
0.159
0.272
0.388
0.301
0.198
0.081
0.49
0.345
0.073
0.202
0.29
0.297
0.142
0.32
0.114
0.284
0.081
0.197
0.132
0.14
0.311
0.126
0.242
0.322
0.107
0.171
0.093
0.289
0.076
0.207
0.088
0.121
0.256
0.107
0.069
0.341
0.029
0.188
0.259
0.31
0.112
0.189
0.103
0.12
0.286
0.167
0.131
0.132
0.215
0.131
0.042
0.063
0.136
0.092
0.291
0.14
0.243
0.181
0.085
0.144
0.336
0.242
0.327
0.39
0.187
0.248
0.042
0.32
0.196
0.152
0.023
0.154
0.212
0.09
0.285
0.228
0.108
0.089
0.07
0.3
0.189
0.021
0.059
0.091
0.255
0.191
0.258
0.173
0.231
0.288
0.386
0.069
0.118
0.239
0.217
0.24
0.165
0.234
0.227
0.176
0.263
0.27
0.338
0.319
0.247
0.136
0.137
0.202
0.333
0.148
0.357
0.203
0.296
0.244
0.183
0.19
0.216
0.175
0.213
0.034
0.208
0.085
0.229
0.022
0.148
0.128
0.04
0.046
0.274
0.208
0.148
0.22
0.12
0.19
0.098
0.148
0.2
0.289
0.126
0.419
0.107
0.125
0.242
0.164
0.148
0.471
0.169
0.223
0.327
0.122
0.317
0.175
0.091
0.131
0.236
0.096
0.076
0.238
0.041
0.401
0.165
0.112
0.149
0.167
0.423
0.103
0.209
0.098
0.147
0.304
0.302
0.283
0.305
0.259
0.324
0.3
-0.009
0.131
0.245
0.308
0.23
0.178
0.2
0.326
0.199
0.164
0.116
0.08
0.239
0.142
0.412
0.28
0.137
0.143
0.076
0.196
0.211
0.291
0.264
0.253
0.18
0.311
0.142
0.372
0.417
0.233
0.259
0.191
0.069
-0.023
0.108
0.156
0.04
0.522
0.202
0.23
0.282
0.216
0.255
0.165
0.316
0.11
0.218
0.266
0.469
0.19
0.216
0.128
0.201
0.124
0.188
0.33
0.019
0.074
0.143
0.109
0.223
0.027
0.082
0.101
0.348
0.158
0.019
0.069
0.146
0.087
0.063
0.071
0.271
0.176
0.532
0.251
0.227
0.165
0.268
0.266
0.334
0.242
0.294
0.211
0.295
0.081
0.268
0.145
0.008
0.302
0.041
0.198
0.056
0.404
0.055
0.169
0.125
0.297
0.041
0.306
0.299
0.282
0.121
0.059
0.021
0.224
0.206
0.196
0.342
0.27
0.26
0.1
0.271
0.248
0.128
0.277
0.139
0.177
0.202
0.252
0.338
0.093
0.266
0.269
0.115
0.146
0.418
0.059
0.36
0.296
0.076
0.312
0.097
0.285
-0.021
0.104
0.15
0.303
0.086
0.322
0.153
0.147
0.256
0.515
0.177
0.275
0.207
0.102
0.352
-0.032
0.048
0.077
0.148
0.386
0.254
0.241
0.177
0.19
0.209
0.282
0.198
0.139
0.131
0.002
0.091
0.098
0.265
-0.006
0.106
0.103
0.225
0.276
0.352
0.226
0.205
0.202
0.301
0.237
0.253
0.108
0.375
0.341
0.045
0.18
0.157
0.204
0.072
0.316
0.221
0.197
0.13
0.277
0.092
0.315
0.198
0.214
0.302
0.082
0.109
0.075
0.249
0.247
0.192
0.211
0.212
0.147
0.08
0.179
0.22
0.173
0.308
0.071
0.268
0.106
0.446
0.27
0.201
0.036
0.217
0.107
0.02
0.463
0.14
0.189
0.05
0.204
0.211
0.39
0.277
0.212
0.343
0.018
0.068
0.172
0.086
0.227
0.39
0.154
0.133
0.186
0.305
0.192
0.264
0.123
0.03
0.186
0.201
0.099
0.099
0.116
0.394
0.045
0.121
0.183
0.188
0.082
0.157
0.262
0.13
0.162
0.461
0.062
0.228
0.087
0.281
0.127
0.12
0.224
0.261
0.3
0.442
0.388
0.435
0.188
0.277
0.147
0.242
0.238
0.133
0.287
0.125
0.432
0.187
0.184
0.295
0.241
0.141
0.364
0.384
0.221
0.246
0.189
0.291
0.174
0.171
0.211
0.212
0.316
0.067
0.264
0.146
0.103
0.276
0.142
0.192
0.307
0.008
0.239
0.278
0.314
0.272
0.364
0.29
0.379
0.095
0.13
0.096
0.076
0.178
0.157
0.091
0.107
0.067
0.268
0.189
0.156
0.186
0.26
0.228
0.316
0.488
0.093
0.2
0.242
0.326
0.21
0.179
0.06
0.232
0.362
0.139
0.341
0.345
0.375
0.216
0.12
0.154
0.284
0.27
0.193
0.367
0.154
0.307
0.03
0.178
0.274
0.243
0.117
0.256
0.112
0.07
0.224
0.047
0.139
0.109
0.232
0.434
0.155
0.248
0.194
0.362
0.317
-0.024
0.194
0.134
0.158
0.138
0.051
0.27
0.275
0.098
0.191
0.209
0.155
0.265
0.132
0.214
0.114
0.235
0.186
0.187
0.178
0.106
0.405
0.216
0.187
0.197
0.34
0.085
0.136
0.248
0.249
0.192
0.087
0.227
0.182
0.035
0.353
0.11
0.1
0.27
0.195
0.388
0.052
0.234
0.145
0.115
0.24
0.106
0.302
0.127
0.327
0.239
0.126
0.223
0.115
0.173
0.38
0.25
0.09
0.252
0.177
0.24
0.128
0.157
0.099
0.251
0.191
0.193
0.192
0.108
0.034
0.207
0.136
0.101
0.196
0.181
0.049
0.065
0.354
0.132
0.133
0.153
0.099
0.25
0.21
0.362
0.283
-0.064
0.103
0.1
0.199
0.148
0.323
0.119
0.241
0.252
0.162
0.2
0.275
0.184
0.451
0.306
0.327
0.015
0.189
0.094
0.196
-0.007
0.183
0.069
0.197
0.057
0.255
0.141
0.065
0.115
0.116
0.281
0.079
0.391
0.165
0.201
0.272
0.239
0.326
0.07
0.285
0.144
0.101
0.255
0.117
0.078
0.283
0.25
0.065
0.124
0.26
0.037
-0.089
0.213
0.287
0.358
0.362
0.294
0.089
0.105
0.192
0.112
0.076
0.431
0.394
0.208
0.232
0.142
0.17
0.134
0.106
0.467
0.262
0.227
0.187
0.269
0.321
0.209
0.093
0.235
0.201
0.12
0.154
0.107
0.208
0.31
0.186
0.158
0.181
0.073
0.289
0.347
0.179
0.174
0.089
0.234
0.325
0.154
0.262
0.132
0.174
0.257
0.29
0.125
0.39
0.218
0.223
0.315
0.425
0.017
-0.048
0.233
0.119
0.396
0.103
0.165
0.038
0.286
0.117
0.28
0.12
0.167
0.2
0.194
0.321
0.048
0.104
0.19
0.272
0.383
0.132
0.281
0.081
0.219
0.019
0.305
0.159
0.331
0.34
0.343
0.217
0.162
0.279
0.245
0.219
0.047
0.375
0.25
0.368
0.374
0.418
0.066
0.167
0.261
0.118
0.217
0.271
0.027
0.439
0.379
0.384
0.293
0.307
0.31
0.196
0.064
0.15
0.365
0.169
0.262
0.154
0.28
0.246
0.054
0.033
0.069
0.317
0.19
0.321
0.057
0.067
0.469
0.27
0.171
0.336
0.241
0.162
0.226
0.023
0.371
0.228
0.134
0.259
0.039
0.072
0.226
0.192
0.19
0.096
0.348
0.336
0.088
0.228
0.097
0.093
0.131
0.392
0.225
0.307
0.158
0.254
0.165
0.283
0.082
0.168
0.294
0.277
0.471
0.093
0.164
0.101
0.268
0.08
0.138
0.12
0.31
0.104
0.079
0.13
0.165
0.164
0.376
0.375
0.224
0.135
0.05
0.232
0.115
0.096
0.156
0.057
0.215
0.141
0.233
0.328
0.205
0.126
0.114
0.167
0.197
0.145
0.11
0.085
0.164
0.284
0.217
0.211
0.385
0.071
0.152
0.162
0.123
0.266
0.047
0.409
0.084
0.158
0.101
0.152
0.088
0.199
0.326
0.182
0.254
0.266
0.135
0.292
0.432
0.095
0.265
0.295
0.141
0.305
0.148
0.318
0.22
0.057
0.189
0.077
0.193
0.282
0.156
0.255
0.207
0.158
0.042
0.184
0.187
0.202
0.139
0.119
-0.005
0.167
0.3
0.074
0.248
0.49
0.102
0.081
0.169
0.073
0.201
0.365
0.252
0.35
0.2
0.319
0.081
0.167
0.099
0.103
0.127
0.05
0.312
0.245
0.392
0.128
0.112
0.164
0.182
0.123
0.003
0.106
0.213
0.319
0.155
0.038
0.223
0.151
0.226
0.152
0.199
0.01
0.208
0.223
0.19
0.39
0.17
0.279
0.07
0.295
0.255
0.163
0.334
0.111
0.12
0.353
0.28
0.188
0.304
0.069
0.256
-0.07
0.175
0.101
0.117
0.264
0.03
0.172
0.353
0.301
0.15
0.008
0.252
0.052
0.062
0.15
0.457
0.262
0.418
0.294
0.208
0.079
0.056
0.074
0.414
0.415
0.112
0.145
0.153
0.153
0.355
0.214
0.317
0.128
0.356
0.214
0.232
0.255
0.257
0.1
0.115
0.137
0.269
0.275
0.205
0.306
0.347
0.205
0.059
0.123
0.163
0.191
0.19
0.233
0.345
0.168
0.04
0.113
0.075
0.234
0.164
0.272
0.112
0.306
0.272
0.149
0.139
0.344
0.179
0.281
0.258
0.21
0.183
0.306
0.291
0.013
0.126
0.223
0.148
0.101
0.16
0.166
0.166
0.423
0.176
0.188
0.207
0.306
0.058
0.292
0.042
0.193
0.358
0.161
0.147
0.294
0.129
0.134
0.049
0.179
0.195
0.191
0.238
0.147
0.291
0.229
0.061
0.186
0.163
0.364
0.33
0.384
-0.051
0.283
0.297
0.177
0.291
0.207
0.076
0.127
0.184
0.203
0.292
0.261
0.098
0.397
0.135
0.27
0.137
0.206
0.028
0.336
0.276
0.174
0.256
0.083
0.161
0.184
0.208
0.411
0.048
0.07
0.222
0.238
0.133
0.279
0.21
0.378
0.12
0.212
0.178
0.272
0.044
0.354
0.473
0.379
0.062
0.116
0.062
0.123
0.204
0.204
0.207
0.151
0.279
0.146
0.418
0.193
0.263
0.118
0.285
0.305
0.229
0.128
0.166
0.424
0.118
0.02
0.175
0.285
0.286
0.308
0.242
0.078
0.193
0.266
0.11
0.282
0.32
0.412
0.337
0.072
0.167
0.392
0.233
0.141
0.112
0.199
0.236
0.308
0.131
0.163
0.22
0.023
0.21
0.294
0.196
0.054
0.323
0.2
0.279
0.341
0.133
0.219
0.084
0.286
0.358
0.229
0.343
0.367
0.141
0.308
0.228
0.064
0.233
0.214
0.254
0.216
0.041
0.333
0.06
0.028
0.324
0.144
0.014
0.235
0.341
0.162
0.134
0.446
0.31
0.301
0.106
0.13
0.228
0.267
0.167
0.239
0.26
0.325
0.18
0.103
0.232
0.184
0.178
0.191
0.138
0.225
0.221
0.1
0.134
0.092
0.357
0.121
0.421
0.145
0.294
0.102
0.348
0.298
0.175
0.126
0.273
0.087
0.103
0.169
0.083
0.179
0.195
0.202
0.341
0.253
0.23
0.027
0.082
0.229
0.281
0.26
0.093
0.298
0.083
0.113
0.372
0.069
0.133
0.146
0.222
0.209
0.166
0.234
0.218
0.339
0.14
0.236
0.27
0.122
0.305
0.203
0.07
0.223
-0.019
0.168
0.201
0.118
0.133
0.353
0.16
0.219
0.273
0.083
0.347
0.159
0.065
0.392
0.437
0.339
0.237
0.066
0.35
0.076
0.045
0.348
0.221
0.282
0.25
0.283
0.282
0.1
0.103
0.229
0.146
0.239
0.242
0.064
0.278
0.187
0.242
0.049
0.103
0.396
0.323
0.068
0.286
0.15
0.364
0.019
0.257
0.136
0.217
0.071
0.198
0.32
0.086
0.148
0.378
0.04
0.248
0.273
0.095
0.209
0.174
0.173
0.271
0.16
0.267
-0.005
0.122
0.056
0.183
0.238
0.138
0.197
0.498
0.195
0.341
0.17
0.343
0.284
0.169
0.132
0.127
0.09
0.125
0.364
0.206
0.24
0.419
0.3
0.16
0.199
0.256
0.257
0.235
0.116
0.236
0.136
0.149
0.145
0.166
0.108
0.282
0.041
0.133
0.297
0.084
0.236
0.234
0.337
0.14
0.223
0.259
0.232
0.214
0.204
0.305
0.259
0.354
0.3
0.267
0.379
0.13
0.143
0.302
0.331
0.215
0.403
0.322
0.111
0.165
0.303
0.245
0.157
0.266
0.17
0.322
0.104
0.09
0.057
0.153
0.198
0.138
0.166
0.267
0.184
0.078
0.342
0.232
0.153
0.114
0.166
0.163
0.022
0.115
0.152
0.163
0.484
0.076
0.055
0.326
0.048
0.129
0.22
0.002
0.354
0.14
0.097
0.072
0.31
0.096
0.33
0.291
0.098
0.151
0.303
0.055
0.227
0.041
0.166
0.164
0.277
0.298
0.069
0.131
0.356
0.114
0.213
0.108
0.013
0.165
0.383
0.062
0.158
-0.059
0.2
0.253
0.087
0.393
0.177
0.213
0.225
0.192
0.062
0.33
0.164
0.239
0.107
0.09
0.26
0.252
0.357
0.185
0.086
0.242
0.318
0.122
0.17
0.141
0.054
0.293
0.317
0.148
0.168
0.263
0.133
0.028
0.046
-0.023
0.233
0.31
0.433
0.302
0.307
0.289
0.179
0.326
0.309
0.204
0.464
0.141
0.157
0.154
0.166
0.023
-0.029
0.215
0.349
0.144
0.433
0.256
0.058
0.191
0.102
0.181
0.103
0.3
0.212
0.093
0.119
0.227
0.035
0.253
0.175
0.15
0.117
0.023
0.166
0.404
0.345
0.161
0.26
0.239
0.249
0.334
0.156
0.175
0.464
0.327
0.309
0.336
0.416
0.345
0.091
0.306
0.217
0.378
0.238
0.139
0.139
0.19
0.211
0.463
0.203
0.017
0.358
0.338
0.316
0.148
0.167
0.126
0.334
0.164
0.239
0.324
0.236
0.266
0.412
0.077
0.223
0.104
0.128
0.341
0.297
0.092
0.238
0.076
0.02
0.246
0.216
0.108
0.106
0.386
0.148
0.268
0.222
0.195
0.047
0.024
0.075
0.176
0.153
0.102
0.079
0.135
0.433
0.319
0.314
0.212
0.471
0.13
0.326
0.129
0.267
0.195
0.08
0.251
0.281
0.183
0.145
0.161
0.169
0.186
0.03
0.306
0.368
0.297
0.034
0.101
0.206
0.098
0.421
0.247
0.236
0.206
0.219
0.16
0.15
0.056
0.197
0.064
0.031
0.049
0.295
0.141
0.045
0.108
0.231
0.279
0.111
0.339
0.239
0.138
0.277
0.19
0.53
0.246
0.158
0.479
0.242
0.087
0.151
0.159
0.175
0.11
0.225
0.025
0.088
0.36
0.071
0.203
0.036
0.09
0.312
0.286
0.139
0.198
0.143
-0.026
0.256
0.303
0.169
0.183
0.292
0.36
0.309
0.185
0.186
0.2
0.148
0.189
0.161
0.315
0.195
0.184
0.132
0.022
0.408
0.066
0.238
0.296
0.228
0.309
0.391
0.248
0.236
0.075
0.499
0.243
0.307
0.256
0.161
0.253
0.229
0.078
0.109
0.351
0.153
0.349
0.329
0.133
0.102
0.401
0.303
0.186
-0.036
0.227
0.395
0.162
0.178
0.14
0.196
0.318
0.139
0.202
0.043
0.081
0.208
0.177
0.115
0.395
0.114
0.081
0.223
0.385
0.153
0.227
0.093
0.379
0.137
0.269
0.248
0.082
0.129
0.018
0.182
0.138
0.091
0.108
0.179
0.176
0.376
0.171
0.199
0.208
0.342
0.131
0.208
0.197
0.214
0.222
0.2
0.304
0.159
0.078
0.197
0.266
0.445
0.212
0.254
0.04
0.054
0.108
0.245
0.188
0.019
0.354
0.149
0.325
0.197
0.059
0.132
0.25
0.116
0.307
0.184
0.337
0.263
0.168
0.288
0.298
0.238
0.391
0.152
0.19
0.184
0.373
-0.002
0.222
0.332
0.102
0.233
0.209
0.155
0.171
0.254
0.021
0.032
0.335
0.109
0.098
0.12
0.354
0.027
0.13
0.157
0.144
0.089
0.241
0.336
0.193
0.037
0.243
0.204
0.216
0.267
0.318
0.25
0.225
0.19
0.339
0.284
0.433
0.326
0.307
0.416
0.189
0.059
0.145
0.105
0.19
0.28
0.199
0.188
0.202
0.077
0.221
0.275
0.175
0.103
0.187
0.216
0.105
0.155
0.109
0.286
0.143
0.214
0.235
0.26
0.234
0.269
-0.024
0.336
0.163
0.108
0.159
0.204
0.127
0.056
0.148
0.229
0.282
0.3
0.44
0.172
0.199
0.307
0.192
0.407
0.121
0.288
0.15
0.218
0.122
0.203
0.231
0.302
0.393
0.207
0.206
0.237
0.098
0.318
0.42
0.101
0.321
0.214
0.191
0.378
0.232
0.296
0.245
0.131
0.324
0.112
0.342
0.253
0.196
0.211
0.176
0.176
0.16
0.237
0.131
0.176
0.103
0.121
-0.01
0.249
0.198
0.13
0.278
0.294
0.313
0.143
0.157
0.057
0.134
0.239
0.186
0.062
0.15
0.008
0.116
0.327
0.026
0.205
0.215
0.123
0.102
0.275
0.19
0.162
0.155
0.077
0.212
0.166
0.187
0.062
0.33
0.059
0.25
0.302
0.379
0.138
0.108
-0.084
0.174
0.35
0.342
0.19
0.3
0.294
0.356
0.126
0.321
0.245
0.182
0.167
0.19
0.166
0.25
0.102
0.314
0.024
0.066
0.082
0.237
0.069
0.15
0.134
0.243
0.117
0.333
0.287
0.361
0.287
0.174
0.282
0.338
0.15
0.165
0.325
0.256
0.091
0.272
0.095
0.252
0.105
0.253
0.215
0.103
0.074
0.155
0.192
0.183
0.238
0.161
0.154
0.269
0.131
0.193
0.194
0.155
0.147
0.254
0.062
0.171
0.015
0.155
0.139
0.111
0.502
0.152
0.035
0.161
0.242
0.08
0.119
0.302
0.175
0.437
0.306
0.479
0.259
0.504
0.237
0.226
0.47
0.14
0.157
0.092
0.068
0.293
0.267
0.262
0.233
0.2
0.133
0.254
0.461
0.234
0.301
-0.051
0.225
0.132
0.234
0.125
0.124
0.043
0.071
-0.036
0.326
0.38
0.365
0.317
0.075
0.365
0.22
0.183
0.1
0.096
0.025
0.156
0.168
0.222
0.044
0.008
0.3
0.12
0.005
0.211
0.232
0.105
0.361
0.174
0.092
0.047
0.464
0.174
0.084
0.179
0.094
0.15
-0.011
0.156
0.059
0.107
0.345
0.197
0.233
0.308
0.163
0.113
0.321
0.317
-0.011
0.489
0.1
0.19
0.201
0.02
0.172
0.236
0.05
0.178
0.088
0.145
0.268
0.332
0.024
0.41
0.036
0.256
0.287
0.201
0.165
0.312
0.207
0.141
0.219
0.196
0.111
0.312
0.049
0.195
0.147
0.345
0.116
0.282
0.043
0.108
0.175
0.085
0.337
0.382
0.196
0.145
0.124
0.137
0.256
0.183
0.126
0.295
0.088
0.277
0.186
0.212
0.215
0.452
0.161
0.149
0.003
0.144
0.231
0.233
0.098
0.448
0.365
0.204
0.239
0.141
0.109
0.296
0.165
0.16
0.165
0.098
-0.005
0.293
0.342
0.157
0.247
-0.01
0.123
0.241
0.319
0.261
0.195
0.348
0.134
0.046
0.236
0.23
0.282
0.167
-0.021
0.118
0.219
0.35
0.234
0.265
0.16
0.124
0.353
0.273
0.05
0.014
0.181
0.192
0.238
0.195
0.103
0.212
0.174
0.146
0.123
0.211
0.183
0.345
0.199
0.273
0.21
0.167
0.066
0.28
0.225
0.115
0.158
0.155
0.208
0.332
0.234
0.176
0.086
0.188
0.229
0.164
0.304
0.254
0.198
0.381
0.304
0.108
0.149
0.31
0.362
0.089
0.042
0.061
0.422
0.22
0.345
0.29
0.006
0.17
0.064
0.229
0.054
0.348
0.065
0.235
0.135
0.13
0.292
0.411
0.029
0.128
0.086
0.14
0.199
0.14
0.131
0.101
0.106
0.347
0.234
0.169
0.149
0.143
0.26
0.348
0.143
0.429
0.403
0.163
0.344
0.136
0.223
0.296
0.257
0.284
0.25
0.123
0.142
0.062
0.105
0.178
0.33
0.408
0.176
0.053
0.305
0.406
0.021
0.014
0.2
0.238
0.324
0.128
0.225
0.367
0.386
0.241
0.247
0.058
0.272
0.204
0.111
0.251
0.046
0.065
0.303
0.123
0.155
0.103
0.047
0.054
0.374
0.177
0.23
0.374
0.225
0.339
0.106
0.156
0.09
0.216
0.234
0.151
0.153
0.25
0.293
0.33
0.122
0.386
0.178
0.1
0.154
0.244
0.176
0.246
0.325
0.233
0.069
0.21
0.347
0.379
0.295
0.099
0.125
0.203
0.077
0.201
0.159
0.069
0.068
0.109
0.136
0.361
0.254
0.215
0.219
0.2
0.096
0.092
0.193
0.231
0.171
0.233
0.166
0.292
0.068
0.211
0.333
0.185
0.366
0.13
0.261
0.103
0.188
0.191
0.03
0.087
0.259
0.327
0.123
0.295
0.064
0.224
0.157
0.177
0.146
0.217
0.136
0.171
0.267
0.225
0.381
0.11
0.121
0.097
0.359
-0.006
0.365
0.158
0.214
0.149
0.193
-0.01
0.197
0.165
0.043
0.079
0.165
0.234
0.181
0.008
0.366
0.258
0.17
0.187
0.261
0.258
0.12
0.178
0.299
0.097
0.107
0.204
0.084
0.098
0.184
0.349
0.31
0.033
0.255
0.149
0.469
0.156
0.203
0.25
0.315
0.108
0.345
0.154
-0.008
0.159
0.11
0.169
0.112
0.288
0.29
0.157
0.117
0.109
0.045
0.286
0.167
0.17
0.215
0.225
0.193
0.202
0.042
0.239
0.087
0.468
0.049
0.232
0.25
0.358
0.158
0.0
0.208
0.41
0.045
0.147
0.238
0.265
0.175
0.244
0.182
0.181
0.054
0.137
0.331
0.101
0.121
0.307
0.243
0.066
0.443
0.161
0.299
0.32
0.199
0.447
0.266
0.27
0.386
0.016
0.1
0.24
-0.06
0.086
0.347
0.048
0.11
0.124
-0.038
0.395
0.134
0.265
0.445
0.229
0.308
0.347
0.126
0.102
0.169
0.064
0.424
0.163
0.204
0.254
0.198
0.015
0.263
0.179
0.243
0.133
0.346
0.397
0.084
0.09
0.29
0.141
0.332
0.315
0.172
0.16
0.207
0.121
0.108
0.345
0.152
0.146
0.277
0.203
0.248
0.218
0.075
0.129
0.151
0.177
0.229
0.164
0.252
0.321
-0.03
0.138
0.16
0.209
0.134
0.107
0.141
0.015
0.243
0.162
0.186
0.125
0.123
0.282
0.106
0.12
0.196
0.314
0.142
0.099
0.14
0.41
0.051
0.175
0.118
0.09
0.139
0.135
0.287
0.246
0.06
0.254
0.105
0.124
0.158
0.266
0.2
0.134
0.109
0.251
0.368
0.026
0.219
0.364
0.237
0.251
0.065
0.256
0.201
0.046
0.1
-0.033
0.216
0.16
0.165
0.499
0.363
0.286
0.165
0.235
0.175
0.117
0.079
0.288
0.151
0.243
0.118
0.027
0.183
0.03
0.259
0.2
0.142
0.203
0.265
0.154
0.416
0.249
0.345
0.261
0.457
0.288
0.297
0.218
0.17
0.054
0.441
0.066
0.558
0.203
0.074
0.068
0.306
0.158
0.076
0.186
0.188
0.164
0.313
0.176
0.152
0.058
0.262
0.465
0.161
0.102
0.091
0.308
0.133
0.059
0.303
0.147
0.077
0.046
0.235
0.058
0.271
0.135
0.384
0.184
0.152
0.121
0.074
0.072
0.113
0.082
0.259
0.299
0.19
0.366
0.169
0.266
0.141
0.319
0.186
0.181
0.239
0.249
0.142
0.194
0.217
0.439
0.226
0.12
0.193
0.456
0.299
0.224
0.132
0.238
0.109
0.055
0.088
0.345
0.271
0.229
0.235
0.252
0.269
0.128
0.133
0.172
0.09
0.156
0.309
0.183
0.159
0.312
0.221
0.271
0.21
0.183
0.248
0.229
0.04
0.241
0.123
0.347
0.056
0.322
0.211
0.298
0.269
0.082
0.094
0.15
0.305
0.294
0.167
0.131
0.168
0.273
0.408
0.443
0.071
0.177
0.282
0.242
0.209
0.145
0.19
0.235
0.147
0.18
0.074
0.33
0.224
0.026
0.337
0.244
0.178
0.219
0.281
0.323
0.192
0.109
0.341
0.083
0.059
0.229
0.044
0.045
0.462
0.226
0.178
0.299
0.297
0.115
0.273
0.477
0.093
0.205
0.223
0.094
0.06
0.013
0.23
0.35
0.12
0.16
0.183
0.393
0.184
0.158
0.32
0.394
0.178
0.437
0.45
0.169
0.2
0.302
0.085
0.167
0.003
0.166
0.175
0.216
0.289
0.165
0.261
0.239
0.411
0.102
0.234
0.002
0.179
0.193
0.191
0.057
0.237
0.093
0.106
0.098
0.062
0.196
0.392
0.436
0.077
0.209
0.144
0.162
0.16
0.076
0.103
0.057
0.169
0.129
0.051
0.037
0.157
0.115
0.319
0.218
0.061
0.193
0.042
0.117
0.201
0.174
0.523
0.103
0.232
0.37
0.037
0.145
0.298
0.19
0.104
0.139
0.179
0.232
0.159
0.341
0.234
0.131
0.102
0.105
0.21
0.129
0.16
0.331
0.267
0.214
0.054
0.342
0.343
0.2
0.171
0.368
0.255
0.125
0.366
0.295
0.23
0.345
0.088
0.36
0.168
0.173
0.197
0.259
0.101
0.067
0.202
0.246
0.282
0.218
0.272
0.14
0.254
0.143
0.213
0.211
0.114
0.22
0.157
0.146
0.051
0.17
0.106
0.111
0.104
0.207
0.1
0.162
0.455
0.21
0.131
0.297
0.127
0.371
0.339
0.195
0.17
0.41
0.126
0.385
0.116
-0.071
0.169
0.228
0.178
0.171
0.224
0.097
0.349
0.244
0.15
0.395
0.177
0.16
0.425
-0.036
0.264
0.315
0.27
0.173
0.257
0.058
0.219
0.132
0.175
0.296
0.317
0.116
0.195
0.44
0.111
0.131
0.153
0.366
0.283
0.179
0.352
0.185
0.22
0.295
0.315
0.185
0.165
0.078
0.144
0.066
0.007
0.242
-0.009
0.167
0.147
0.063
0.322
0.204
0.282
0.116
0.19
0.113
0.305
0.19
0.152
0.135
0.191
0.311
0.179
0.277
0.194
0.15
0.194
0.257
0.275
0.245
0.333
0.267
0.224
0.22
0.174
0.204
0.133
0.201
0.217
0.042
0.182
0.472
0.254
0.124
-0.005
0.215
0.147
0.148
0.063
0.382
0.35
0.109
0.138
0.191
0.172
0.256
-0.035
0.151
0.171
0.076
0.154
0.168
0.096
0.124
0.104
0.222
0.24
0.332
0.267
0.283
0.093
0.368
0.018
0.171
0.269
0.215
0.192
0.183
0.382
0.378
0.411
0.182
0.266
0.185
0.266
0.261
0.269
0.108
-0.004
0.102
0.311
0.14
0.357
-0.032
0.105
0.276
0.334
0.134
0.237
0.092
0.127
0.209
0.4
0.311
0.368
0.216
0.216
0.247
0.218
0.055
0.187
0.328
0.111
-0.042
0.341
0.056
0.179
0.14
0.432
0.451
0.102
0.337
0.338
0.299
0.302
0.124
0.176
0.49
0.279
0.36
0.465
0.068
0.143
0.142
0.118
0.064
0.081
0.065
0.114
0.387
0.148
0.06
0.093
0.365
0.291
0.321
0.219
0.145
0.234
0.346
0.192
0.159
0.151
0.376
0.276
0.088
0.068
0.056
0.101
0.305
0.263
0.092
0.245
0.143
0.276
0.331
0.214
0.376
0.299
0.277
0.052
0.156
0.1
0.215
0.073
0.249
0.053
0.224
0.127
0.249
0.071
0.194
-0.005
0.18
0.122
0.466
0.292
0.339
0.096
0.253
0.123
0.071
0.216
0.154
0.181
-0.002
0.076
0.329
0.162
0.115
0.152
0.463
0.161
0.147
0.104
0.074
0.222
0.384
0.1
0.029
0.24
0.287
0.209
0.072
0.119
0.315
0.205
0.199
0.21
0.179
0.053
0.075
0.058
0.284
0.389
0.049
0.386
0.132
0.263
0.28
0.104
0.516
0.063
0.417
0.253
0.036
0.062
0.456
0.402
0.373
0.132
0.077
0.198
0.097
0.164
0.1
0.122
0.226
0.069
0.221
0.295
0.064
0.347
0.327
0.167
0.143
0.087
-0.022
0.076
0.235
0.256
0.04
0.011
0.217
0.033
0.221
0.352
0.194
0.171
0.181
0.195
0.168
0.088
0.109
0.187
0.178
0.094
0.36
0.318
0.134
0.398
0.175
0.211
0.222
0.166
0.286
0.189
0.39
0.141
0.463
0.025
0.223
0.129
0.264
0.256
0.07
0.145
0.174
0.229
0.108
0.35
0.15
0.122
0.052
0.165
0.364
0.232
0.118
0.222
0.145
0.192
0.034
0.107
0.165
0.195
0.201
0.188
0.327
0.19
0.241
0.226
-0.018
0.177
0.403
0.097
0.186
0.053
0.167
0.126
0.332
0.277
0.123
0.182
0.274
0.264
0.171
0.24
0.166
0.195
0.201
0.295
0.287
0.233
0.169
0.249
0.357
0.136
0.083
0.259
0.072
0.134
0.314
0.297
0.08
0.223
0.163
0.094
0.214
0.157
0.127
0.128
0.042
0.34
0.143
0.071
0.353
0.081
0.32
0.272
-0.017
0.178
0.09
0.081
0.005
0.286
0.398
0.191
0.017
0.19
0.226
0.115
0.234
0.26
0.263
-0.006
0.152
0.19
0.146
0.241
0.304
0.276
0.323
0.149
0.375
0.257
0.134
0.279
0.222
0.086
0.052
0.134
0.126
0.151
0.221
0.373
0.278
0.087
0.116
0.231
0.36
0.165
-0.022
0.079
0.055
0.232
0.159
0.166
0.091
0.376
0.248
0.159
0.224
0.128
0.132
0.071
0.18
0.182
0.326
0.392
0.2
0.074
0.135
0.033
0.323
0.136
0.227
0.407
0.339
0.149
0.199
0.155
0.24
0.308
-0.033
0.13
0.153
0.328
0.214
0.185
0.325
0.127
0.243
0.313
0.268
0.11
0.147
0.158
0.327
0.344
0.168
-0.022
0.185
0.223
0.311
0.395
0.134
0.329
0.097
0.164
0.244
0.142
0.211
0.08
0.107
0.25
0.056
0.417
0.303
0.208
0.069
0.251
0.16
0.108
0.333
0.145
-0.061
0.049
0.171
0.397
0.456
0.226
0.141
0.22
0.256
0.311
0.17
0.325
0.132
0.166
0.201
0.206
0.062
0.119
0.358
0.229
0.126
0.129
0.302
0.066
0.155
0.152
0.142
0.291
0.191
0.116
0.119
0.175
0.17
0.096
0.125
0.244
0.355
0.1
0.153
0.334
0.041
0.223
0.255
0.059
0.449
0.291
0.218
0.151
0.237
0.233
0.268
0.242
0.166
0.448
0.158
0.106
0.162
0.102
0.161
0.351
0.199
0.132
0.167
0.238
0.144
0.188
0.562
0.064
0.079
0.326
0.175
0.364
0.115
0.215
0.22
0.22
0.231
0.176
0.162
0.22
0.18
0.401
0.216
0.33
0.328
0.358
0.055
0.262
0.058
0.056
0.319
0.224
0.13
0.295
0.063
0.216
0.18
0.23
0.054
0.143
0.184
0.459
0.291
0.321
0.377
0.124
0.26
0.324
0.131
0.229
0.272
0.193
0.257
0.159
0.398
0.104
0.155
0.15
0.225
0.265
0.16
0.016
-0.079
0.215
0.439
0.167
0.072
0.155
0.127
0.13
0.242
0.396
0.466
0.345
0.222
0.081
0.183
0.19
0.116
0.224
0.271
0.117
0.374
0.169
0.391
0.077
0.13
0.149
0.214
0.069
0.258
0.35
0.209
0.258
0.127
0.152
0.349
0.147
0.091
0.093
0.335
0.133
0.211
0.212
0.286
0.239
0.144
0.301
0.269
0.149
0.35
0.119
0.139
0.079
0.38
0.173
0.028
0.124
0.103
0.238
0.152
0.191
0.069
0.225
0.076
0.241
0.183
0.323
0.13
0.418
0.196
0.369
-0.007
0.075
0.284
0.155
0.126
0.22
0.129
0.34
0.203
0.29
0.2
0.401
0.147
0.235
0.404
0.249
0.288
0.221
0.072
0.034
0.197
0.202
0.05
0.219
0.28
0.355
0.31
0.009
0.013
0.305
0.143
0.061
0.122
0.128
0.193
0.419
0.192
0.209
0.299
0.097
0.07
0.185
0.289
0.239
0.246
0.33
0.326
0.125
0.258
0.17
0.086
0.31
0.262
0.338
0.092
0.368
0.27
0.103
0.103
0.3
0.152
0.299
0.272
0.18
0.411
0.193
0.29
0.081
0.092
0.136
-0.014
0.243
0.132
0.328
0.159
0.561
0.232
0.246
0.224
0.354
0.108
0.272
0.195
0.103
0.194
0.073
0.249
0.155
0.142
0.195
0.202
0.227
0.453
0.418
0.047
0.244
0.353
0.141
0.067
0.325
0.303
0.323
0.455
0.295
0.309
0.181
0.397
0.177
0.361
0.191
0.354
0.071
0.267
0.228
0.421
0.262
0.309
0.327
0.054
0.136
0.169
0.085
0.353
0.182
0.149
0.167
0.265
0.116
0.126
0.316
0.206
0.056
0.166
0.265
0.121
0.475
0.236
0.29
0.38
0.366
0.339
0.415
0.113
0.099
0.146
0.219
0.35
0.241
0.266
0.385
0.389
0.16
0.283
0.138
0.175
0.307
0.287
0.269
0.16
0.172
0.211
0.312
0.214
0.322
0.404
0.159
0.191
0.099
0.21
0.129
0.144
0.003
0.349
0.167
0.462
0.292
0.217
0.073
0.345
0.258
0.321
0.001
0.223
0.357
0.171
0.172
0.063
0.182
0.084
0.09
0.2
0.154
0.165
0.16
0.108
0.183
0.198
0.227
0.192
0.28
0.129
0.012
0.062
0.217
0.159
0.312
0.248
0.462
0.099
0.23
0.141
0.14
0.208
0.122
0.052
0.127
0.242
0.087
0.402
0.121
0.072
0.147
0.209
-0.001
0.191
0.087
0.072
0.26
0.237
0.221
0.334
0.107
0.15
0.239
0.075
0.12
0.244
0.149
0.161
0.165
0.073
0.27
0.209
0.4
0.202
0.161
0.377
0.219
0.217
0.067
0.193
0.174
0.304
0.18
0.156
0.196
0.151
0.325
0.12
0.11
0.38
0.342
0.26
0.092
0.093
0.281
0.238
0.247
0.103
0.36
0.309
0.144
-0.042
0.378
0.29
0.071
0.124
0.23
0.182
0.146
0.138
0.252
0.111
0.106
0.302
0.223
0.223
0.289
0.194
0.447
0.158
0.233
0.095
0.179
0.33
0.129
0.452
0.355
0.154
0.328
0.086
0.197
0.301
0.105
0.182
0.11
0.146
0.33
0.088
0.169
0.221
0.238
0.131
0.186
0.257
0.153
0.285
0.126
0.086
0.374
0.09
0.155
0.067
0.139
0.357
0.092
0.018
0.074
0.117
0.131
0.171
-0.026
0.114
0.081
0.189
0.11
0.25
0.171
0.254
0.471
0.129
0.106
0.122
0.057
-0.001
0.335
0.168
0.33
0.059
0.213
0.139
0.137
0.086
0.134
0.135
0.092
0.063
0.216
0.272
0.242
0.062
0.127
0.156
0.322
0.136
0.025
0.108
0.246
0.085
0.204
0.36
0.246
0.121
0.115
0.325
0.225
0.118
0.135
0.101
0.084
0.286
0.285
0.286
0.115
0.2
0.12
0.451
0.208
0.059
0.164
0.079
0.321
0.147
0.135
0.191
0.254
-0.012
0.29
0.229
0.267
0.174
0.063
0.054
0.197
0.259
0.063
0.358
0.109
0.204
0.138
0.303
0.052
0.166
0.186
0.198
0.16
0.142
0.027
0.203
0.259
0.202
0.196
0.151
0.265
0.254
0.323
0.118
0.095
0.19
0.134
0.053
0.222
0.168
0.178
0.216
0.242
0.132
0.31
0.094
0.17
0.419
0.13
0.084
0.05
0.334
0.306
0.28
0.011
0.124
0.251
0.083
0.139
0.281
0.257
0.211
0.284
0.422
0.194
0.236
0.307
0.21
0.076
0.158
0.239
0.187
0.202
0.198
0.219
0.395
0.332
0.022
0.104
0.428
0.248
0.288
0.241
0.326
0.229
0.089
0.152
0.3
0.123
0.167
0.254
0.207
0.233
0.073
0.102
0.169
0.181
0.124
0.202
0.142
0.178
0.203
0.158
0.184
0.139
0.264
0.369
0.23
0.127
0.197
0.18
0.253
0.337
0.449
0.228
0.211
0.278
0.227
0.258
0.302
0.287
0.265
0.27
0.103
0.03
0.207
0.177
0.359
0.174
0.359
0.144
0.133
0.138
0.025
0.199
0.323
0.107
0.156
0.168
0.097
0.277
0.176
0.174
0.022
0.193
0.156
0.276
0.28
0.348
0.085
0.23
0.201
-0.052
0.062
0.197
0.371
0.145
0.147
0.244
0.209
0.181
0.192
0.198
0.198
0.063
0.088
0.022
0.035
0.299
0.08
0.267
-0.013
0.098
0.272
0.255
0.548
0.123
0.174
0.132
0.271
0.289
0.106
0.188
0.105
0.299
0.183
0.198
0.356
0.1
-0.064
0.089
0.184
0.108
0.159
0.136
0.255
0.237
0.122
0.304
0.123
0.215
0.12
0.252
0.08
0.496
0.11
0.068
0.5
0.13
0.27
0.144
0.108
0.062
0.113
0.269
0.245
0.118
0.2
0.446
0.302
0.281
0.31
0.104
0.152
0.194
0.086
0.338
0.09
0.251
0.284
0.25
0.306
0.119
0.319
0.137
-0.002
0.007
0.338
0.265
-0.006
0.171
0.161
0.19
0.197
0.115
0.301
0.241
0.109
0.357
0.102
0.214
0.354
0.108
0.035
0.102
0.12
0.149
0.173
0.099
0.112
0.092
0.134
0.206
0.113
0.254
0.253
0.294
0.379
0.12
0.335
0.16
0.279
0.153
0.225
0.112
0.244
0.074
0.287
0.113
0.169
0.057
0.17
0.109
0.122
0.192
0.234
0.16
0.034
0.261
0.027
-0.007
0.344
0.116
0.151
0.262
0.283
0.226
0.441
0.512
0.456
0.246
0.135
0.172
0.129
0.287
0.018
0.124
0.181
0.13
0.182
0.195
0.296
0.123
0.145
0.293
0.068
0.15
0.295
0.193
0.008
0.264
0.227
0.185
0.332
0.23
0.312
0.23
0.096
0.236
0.213
0.199
0.13
0.119
0.405
0.169
0.01
0.082
0.053
0.12
0.255
0.335
0.186
0.277
0.13
0.088
0.224
0.141
0.098
0.181
0.148
0.152
0.136
0.184
0.297
0.126
0.065
0.279
0.191
0.244
0.145
0.22
0.253
0.102
0.105
0.274
0.139
0.117
0.419
0.215
0.313
0.15
0.142
0.15
0.105
0.05
0.102
0.183
0.356
0.104
0.083
0.05
0.386
0.278
0.197
0.04
0.139
0.236
0.017
0.13
0.152
0.174
0.251
0.08
0.134
0.317
0.275
0.337
0.188
0.178
0.223
0.172
0.326
0.164
0.177
0.219
0.178
0.291
0.173
0.193
0.246
0.135
0.081
0.228
0.311
0.469
0.211
0.175
0.161
0.182
0.234
0.189
0.181
0.001
0.34
0.198
0.311
0.145
0.294
0.126
0.287
0.239
0.285
0.201
0.434
0.394
0.175
0.116
0.031
0.296
0.372
0.41
0.321
0.162
0.079
0.39
0.341
0.157
0.108
0.001
0.357
0.241
0.282
0.186
0.242
0.334
0.133
0.156
0.166
0.213
0.288
0.434
0.206
0.194
0.192
0.163
0.175
0.191
0.347
0.388
0.212
0.255
0.05
0.283
0.154
0.364
0.294
0.263
0.122
0.207
0.314
0.162
0.042
0.178
0.13
0.261
0.201
0.227
0.303
0.228
0.215
0.19
0.161
0.263
0.22
0.263
0.17
0.036
0.118
0.113
0.372
0.23
0.173
0.217
0.293
0.279
0.299
0.208
0.179
0.251
0.145
0.131
0.222
0.236
0.356
0.201
0.348
0.217
0.203
0.123
0.09
0.158
0.039
0.109
0.423
0.394
0.27
0.326
0.16
0.3
0.249
0.202
0.231
0.29
0.259
0.275
0.144
0.123
0.132
0.232
0.255
0.186
0.414
0.202
0.188
0.195
0.479
0.24
0.047
0.208
0.154
0.252
0.147
0.166
0.33
0.502
0.19
0.468
0.115
0.293
0.178
0.089
0.109
0.201
0.201
0.143
0.223
0.284
0.339
0.257
0.163
0.218
0.218
0.175
0.414
0.255
0.073
0.369
0.154
0.302
0.218
0.13
0.163
0.212
0.223
-0.025
0.246
0.262
0.248
0.218
0.178
-0.069
0.245
0.098
0.333
0.045
0.262
0.201
0.071
0.223
0.143
0.163
0.074
0.284
0.422
0.172
0.196
0.363
0.192
0.189
0.175
0.15
0.178
0.034
0.031
0.077
0.146
0.227
0.013
0.357
0.127
0.375
0.256
0.176
0.397
0.193
0.364
0.216
0.452
0.207
0.346
0.394
0.199
0.256
0.214
0.414
0.234
0.293
0.196
0.303
0.255
0.117
0.03
0.402
0.389
0.164
0.165
0.083
0.233
0.088
0.114
0.138
0.172
0.119
0.173
0.167
0.19
0.197
0.411
0.102
0.444
0.231
0.315
0.163
0.231
0.315
0.259
0.102
0.104
0.442
0.231
0.156
0.213
0.107
0.091
0.267
0.257
0.198
0.227
0.273
0.29
0.271
0.124
0.104
0.249
0.14
0.108
0.221
0.134
0.112
0.237
0.178
0.138
0.173
0.279
0.224
0.349
0.344
-0.003
0.352
0.174
0.354
0.121
0.353
0.21
0.121
0.144
0.28
0.198
0.141
0.22
0.041
0.065
0.173
0.379
0.418
0.257
0.326
0.266
0.179
0.173
0.281
0.258
0.241
0.191
0.404
0.132
0.279
0.437
0.14
0.228
0.252
0.122
0.179
0.031
0.123
0.169
0.114
0.087
0.108
0.306
0.149
0.132
0.067
0.335
0.384
0.26
0.277
0.152
0.122
0.316
0.133
0.335
0.141
0.189
0.321
0.066
0.258
0.154
0.038
0.443
0.326
0.241
0.125
0.247
0.155
0.126
0.404
0.268
0.368
0.067
0.113
0.04
0.337
-0.014
0.123
0.183
0.173
0.18
0.233
0.132
0.424
0.216
0.264
0.287
0.084
0.044
0.323
0.065
0.19
0.424
0.46
0.066
0.367
0.194
0.054
0.196
0.047
0.24
0.197
0.203
0.101
0.04
0.247
0.041
0.195
0.328
0.351
0.075
0.142
0.1
0.128
0.059
0.156
0.291
0.117
0.264
0.217
0.297
0.193
0.22
0.081
0.146
0.185
0.104
0.418
0.233
0.137
0.021
0.227
0.124
0.078
0.159
0.037
0.213
0.076
0.126
0.084
0.249
0.145
0.025
0.091
0.185
0.141
0.156
0.136
0.348
-0.016
0.294
0.015
0.15
0.286
0.455
0.225
0.124
0.051
0.19
0.302
0.271
0.216
0.097
0.16
0.192
0.377
0.349
0.205
0.242
0.318
0.27
0.252
0.102
0.14
0.185
0.172
0.078
0.129
0.249
0.12
0.094
0.136
0.388
0.347
0.185
0.102
0.328
0.108
0.112
0.214
0.329
0.209
0.455
0.182
0.185
0.173
0.029
0.264
0.234
0.079
0.307
0.297
0.336
0.314
0.124
0.185
0.248
0.146
0.046
0.309
0.27
0.12
0.398
0.033
0.099
0.074
0.173
0.177
0.242
0.35
0.097
0.222
0.12
0.136
0.14
0.261
0.05
0.316
0.257
0.118
0.387
0.268
0.245
0.073
0.212
0.509
0.193
0.198
0.158
0.276
0.102
0.06
0.193
0.249
-0.027
0.353
0.419
0.17
0.145
0.159
0.29
0.115
0.109
0.227
0.231
0.164
0.184
0.134
0.225
0.366
0.338
0.175
0.068
0.4
0.338
0.378
0.063
0.141
0.095
0.194
0.349
0.007
0.031
0.153
0.249
0.145
0.133
0.252
0.11
0.204
0.205
0.093
0.076
0.256
0.136
0.204
0.336
0.146
0.228
0.166
0.16
0.434
0.19
0.106
0.217
0.212
0.215
0.116
0.412
0.197
0.028
0.118
0.033
0.216
0.17
0.215
0.08
0.147
0.2
0.193
0.199
0.338
0.285
0.126
0.317
0.099
0.275
0.189
0.022
0.299
0.08
0.057
0.165
0.098
0.145
0.16
0.119
-0.007
0.378
0.127
0.318
0.244
0.116
0.309
0.149
0.278
0.358
0.208
0.272
0.171
0.227
0.497
0.281
0.428
0.103
0.283
0.25
-0.012
0.221
0.302
0.101
0.297
0.407
0.151
0.076
0.206
0.442
0.173
0.267
-0.056
0.098
0.133
0.31
0.126
0.043
0.202
0.169
0.179
0.161
0.007
0.338
0.181
0.196
0.271
0.164
0.251
0.215
0.395
0.104
0.088
0.063
0.333
0.376
0.349
0.448
0.141
0.117
0.45
0.248
0.134
0.134
0.31
0.16
0.112
0.184
0.146
0.212
0.119
0.051
0.173
0.014
0.189
0.34
0.37
0.051
0.343
0.159
0.364
0.154
0.166
0.203
0.219
0.047
0.332
0.173
0.097
0.219
0.227
0.228
0.107
0.129
0.261
0.389
0.077
0.262
0.159
0.08
0.337
0.002
0.394
0.057
0.103
-0.038
0.331
0.142
0.132
0.038
0.074
0.081
0.093
0.134
0.232
0.43
0.188
0.219
0.433
0.161
0.23
0.328
0.234
0.249
0.272
0.118
-0.016
0.201
0.18
0.139
0.375
0.212
0.086
0.046
0.196
-0.005
0.322
0.215
0.293
0.239
0.173
0.387
0.176
0.254
0.47
0.195
0.178
0.111
0.094
0.366
0.192
0.086
0.23
0.146
0.21
0.203
0.146
0.199
0.044
0.201
0.039
0.071
0.314
0.273
0.255
0.223
0.269
0.049
0.15
0.24
0.141
0.256
0.397
0.04
0.223
0.284
0.28
0.019
0.253
0.122
0.353
0.463
0.382
0.216
0.082
0.27
0.121
0.119
0.326
-0.002
0.367
0.258
0.164
0.214
0.592
0.092
0.238
0.119
0.348
0.213
0.13
0.374
0.363
0.089
0.312
0.193
0.092
0.208
0.211
0.261
0.153
0.196
-0.018
0.182
0.434
0.198
0.133
0.429
0.065
0.246
0.199
0.046
0.256
0.029
0.105
0.238
0.167
0.168
0.184
0.262
0.081
0.376
0.089
0.306
0.068
0.194
0.294
0.139
0.234
0.09
0.184
0.234
0.221
0.091
0.238
0.162
0.046
0.181
0.304
0.002
0.257
0.255
0.26
0.18
0.298
0.334
0.146
0.107
0.176
0.323
0.173
0.075
0.096
0.252
0.094
0.074
0.121
0.124
0.375
0.367
0.348
0.121
0.114
0.278
0.308
0.258
0.223
0.299
0.299
0.29
0.002
0.257
0.21
0.102
0.383
0.183
0.066
0.269
0.321
0.174
0.258
0.202
0.229
0.285
0.149
0.374
0.117
0.252
0.164
0.175
0.47
0.224
0.347
0.142
0.287
0.206
0.301
0.081
0.271
0.072
0.135
0.203
0.257
0.176
0.403
0.289
0.381
0.193
0.081
0.115
0.175
0.338
0.225
0.146
0.08
0.235
0.003
0.1
0.003
0.115
0.044
0.181
0.461
0.357
0.188
0.23
0.107
0.107
0.112
0.096
0.054
0.288
0.201
0.229
0.136
0.145
0.396
0.426
0.221
0.333
0.284
0.159
0.133
0.104
0.158
0.263
0.149
0.152
0.204
0.196
0.271
0.281
0.191
0.036
0.076
0.117
0.16
0.334
0.2
0.284
0.072
0.153
0.07
0.239
0.102
0.362
0.124
0.094
0.111
0.265
0.101
0.061
0.227
0.183
0.171
0.094
0.385
0.09
0.198
0.244
0.339
0.186
0.175
0.218
0.176
0.101
0.168
0.14
0.088
0.309
0.167
0.145
-0.031
0.488
0.259
0.189
0.269
0.087
0.05
0.244
0.215
0.118
0.204
0.231
0.103
0.085
0.178
0.311
0.203
0.193
0.054
0.214
0.215
0.208
0.335
0.053
0.23
0.042
0.356
0.031
0.115
0.221
0.238
0.143
0.145
0.082
0.189
0.32
0.33
0.263
0.274
0.347
0.22
0.374
0.315
0.413
0.304
0.112
0.109
0.08
0.034
0.252
0.154
0.079
0.232
0.034
0.049
0.089
0.384
0.166
0.329
0.121
0.305
0.072
0.23
0.287
0.173
0.238
0.187
0.245
0.118
0.171
0.076
0.095
0.141
0.134
0.157
0.097
0.323
0.039
0.056
0.21
0.218
0.153
0.265
0.079
0.455
0.502
0.337
0.073
0.251
0.211
0.268
0.0
0.231
0.03
0.509
0.128
0.178
0.08
0.128
0.109
0.269
0.305
0.359
0.355
0.429
0.348
0.068
0.133
0.292
0.339
0.153
0.233
0.15
0.253
0.167
0.095
0.1
0.401
0.179
0.127
0.376
0.341
0.182
0.241
0.283
0.207
0.263
0.189
0.237
0.092
0.284
0.175
0.221
0.136
0.297
0.144
0.44
0.145
0.138
0.237
0.374
0.209
0.053
0.147
0.328
0.179
0.28
0.067
0.021
-0.064
0.212
0.13
0.283
0.009
0.103
0.2
0.096
0.004
0.262
0.32
0.098
0.173
-0.055
0.234
0.129
0.118
0.306
0.101
0.167
0.189
0.058
0.296
0.032
0.102
0.099
0.175
-0.007
0.483
0.321
0.228
0.279
0.213
0.085
0.123
0.215
0.172
0.059
0.225
0.209
0.196
0.401
0.179
0.202
0.14
0.47
0.267
0.136
0.166
0.261
0.165
0.191
0.365
0.094
0.074
0.202
0.044
0.121
0.248
0.117
0.129
0.225
0.317
0.394
0.155
0.296
0.139
0.104
0.302
0.156
0.081
0.192
0.202
0.081
0.171
0.145
0.237
0.276
0.195
0.27
0.228
0.105
0.156
0.15
0.429
0.297
0.192
0.379
0.142
0.181
0.26
0.021
0.284
0.241
0.188
-0.019
0.009
0.205
0.212
0.026
0.226
0.26
0.238
0.105
0.261
0.128
0.174
0.291
0.123
0.324
-0.027
0.45
0.163
0.148
0.184
0.212
0.226
0.262
0.303
0.095
0.415
0.267
0.346
0.282
0.304
0.306
0.228
0.233
0.027
0.231
0.236
0.184
0.311
0.195
0.169
0.444
0.335
0.076
0.234
0.317
0.267
0.12
0.373
0.278
0.174
0.144
0.497
0.169
0.25
0.175
0.33
0.147
0.22
0.232
0.045
0.233
0.272
0.278
0.237
0.28
0.215
0.056
0.111
0.133
0.266
0.196
0.097
0.326
0.255
0.195
0.124
0.185
0.355
0.459
0.309
0.197
0.18
0.207
-0.039
0.246
0.421
0.039
0.179
0.187
0.132
0.098
0.271
-0.018
0.163
0.283
0.22
0.423
0.212
0.121
0.224
0.104
0.077
0.182
0.148
0.123
0.052
0.319
0.242
0.304
0.071
0.073
0.344
0.176
0.186
0.144
0.248
-0.019
0.073
0.193
0.275
0.139
0.377
0.164
0.198
0.241
0.119
0.149
0.237
0.058
0.269
0.153
0.328
0.314
0.266
0.227
0.336
0.196
0.193
0.274
0.022
0.288
0.234
0.062
0.129
-0.025
0.33
0.289
0.268
0.279
0.377
0.282
0.22
0.185
0.115
0.147
0.292
0.155
0.088
0.152
0.236
0.115
0.321
0.12
0.42
-0.016
0.259
0.177
0.262
0.096
0.091
0.146
0.182
0.04
0.093
0.174
0.389
0.216
0.105
-0.001
0.197
0.083
0.016
0.322
0.376
0.108
0.131
0.306
0.313
0.078
0.445
0.102
0.186
0.183
0.468
0.376
0.434
0.122
0.211
0.156
0.145
0.063
0.378
0.145
0.29
0.111
0.192
0.193
0.083
-0.012
0.427
0.091
0.193
0.028
0.375
0.028
0.304
0.129
0.052
0.239
0.092
0.103
0.251
0.106
0.481
0.299
0.188
0.173
0.062
-0.031
0.325
0.106
0.074
0.128
0.006
0.368
0.362
0.304
0.181
0.118
0.284
0.372
0.062
0.288
0.084
0.229
0.139
0.137
0.223
0.161
0.337
0.045
0.191
0.319
0.406
0.191
0.197
0.255
0.198
0.003
0.326
0.302
0.195
0.071
0.371
0.138
0.105
0.139
0.211
0.151
0.26
0.251
0.102
0.11
0.255
0.394
0.339
0.236
0.311
0.075
0.272
0.145
0.041
0.07
0.061
0.211
0.001
0.305
0.378
0.194
0.162
0.139
0.313
0.236
0.095
0.219
0.258
0.254
0.202
0.157
0.405
0.176
0.381
0.315
0.068
0.216
0.047
0.048
0.06
0.054
0.187
0.292
0.202
0.137
0.369
0.217
0.231
0.175
0.106
0.29
0.308
0.438
0.147
0.258
0.068
0.264
0.122
0.177
0.284
0.131
0.182
0.255
0.277
0.249
0.214
0.274
-0.01
0.223
0.394
0.226
0.241
0.043
0.231
0.325
0.128
0.152
0.132
0.176
0.227
0.193
0.188
0.201
0.166
0.16
0.318
0.245
0.133
0.252
0.253
0.383
0.087
0.084
0.126
0.368
0.155
0.185
0.202
0.106
0.28
0.125
0.205
0.118
0.222
0.025
0.14
0.215
0.14
0.066
0.159
0.393
0.102
0.153
0.261
0.36
0.141
0.274
0.231
0.257
0.229
0.262
0.124
0.251
0.277
0.146
0.316
0.171
0.196
0.188
0.137
0.276
0.111
0.09
0.287
0.272
0.33
0.237
0.316
-0.033
-0.038
0.475
0.256
0.19
0.201
0.082
0.271
0.149
-0.05
0.08
0.145
0.203
0.454
0.103
0.032
0.23
0.05
0.306
0.191
0.389
0.153
0.088
0.194
0.239
0.138
0.176
0.065
0.305
0.097
0.083
0.259
0.177
0.334
0.328
0.074
0.19
0.168
0.108
0.138
0.136
0.239
0.105
0.317
0.224
0.123
0.021
0.241
0.299
0.093
0.314
0.432
0.085
0.164
0.192
0.099
0.219
0.304
0.09
0.113
0.162
0.128
0.275
0.322
0.09
0.048
0.145
0.31
0.112
0.382
0.263
0.164
0.129
0.143
0.198
0.028
0.305
0.03
0.406
0.076
0.379
0.134
0.411
0.164
0.046
0.061
0.134
0.099
0.149
0.098
0.271
0.391
0.25
0.212
0.07
0.037
0.107
0.094
0.392
-0.012
0.22
0.395
0.25
0.213
0.231
0.245
0.178
0.066
0.373
0.265
0.07
0.262
0.228
0.158
0.319
0.134
0.274
0.104
0.127
0.295
0.15
0.134
0.215
0.117
0.132
0.201
0.174
0.24
0.198
0.239
0.27
0.11
0.22
0.118
0.314
0.123
0.032
0.042
0.142
0.237
0.319
0.296
0.088
0.276
0.259
0.141
0.201
0.149
0.248
0.261
0.19
0.102
0.314
0.287
0.152
0.243
0.082
0.301
0.109
0.168
0.178
0.216
0.274
0.34
0.076
-0.042
0.054
0.132
0.387
0.097
0.118
0.133
0.061
0.311
0.176
0.232
0.053
0.28
0.402
0.292
0.158
0.292
0.347
0.376
0.241
0.28
0.153
0.335
0.303
0.233
0.326
0.157
0.04
0.325
0.058
0.342
0.304
0.266
0.301
0.155
0.06
0.288
0.169
0.188
0.172
0.339
0.008
0.149
0.05
0.247
0.21
0.294
0.207
0.141
0.142
0.449
-0.015
0.186
0.039
0.2
-0.014
0.156
0.117
0.264
0.317
0.176
0.148
0.152
0.334
0.379
0.103
0.169
0.191
0.451
0.021
0.3
0.14
0.191
0.024
0.077
0.292
0.108
0.127
0.221
0.313
0.04
-0.011
0.112
0.147
0.189
0.192
0.21
0.072
0.264
0.16
0.091
0.107
0.068
0.175
0.186
0.198
0.088
0.163
0.189
0.458
0.41
0.209
0.342
0.319
0.28
0.265
0.184
0.033
0.254
0.067
0.364
0.244
0.091
0.26
0.123
0.233
0.073
0.078
0.182
0.145
0.144
0.064
0.202
0.168
0.353
0.117
0.109
0.235
0.105
0.157
0.357
0.161
0.195
0.295
0.289
0.12
0.118
0.28
0.231
0.254
0.156
0.138
0.389
0.132
0.123
0.276
0.243
0.218
0.154
0.096
0.105
0.241
0.325
0.109
0.189
0.221
0.124
0.177
0.38
0.3
0.175
0.162
0.314
0.294
0.296
0.264
0.205
0.291
0.09
0.222
0.223
0.065
0.072
0.092
0.383
0.344
0.176
0.233
0.146
0.19
0.133
0.299
0.147
0.1
0.017
0.234
0.282
0.061
0.031
0.109
0.147
0.258
0.209
0.114
0.303
0.157
0.294
0.04
0.054
0.08
0.196
0.066
0.224
0.437
0.333
0.109
0.35
0.159
0.353
0.273
0.415
0.405
0.1
0.424
-0.032
0.141
0.186
0.177
0.229
0.156
0.381
0.495
0.247
0.332
0.283
0.248
0.113
0.173
0.286
0.252
0.176
0.354
0.025
0.258
0.229
0.143
0.298
-0.082
0.219
0.114
0.187
0.164
0.327
0.218
0.309
0.202
0.151
0.19
0.33
0.164
0.226
0.155
0.294
0.16
0.344
0.186
0.074
0.41
0.327
0.054
0.446
0.143
0.08
0.293
0.133
0.116
0.375
0.217
0.171
0.123
0.192
0.213
0.213
0.318
0.178
0.393
0.142
0.115
0.018
0.198
0.165
0.191
0.318
0.404
0.065
0.17
0.421
0.198
0.193
0.17
0.034
0.218
0.204
0.053
0.217
0.104
0.243
0.225
0.246
0.22
0.187
0.419
0.142
0.223
0.22
0.178
0.307
0.31
0.301
0.326
0.17
0.299
0.089
0.313
0.141
0.189
0.122
0.269
0.411
0.141
0.18
0.005
0.25
0.248
0.048
0.069
0.344
0.221
0.174
0.212
0.233
0.101
0.29
0.422
0.148
0.101
0.26
0.167
0.18
0.32
0.426
0.131
0.177
0.03
0.065
0.1
0.156
0.089
0.139
0.139
0.212
0.117
0.125
0.182
0.182
0.202
0.286
0.215
0.285
0.126
0.244
0.245
0.147
0.328
0.32
0.069
-0.022
0.128
0.384
0.349
0.124
0.216
0.132
0.155
0.087
0.228
0.066
0.108
0.186
0.094
0.253
0.221
0.15
0.156
0.168
0.191
0.207
0.211
0.186
0.407
0.207
0.312
0.343
0.056
0.177
0.178
0.095
0.278
0.142
0.214
0.314
0.164
0.31
0.06
0.121
0.152
0.13
0.476
0.417
0.164
0.098
0.121
0.293
0.084
0.183
-0.006
0.185
0.066
0.167
0.426
0.205
0.141
0.213
0.155
0.482
0.023
0.215
0.132
0.157
0.451
0.142
0.179
0.126
0.082
0.14
-0.006
0.351
0.106
0.181
0.119
0.187
0.077
0.143
0.087
0.231
0.075
0.341
0.249
0.073
0.082
0.055
0.21
0.29
0.159
0.025
0.388
0.169
0.215
0.397
0.181
0.121
0.258
0.223
0.245
0.227
0.514
0.086
0.217
0.131
0.18
0.148
0.092
0.142
0.113
0.368
0.145
0.132
0.331
0.327
0.226
0.087
0.299
0.148
-0.002
0.25
0.208
-0.009
0.204
0.255
0.201
0.174
0.171
0.144
0.19
0.183
0.216
0.188
0.154
0.157
0.376
0.328
0.123
0.139
0.202
0.121
0.292
0.151
0.348
0.241
0.075
-0.013
0.16
0.446
0.336
0.126
0.291
0.241
0.398
0.196
0.263
0.34
0.317
0.308
0.417
0.259
-0.005

