-0.073
-0.004
-0.021
-0.053
0.024
-0.055
-0.033
-0.121
-0.057
-0.079
-0.076
0.013
-0.049
-0.04
-0.148
-0.056
-0.01
-0.03
-0.022
-0.086
-0.049
-0.047
-0.108
-0.014
-0.009
-0.003
-0.041
-0.015
-0.017
-0.056
-0.015
-0.082
-0.05
-0.014
-0.055
-0.08
-0.108
-0.041
-0.01
-0.04
-0.09
-0.07
-0.072
-0.081
-0.009
-0.028
-0.053
0.011
-0.131
0.056
-0.05
-0.079
0.032
0.004
-0.12
-0.02
-0.026
0.02
-0.097
-0.052
-0.085
-0.058
-0.047
-0.025
-0.055
-0.019
-0.067
0.026
-0.097
-0.063
0.025
-0.043
-0.063
-0.008
-0.032
-0.071
-0.076
-0.044
-0.021
-0.011
0.007
0.019
-0.005
-0.034
-0.041
-0.075
-0.1
0.03
-0.007
-0.04
-0.055
-0.062
-0.015
-0.036
0.002
-0.023
-0.078
-0.023
-0.064
-0.01
-0.061
-0.033
-0.027
-0.02
-0.079
-0.073
-0.063
0.023
-0.02
-0.045
-0.038
-0.02
-0.011
-0.056
-0.058
-0.052
-0.044
-0.031
-0.111
-0.082
-0.045
0.043
-0.128
-0.001
-0.07
-0.069
-0.019
-0.053
-0.13
-0.051
-0.015
-0.052
-0.044
-0.047
-0.08
-0.075
-0.013
-0.094
-0.062
-0.064
-0.009
0.006
-0.043
-0.009
0.009
-0.066
0.044
-0.044
-0.045
-0.105
-0.033
-0.021
-0.05
-0.019
-0.028
-0.017
-0.109
-0.063
-0.07
-0.015
-0.066
-0.029
-0.073
-0.056
0.018
-0.022
-0.061
-0.068
-0.063
-0.094
-0.037
-0.105
-0.071
-0.061
-0.036
0.008
-0.037
-0.112
-0.071
-0.046
0.024
-0.068
-0.09
-0.002
-0.056
-0.098
-0.074
-0.085
-0.059
-0.015
-0.088
0.023
-0.02
-0.031
-0.052
-0.047
-0.037
-0.049
-0.057
-0.038
-0.11
-0.026
-0.049
-0.067
-0.028
-0.027
-0.02
-0.019
0.017
-0.027
-0.053
-0.018
-0.08
-0.033
-0.062
-0.091
-0.047
-0.049
-0.058
-0.012
-0.077
-0.086
-0.033
-0.09
-0.053
0.038
-0.039
-0.089
-0.052
-0.025
-0.061
-0.028
-0.108
-0.065
-0.063
-0.002
0.027
-0.031
-0.009
-0.078
-0.1
-0.033
-0.014
-0.064
0.022
-0.019
-0.062
-0.009
-0.035
-0.095
-0.045
-0.008
-0.038
-0.05
-0.07
-0.061
0.052
0.005
0.005
-0.094
-0.006
0.031
-0.081
-0.012
-0.125
-0.072
-0.049
-0.116
-0.005
-0.044
-0.016
0.017
-0.027
-0.041
-0.002
-0.01
-0.101
-0.017
-0.079
-0.045
-0.065
-0.018
-0.074
-0.097
-0.067
-0.078
-0.084
-0.07
-0.099
-0.082
-0.07
-0.092
-0.028
-0.014
-0.001
-0.077
-0.072
-0.063
0.007
0.016
-0.04
-0.011
-0.052
-0.091
-0.036
-0.044
-0.018
-0.04
-0.064
-0.012
-0.012
-0.057
-0.008
-0.013
-0.036
-0.038
0.001
0.004
-0.018
-0.033
-0.048
-0.045
-0.092
-0.116
-0.02
-0.085
-0.03
-0.035
-0.056
-0.003
-0.074
-0.067
-0.019
-0.128
-0.061
-0.051
-0.062
-0.052
-0.085
-0.071
0.019
0.039
-0.074
-0.051
-0.08
-0.072
-0.063
-0.026
-0.083
-0.018
0.003
-0.069
-0.003
-0.063
-0.048
-0.074
-0.012
-0.039
-0.093
-0.025
-0.066
-0.062
-0.108
-0.075
-0.075
0.008
-0.075
-0.022
-0.068
-0.046
-0.04
-0.082
0.019
-0.083
-0.032
-0.054
-0.057
-0.07
0.008
-0.017
-0.033
-0.012
-0.029
-0.03
-0.04
-0.09
-0.056
-0.072
-0.026
0.013
-0.005
-0.037
0.029
-0.003
0.003
-0.062
-0.005
-0.086
0.005
-0.07
-0.082
-0.02
-0.068
0.001
0.001
-0.06
-0.088
-0.027
-0.024
-0.037
-0.057
-0.02
-0.105
-0.074
-0.005
-0.034
-0.009
0.001
-0.06
-0.023
-0.175
-0.025
0.029
-0.129
-0.015
0.017
-0.025
-0.08
-0.06
-0.082
-0.004
0.067
-0.083
0.074
-0.058
-0.039
0.006
-0.036
-0.017
-0.105
-0.124
-0.095
-0.064
-0.029
-0.042
-0.048
-0.03
-0.04
-0.099
-0.019
-0.003
-0.082
-0.095
-0.046
0.0
-0.056
0.036
-0.073
-0.077
-0.016
-0.068
-0.067
-0.103
0.003
-0.095
-0.104
-0.073
-0.019
-0.076
-0.023
-0.009
-0.036
-0.11
-0.044
-0.018
-0.003
-0.075
-0.064
-0.042
-0.166
-0.042
0.029
-0.039
0.031
-0.109
-0.088
-0.085
-0.056
-0.06
-0.003
-0.018
0.001
-0.083
-0.014
-0.058
-0.027
0.0
-0.029
-0.108
-0.028
-0.05
-0.086
-0.149
-0.002
-0.062
-0.086
-0.087
-0.04
-0.099
-0.009
-0.082
-0.058
-0.029
-0.086
-0.05
-0.096
-0.076
-0.017
-0.041
-0.05
-0.019
-0.023
-0.038
-0.076
-0.104
0.001
0.002
-0.108
0.028
-0.091
-0.078
-0.024
-0.009
-0.099
-0.035
-0.057
-0.096
0.01
-0.068
-0.048
-0.088
0.018
-0.041
0.003
0.005
0.042
-0.02
0.035
-0.021
0.015
-0.06
0.017
-0.042
-0.017
0.01
-0.085
-0.032
-0.045
-0.071
-0.053
-0.08
-0.045
-0.031
-0.029
-0.117
-0.054
-0.072
0.006
-0.086
-0.03
-0.143
-0.042
-0.105
-0.101
-0.03
-0.047
-0.006
-0.041
-0.095
-0.001
-0.052
-0.029
-0.024
-0.08
-0.02
-0.044
-0.011
-0.025
0.052
-0.152
-0.072
-0.032
-0.039
-0.02
-0.004
-0.091
0.009
-0.106
-0.064
-0.102
-0.013
-0.039
0.049
-0.084
0.017
-0.016
0.021
-0.149
-0.037
0.003
-0.131
-0.048
-0.092
-0.09
-0.021
-0.034
-0.043
-0.058
0.001
-0.015
-0.053
-0.093
-0.076
-0.062
-0.051
-0.087
-0.088
-0.029
-0.133
0.009
-0.035
-0.074
0.009
-0.04
-0.099
-0.16
-0.089
-0.016
-0.112
-0.106
-0.004
-0.064
-0.127
0.046
-0.032
-0.058
-0.137
-0.053
-0.03
-0.018
-0.008
-0.049
-0.066
-0.046
-0.033
-0.061
-0.001
-0.111
-0.105
0.053
-0.066
-0.039
-0.031
-0.028
-0.077
-0.047
-0.055
-0.01
-0.042
-0.03
-0.053
-0.013
-0.067
-0.03
-0.073
-0.091
-0.039
-0.064
-0.095
-0.077
-0.101
-0.008
-0.098
-0.026
-0.041
0.009
-0.07
-0.109
-0.009
-0.016
-0.026
-0.079
0.011
-0.065
-0.113
-0.038
-0.047
-0.027
0.014
-0.089
-0.047
-0.029
-0.02
-0.096
0.054
0.025
-0.067
-0.1
-0.004
-0.06
-0.149
-0.094
0.006
-0.067
0.007
0.024
-0.077
-0.038
0.017
-0.01
-0.095
-0.02
-0.075
-0.004
-0.023
-0.04
-0.079
-0.087
-0.059
-0.064
-0.066
0.017
0.024
-0.04
-0.075
0.07
-0.088
-0.085
-0.051
-0.08
-0.018
0.036
-0.102
-0.043
-0.099
-0.045
-0.171
-0.022
-0.072
-0.053
-0.013
-0.03
-0.13
-0.008
-0.015
-0.015
-0.085
-0.038
-0.016
-0.051
-0.073
-0.02
-0.081
-0.117
-0.028
-0.053
-0.012
-0.059
-0.065
-0.106
-0.092
-0.088
0.023
0.023
-0.024
-0.084
-0.028
-0.096
-0.031
0.015
-0.063
-0.015
-0.043
0.05
-0.061
-0.09
-0.076
-0.015
-0.062
0.007
-0.03
0.0
-0.024
0.01
-0.068
0.013
-0.031
-0.044
-0.029
-0.03
0.029
0.004
-0.027
-0.056
-0.005
-0.006
0.053
-0.042
-0.076
0.028
-0.005
-0.017
-0.005
-0.002
-0.004
0.0
-0.096
-0.066
-0.02
-0.063
-0.099
0.015
-0.082
-0.064
0.003
-0.061
-0.071
-0.017
-0.051
0.021
-0.069
0.009
-0.033
-0.002
-0.023
-0.028
0.016
0.024
0.01
-0.046
-0.03
-0.042
-0.054
-0.089
0.008
-0.095
-0.04
-0.002
-0.104
-0.077
-0.044
-0.06
-0.099
-0.059
-0.097
0.007
-0.063
0.023
-0.039
-0.045
0.028
-0.04
-0.084
-0.061
-0.079
0.075
-0.052
-0.059
-0.055
0.001
-0.047
0.001
-0.086
-0.07
-0.01
0.046
-0.042
-0.083
-0.08
0.019
-0.109
-0.031
0.012
-0.047
-0.074
-0.111
-0.107
-0.087
-0.029
-0.01
0.059
-0.026
-0.075
-0.024
-0.051
-0.009
-0.034
-0.064
-0.014
-0.108
-0.087
-0.032
-0.017
-0.041
-0.073
-0.077
-0.011
-0.008
-0.096
-0.138
0.001
-0.114
-0.106
-0.034
0.026
-0.086
-0.038
-0.053
-0.082
-0.06
-0.08
-0.032
-0.043
-0.067
-0.053
-0.042
-0.065
-0.08
-0.087
-0.049
0.079
-0.067
-0.023
-0.107
-0.029
-0.003
-0.051
-0.066
-0.066
0.014
-0.006
-0.009
-0.06
-0.144
0.069
-0.048
-0.011
-0.034
-0.064
-0.013
-0.082
-0.023
-0.046
-0.093
-0.085
-0.081
-0.006
0.023
-0.031
-0.022
-0.034
0.002
-0.009
-0.056
-0.027
-0.116
-0.114
-0.033
-0.013
-0.095
-0.014
-0.001
-0.026
-0.043
-0.013
-0.057
-0.011
-0.085
0.017
-0.07
0.026
-0.156
-0.031
-0.09
-0.106
-0.023
-0.061
-0.02
-0.042
-0.057
0.026
0.017
-0.057
0.009
-0.024
-0.046
-0.09
-0.069
-0.003
-0.069
-0.106
-0.065
-0.146
-0.047
-0.06
0.001
-0.03
-0.042
-0.045
0.009
-0.003
-0.045
-0.041
-0.069
-0.061
-0.062
-0.005
-0.092
-0.052
-0.065
-0.045
-0.026
-0.009
-0.017
0.028
-0.103
-0.046
-0.03
-0.012
-0.004
-0.056
-0.146
-0.033
0.025
-0.061
0.013
-0.012
-0.1
-0.061
-0.002
-0.085
-0.056
-0.023
-0.024
-0.107
-0.084
-0.052
-0.064
-0.035
-0.089
-0.061
-0.036
-0.082
-0.054
-0.115
-0.066
0.0
-0.041
-0.099
-0.025
-0.061
-0.048
-0.047
-0.015
-0.028
-0.085
-0.074
-0.142
-0.091
-0.039
-0.027
-0.012
-0.052
0.013
-0.091
-0.088
0.017
-0.042
0.02
0.001
-0.049
-0.076
-0.082
-0.085
-0.054
-0.078
-0.024
-0.011
0.004
-0.086
0.03
0.002
-0.046
-0.08
-0.074
-0.09
-0.049
0.025
-0.116
0.049
-0.062
0.023
-0.046
-0.057
-0.076
0.011
0.004
-0.04
-0.054
0.027
-0.06
-0.006
-0.042
-0.09
0.004
-0.082
-0.032
-0.041
0.017
-0.054
-0.028
-0.077
-0.048
-0.046
0.035
-0.022
-0.053
-0.043
0.021
-0.06
-0.11
-0.032
-0.098
0.015
-0.036
-0.057
0.026
-0.034
-0.043
-0.077
-0.019
-0.008
-0.072
-0.119
-0.072
-0.012
0.015
-0.105
-0.05
0.007
-0.041
-0.119
-0.057
-0.078
-0.079
0.016
-0.109
-0.034
0.031
-0.05
-0.073
-0.045
-0.01
0.031
-0.028
-0.063
0.039
-0.102
-0.026
-0.136
-0.01
-0.069
-0.084
-0.035
-0.013
0.029
-0.03
0.016
-0.149
-0.04
-0.098
-0.067
-0.013
-0.01
-0.006
-0.047
-0.088
-0.047
-0.039
-0.02
-0.024
0.05
-0.081
0.016
0.058
-0.063
-0.051
-0.02
-0.041
-0.034
-0.023
-0.108
-0.047
-0.087
-0.062
-0.114
-0.011
-0.067
-0.045
-0.014
-0.026
-0.062
-0.028
-0.102
-0.083
-0.017
-0.055
-0.057
0.019
-0.055
0.0
-0.017
-0.076
0.032
-0.049
-0.042
-0.061
-0.096
-0.052
-0.022
0.032
-0.011
-0.059
-0.057
-0.034
-0.077
-0.083
-0.057
-0.132
-0.056
-0.024
-0.071
-0.081
-0.053
-0.01
-0.015
-0.006
-0.022
-0.059
-0.001
-0.106
0.005
0.062
-0.1
0.009
-0.065
0.011
-0.106
-0.131
-0.105
-0.098
-0.036
-0.05
-0.057
-0.025
0.024
-0.027
0.029
-0.039
-0.047
-0.042
-0.074
-0.077
-0.004
0.003
-0.025
-0.06
-0.001
-0.042
-0.032
-0.029
-0.087
-0.025
-0.162
-0.133
-0.047
-0.029
-0.048
-0.099
-0.103
-0.063
0.029
-0.058
-0.11
-0.033
-0.056
-0.074
-0.008
-0.086
-0.041
-0.004
-0.132
-0.091
-0.062
0.026
-0.061
-0.033
-0.035
0.008
-0.062
-0.022
-0.044
-0.03
-0.09
-0.014
-0.027
0.005
0.009
-0.144
-0.089
0.023
-0.02
-0.081
-0.075
0.07
0.076
0.001
0.048
-0.021
-0.021
0.005
0.002
0.002
-0.043
-0.066
-0.021
-0.055
-0.039
0.001
-0.045
-0.036
0.025
-0.033
-0.078
0.021
-0.1
-0.039
-0.05
-0.073
-0.011
0.027
-0.097
-0.055
-0.045
-0.004
0.002
-0.058
-0.127
-0.069
-0.112
-0.137
0.003
-0.005
-0.001
-0.11
-0.022
-0.06
-0.043
-0.069
-0.073
-0.071
0.013
-0.055
-0.055
-0.04
0.06
-0.164
-0.073
-0.148
-0.039
-0.096
-0.026
-0.085
-0.102
0.032
-0.01
-0.026
-0.056
-0.051
-0.112
-0.024
-0.109
-0.028
-0.045
-0.016
-0.069
-0.02
-0.062
-0.039
-0.047
-0.082
-0.062
-0.026
-0.028
-0.003
0.012
0.04
-0.065
-0.079
-0.032
-0.061
-0.088
0.002
-0.111
-0.019
-0.028
-0.074
-0.02
-0.089
0.036
-0.118
-0.045
-0.021
-0.049
-0.066
-0.058
-0.06
-0.061
-0.056
0.046
-0.163
-0.002
-0.025
-0.005
-0.08
-0.079
-0.023
-0.077
-0.091
-0.074
-0.059
-0.085
0.019
-0.038
-0.016
-0.001
-0.088
-0.071
-0.043
-0.106
-0.049
-0.108
-0.08
-0.083
-0.05
-0.057
-0.022
-0.035
-0.064
-0.108
-0.06
-0.016
-0.005
-0.164
-0.052
-0.042
-0.039
-0.006
0.027
-0.086
-0.033
-0.095
-0.035
-0.048
0.033
-0.05
-0.077
-0.03
-0.053
-0.06
-0.081
-0.07
-0.035
-0.052
-0.076
-0.105
-0.072
-0.024
0.028
-0.069
-0.065
-0.105
-0.08
-0.04
-0.078
-0.107
-0.027
-0.098
-0.027
0.014
-0.034
-0.02
-0.032
0.003
-0.079
-0.039
-0.018
-0.021
-0.028
0.028
-0.062
-0.081
0.004
0.002
-0.022
-0.022
-0.11
-0.157
-0.14
-0.028
-0.074
-0.048
-0.098
-0.024
-0.055
-0.056
-0.004
-0.122
-0.02
-0.05
-0.016
-0.051
-0.061
-0.117
-0.068
0.013
-0.045
-0.041
-0.019
-0.029
-0.079
-0.09
-0.08
0.036
-0.095
-0.06
-0.032
-0.041
-0.011
-0.045
-0.029
0.001
-0.083
-0.056
-0.081
-0.066
-0.089
-0.028
-0.036
-0.022
-0.032
-0.059
-0.119
-0.124
-0.056
-0.102
-0.074
-0.016
-0.045
-0.082
0.013
-0.02
-0.054
-0.056
-0.07
-0.095
-0.038
-0.088
-0.071
-0.036
-0.064
-0.079
-0.05
-0.064
-0.042
0.011
-0.09
-0.026
0.03
-0.032
0.018
-0.056
-0.049
-0.004
-0.032
-0.013
-0.106
-0.047
-0.052
-0.042
-0.089
-0.066
-0.078
-0.046
0.044
-0.001
-0.092
-0.084
0.024
-0.012
-0.042
-0.119
-0.051
-0.038
-0.08
-0.093
-0.011
-0.06
-0.01
0.054
-0.128
0.004
-0.058
-0.071
-0.079
-0.089
-0.009
-0.1
-0.057
-0.072
-0.061
-0.037
-0.087
-0.055
-0.073
-0.075
-0.068
-0.037
0.039
-0.027
-0.032
-0.081
0.039
-0.072
-0.008
-0.059
-0.029
0.012
-0.03
-0.05
-0.012
-0.037
0.004
-0.018
-0.014
-0.042
0.013
-0.012
-0.106
-0.016
-0.051
-0.044
-0.058
0.012
-0.041
-0.044
-0.017
-0.041
0.085
-0.04
-0.078
-0.074
-0.094
-0.007
-0.073
-0.091
-0.032
-0.059
0.024
-0.061
0.002
-0.082
-0.041
-0.071
-0.034
-0.104
-0.025
-0.107
0.021
0.002
-0.071
-0.033
-0.062
-0.011
-0.014
0.008
-0.066
-0.028
-0.036
-0.004
-0.093
-0.077
-0.059
-0.018
-0.059
-0.053
-0.028
-0.051
-0.042
-0.081
-0.034
-0.047
0.025
-0.026
-0.019
-0.073
0.0
-0.102
-0.061
0.014
-0.062
-0.079
-0.1
-0.081
-0.206
0.052
-0.092
0.03
-0.014
-0.108
-0.011
-0.117
-0.039
-0.049
-0.035
-0.062
-0.02
-0.073
-0.096
-0.048
-0.08
-0.078
-0.094
-0.014
-0.012
-0.103
-0.001
-0.014
-0.083
0.0
-0.074
-0.068
-0.08
-0.045
-0.115
-0.051
0.015
-0.092
-0.048
-0.107
-0.111
-0.082
0.011
-0.003
-0.019
-0.017
0.038
-0.09
-0.108
-0.061
-0.034
-0.091
-0.022
-0.025
-0.091
-0.057
-0.023
-0.057
-0.005
0.005
-0.056
-0.071
-0.019
-0.059
-0.073
-0.016
-0.04
-0.012
-0.044
0.01
-0.061
-0.036
-0.065
-0.045
-0.001
-0.082
-0.05
-0.05
-0.064
-0.031
-0.045
-0.048
0.015
-0.047
-0.1
0.004
-0.053
-0.026
-0.073
-0.019
0.036
-0.101
-0.117
0.008
-0.012
-0.008
-0.055
-0.007
-0.099
-0.021
-0.02
-0.085
-0.001
-0.017
-0.029
-0.057
-0.004
-0.086
-0.018
0.018
-0.073
-0.075
-0.109
-0.127
-0.07
-0.029
-0.07
-0.038
0.011
-0.055
-0.037
-0.115
-0.136
-0.091
-0.009
-0.068
-0.012
-0.059
0.012
-0.02
-0.017
-0.085
-0.122
-0.089
-0.015
-0.025
-0.037
-0.069
0.01
-0.041
-0.047
-0.01
-0.071
-0.008
0.007
-0.057
-0.083
-0.001
0.009
-0.046
-0.071
-0.02
-0.03
-0.02
-0.02
-0.031
-0.086
-0.018
-0.036
-0.067
-0.059
-0.083
-0.074
0.002
-0.003
-0.06
-0.021
-0.048
0.001
0.006
0.024
0.001
0.005
-0.065
-0.033
-0.064
-0.067
-0.017
-0.074
-0.082
-0.044
-0.04
-0.016
-0.03
-0.037
-0.133
-0.038
-0.004
-0.007
-0.065
-0.121
-0.07
-0.006
-0.099
-0.039
-0.042
-0.061
-0.037
-0.035
-0.018
-0.041
-0.017
-0.04
0.055
-0.068
-0.046
-0.011
-0.003
-0.101
-0.062
-0.018
-0.056
-0.006
-0.005
-0.023
0.066
0.01
-0.061
0.002
-0.041
-0.024
-0.067
-0.096
0.027
-0.082
-0.038
-0.052
-0.039
-0.003
-0.064
-0.011
-0.002
-0.008
-0.035
0.046
-0.019
-0.096
-0.105
-0.021
-0.052
-0.017
-0.036
-0.096
-0.039
0.006
0.007
0.035
-0.038
-0.152
0.027
-0.117
-0.093
-0.072
-0.11
-0.076
-0.04
-0.054
-0.026
-0.075
-0.086
-0.08
-0.067
-0.12
-0.081
-0.158
-0.029
-0.019
-0.119
-0.047
-0.092
-0.027
-0.011
-0.019
-0.11
-0.091
-0.05
-0.078
-0.084
-0.059
-0.095
0.024
-0.02
0.072
-0.082
-0.081
-0.028
-0.013
-0.124
-0.069
-0.119
-0.058
0.042
-0.064
-0.04
-0.101
-0.061
-0.04
-0.007
-0.041
0.058
-0.028
0.025
-0.037
-0.047
-0.073
0.055
-0.073
0.0
-0.134
-0.028
-0.001
-0.04
-0.03
-0.09
-0.013
-0.015
-0.012
-0.094
-0.029
-0.075
-0.06
-0.044
-0.085
0.028
-0.034
-0.061
-0.098
0.031
0.038
0.01
-0.029
-0.077
-0.005
-0.045
-0.034
-0.018
-0.078
0.027
0.011
0.03
-0.025
-0.059
-0.036
-0.002
-0.04
-0.052
-0.099
-0.097
-0.033
-0.036
0.008
-0.091
-0.088
0.045
-0.037
-0.042
0.006
-0.049
-0.058
-0.071
-0.056
-0.026
-0.115
-0.014
0.023
0.01
-0.088
-0.05
-0.049
-0.067
-0.037
-0.077
-0.06
-0.015
-0.111
-0.04
0.023
-0.018
0.013
-0.042
0.012
-0.024
-0.014
-0.011
-0.031
-0.08
0.02
-0.024
-0.065
-0.088
-0.004
-0.112
-0.057
-0.05
-0.062
0.013
-0.058
-0.093
-0.092
0.028
-0.058
-0.121
0.032
-0.093
-0.049
-0.093
-0.059
-0.053
-0.061
0.007
-0.046
0.011
-0.113
-0.013
-0.048
-0.153
-0.002
-0.088
-0.049
0.002
0.006
0.014
-0.075
-0.006
-0.065
-0.085
-0.015
0.019
0.063
-0.03
-0.033
-0.045
-0.018
-0.115
0.006
-0.089
0.028
-0.065
-0.03
-0.015
-0.019
0.087
-0.072
-0.063
-0.112
-0.08
-0.096
-0.054
-0.026
-0.065
-0.096
-0.072
-0.024
-0.075
-0.06
0.028
0.007
0.004
-0.046
0.005
0.02
-0.02
-0.036
0.0
-0.041
-0.061
-0.076
0.025
-0.079
-0.012
-0.03
-0.001
0.001
-0.056
-0.103
-0.061
-0.15
-0.046
-0.017
-0.033
0.04
-0.006
-0.032
0.006
-0.095
-0.024
-0.038
0.006
-0.139
-0.078
0.009
-0.064
-0.032
-0.044
-0.039
-0.025
-0.029
-0.101
-0.07
0.018
-0.023
-0.101
0.026
-0.029
-0.095
0.015
0.012
-0.053
-0.051
0.001
-0.062
-0.067
-0.001
-0.048
0.039
-0.091
-0.022
-0.083
-0.065
-0.01
-0.048
0.021
0.017
0.043
-0.074
-0.143
-0.055
-0.057
-0.001
-0.004
-0.047
-0.06
-0.042
-0.063
-0.04
-0.072
-0.036
-0.01
-0.079
-0.102
-0.021
-0.063
-0.088
-0.062
-0.048
-0.005
-0.065
-0.058
-0.027
0.006
-0.032
-0.05
0.008
-0.036
0.025
-0.042
0.006
-0.02
-0.037
-0.032
-0.085
-0.058
0.017
-0.049
-0.057
-0.07
-0.055
-0.009
-0.044
-0.016
-0.067
-0.091
-0.079
-0.031
-0.089
-0.122
-0.073
-0.095
-0.067
-0.01
-0.04
0.038
-0.03
-0.032
-0.078
-0.053
-0.047
-0.047
-0.007
-0.043
0.036
-0.036
-0.048
-0.061
-0.073
-0.105
-0.033
-0.078
0.059
-0.002
-0.06
-0.045
-0.066
-0.068
-0.05
0.025
-0.043
-0.012
-0.072
0.016
-0.034
-0.021
-0.028
-0.033
-0.027
-0.049
-0.107
0.039
0.002
-0.08
-0.123
-0.002
-0.082
-0.054
-0.02
-0.066
-0.04
-0.04
-0.075
-0.066
-0.035
-0.032
-0.048
0.086
-0.062
-0.022
-0.154
-0.021
-0.002
-0.064
-0.067
-0.063
-0.117
-0.041
0.04
-0.05
-0.001
-0.031
-0.001
0.044
-0.072
-0.091
-0.032
-0.019
-0.041
-0.09
-0.043
0.017
-0.08
-0.071
-0.035
-0.113
-0.078
-0.089
-0.021
0.005
0.048
-0.067
-0.114
-0.019
-0.073
-0.062
-0.102
-0.053
-0.012
-0.099
-0.04
-0.078
-0.064
-0.1
-0.023
-0.003
-0.023
-0.06
-0.016
-0.034
-0.053
-0.055
-0.082
-0.071
-0.047
-0.036
0.017
-0.052
-0.1
-0.003
-0.108
-0.102
-0.068
-0.003
-0.102
-0.031
-0.089
-0.079
-0.078
-0.019
-0.05
0.003
0.004
-0.074
-0.1
-0.006
-0.118
0.011
-0.011
-0.011
-0.08
-0.054
-0.101
0.012
-0.057
-0.045
0.003
-0.056
0.012
-0.074
0.011
-0.064
0.043
-0.034
-0.008
-0.146
-0.087
-0.017
-0.047
-0.043
0.018
-0.093
-0.036
-0.019
-0.02
-0.058
-0.016
-0.034
-0.054
-0.029
-0.088
-0.06
-0.006
-0.052
-0.076
-0.009
-0.074
-0.092
0.006
-0.025
-0.096
-0.072
-0.045
-0.104
-0.07
-0.022
0.006
-0.056
-0.044
-0.028
-0.052
-0.067
-0.083
-0.067
-0.037
-0.063
0.084
-0.042
-0.123
-0.049
-0.011
-0.048
-0.102
-0.052
0.031
0.014
0.007
-0.01
-0.07
-0.051
0.055
-0.113
-0.118
-0.039
-0.085
-0.02
-0.029
-0.054
-0.071
-0.109
-0.104
-0.021
-0.048
-0.001
-0.046
-0.028
-0.071
-0.052
-0.013
-0.036
0.001
-0.044
-0.057
-0.1
-0.004
0.008
-0.001
0.006
-0.052
0.064
-0.022
-0.137
-0.006
-0.006
-0.015
-0.11
-0.071
-0.048
-0.091
-0.044
0.001
-0.099
-0.054
-0.076
-0.076
-0.1
-0.032
-0.031
0.008
-0.043
-0.059
-0.033
0.016
-0.073
-0.124
-0.004
-0.029
-0.07
-0.028
-0.069
-0.051
0.007
0.007
0.01
-0.097
-0.076
-0.061
-0.002
-0.057
-0.046
-0.106
-0.036
-0.021
-0.049
-0.033
-0.113
0.015
-0.052
-0.039
-0.06
0.013
-0.094
-0.077
-0.049
-0.051
-0.013
0.009
-0.012
-0.095
-0.002
-0.121
-0.038
-0.067
0.012
-0.109
-0.06
-0.004
0.029
-0.041
-0.006
-0.118
-0.003
-0.004
-0.06
0.031
-0.084
-0.04
-0.078
-0.001
-0.108
-0.091
-0.052
0.022
0.016
-0.059
-0.084
-0.062
-0.006
0.011
-0.124
-0.161
-0.059
-0.046
-0.031
-0.047
-0.056
-0.069
0.029
-0.029
-0.071
-0.088
-0.07
0.02
-0.003
-0.076
-0.008
-0.033
-0.058
-0.101
-0.073
-0.052
-0.045
-0.05
-0.091
-0.081
-0.027
-0.047
-0.023
-0.043
-0.058
-0.019
-0.125
-0.065
-0.077
-0.07
-0.03
-0.026
-0.033
-0.123
-0.056
-0.04
-0.138
-0.052
-0.097
-0.067
0.03
-0.051
-0.082
-0.063
-0.076
-0.074
-0.036
-0.081
-0.026
-0.028
-0.054
-0.081
-0.031
-0.086
0.002
-0.017
-0.016
-0.023
-0.053
-0.103
-0.103
-0.071
-0.048
-0.031
0.004
-0.009
-0.099
-0.019
-0.047
-0.059
-0.066
0.001
-0.073
-0.017
-0.051
0.02
-0.068
-0.015
-0.131
-0.036
-0.027
-0.038
-0.091
-0.04
-0.044
-0.047
-0.087
-0.05
-0.063
-0.098
-0.069
-0.031
-0.053
-0.095
-0.067
-0.09
-0.059
-0.025
-0.113
-0.124
-0.107
-0.104
-0.009
-0.112
-0.109
0.008
-0.017
-0.077
-0.041
-0.007
-0.006
-0.047
-0.05
-0.025
-0.079
-0.005
-0.017
-0.007
0.008
-0.049
-0.065
0.01
-0.033
-0.107
-0.049
-0.06
0.006
-0.039
-0.064
0.009
-0.071
-0.027
-0.035
0.041
-0.061
-0.013
-0.042
-0.024
-0.024
0.077
-0.026
-0.033
-0.007
-0.043
0.013
-0.103
-0.021
0.026
-0.095
-0.093
-0.071
-0.026
-0.061
-0.124
-0.059
-0.005
-0.117
-0.034
0.002
-0.022
0.003
-0.017
-0.021
-0.059
-0.023
-0.027
-0.063
-0.054
-0.021
-0.074
-0.023
-0.048
-0.037
-0.079
-0.133
-0.032
0.052
-0.052
-0.005
-0.055
-0.044
-0.037
-0.103
0.034
-0.018
0.016
-0.054
-0.139
-0.054
-0.084
-0.083
-0.102
-0.099
-0.027
-0.035
-0.045
-0.059
-0.069
-0.069
-0.079
0.028
-0.046
-0.067
-0.052
-0.022
0.011
-0.066
-0.143
-0.046
-0.008
0.002
0.03
-0.065
-0.002
-0.047
0.002
-0.099
-0.097
-0.055
-0.124
-0.04
-0.081
-0.094
-0.063
-0.055
-0.031
-0.058
-0.072
0.012
-0.066
-0.086
-0.046
-0.036
-0.032
-0.029
-0.03
-0.061
0.034
-0.001
-0.025
-0.039
-0.071
-0.034
-0.128
0.047
0.036
0.041
-0.036
-0.099
0.004
-0.121
-0.058
-0.06
-0.053
-0.045
-0.084
-0.059
0.001
-0.032
-0.027
-0.103
-0.065
-0.104
0.004
-0.044
-0.052
-0.088
-0.092
-0.025
-0.077
-0.036
-0.03
0.016
-0.045
-0.075
-0.093
-0.13
-0.06
-0.018
-0.007
-0.05
-0.066
-0.055
-0.029
-0.097
0.02
-0.066
-0.041
-0.027
-0.008
0.004
-0.078
-0.111
0.003
-0.028
-0.002
-0.141
-0.015
-0.057
-0.084
-0.009
-0.043
-0.085
-0.086
-0.023
-0.031
0.025
-0.091
-0.034
-0.001
-0.003
-0.042
0.06
-0.021
0.012
-0.034
-0.076
-0.007
-0.036
-0.047
-0.047
-0.036
0.018
-0.005
-0.01
-0.011
-0.009
-0.037
-0.066
0.016
-0.015
-0.022
-0.043
-0.003
-0.054
-0.002
-0.013
-0.024
-0.156
-0.006
-0.103
-0.009
-0.063
0.01
-0.072
-0.029
-0.008
0.029
-0.07
-0.036
-0.042
-0.073
-0.131
-0.048
-0.075
-0.028
0.026
-0.032
-0.052
0.001
0.013
0.003
-0.048
-0.067
-0.021
0.009
-0.052
0.011
-0.074
-0.044
-0.02
0.076
-0.075
-0.075
-0.089
-0.035
-0.074
-0.046
-0.023
0.036
-0.02
-0.003
-0.051
-0.026
-0.055
-0.002
-0.03
-0.014
-0.048
-0.006
-0.07
0.025
-0.045
-0.051
-0.094
-0.059
-0.014
-0.02
-0.025
-0.063
-0.103
-0.019
-0.087
-0.054
-0.036
0.022
-0.05
-0.029
-0.085
-0.061
-0.004
-0.095
-0.044
-0.057
-0.091
-0.102
-0.071
-0.008
0.001
-0.023
-0.055
0.002
-0.026
0.023
-0.075
-0.072
-0.048
-0.041
-0.085
-0.068
-0.065
-0.095
-0.015
0.009
-0.08
-0.016
-0.016
-0.047
0.002
-0.056
-0.14
-0.02
0.0
-0.103
0.022
-0.046
-0.004
-0.041
-0.034
-0.005
-0.099
-0.088
-0.03
-0.04
-0.007
-0.009
-0.008
0.01
-0.043
-0.087
-0.011
0.032
-0.05
-0.064
0.022
-0.089
-0.014
-0.045
-0.022
-0.065
-0.113
-0.016
-0.031
-0.037
0.045
-0.102
-0.026
-0.001
-0.044
-0.073
-0.066
-0.138
-0.071
0.048
-0.002
-0.113
-0.042
-0.011
-0.067
-0.022
-0.012
-0.044
-0.062
-0.037
-0.058
-0.032
-0.047
-0.086
-0.058
-0.056
0.038
-0.033
-0.032
0.01
-0.068
-0.057
-0.032
-0.048
-0.029
-0.001
-0.073
0.007
-0.033
-0.102
-0.125
-0.056
0.014
-0.037
-0.048
-0.056
-0.065
-0.027
-0.02
-0.109
-0.072
0.046
-0.1
-0.07
-0.033
0.013
-0.007
-0.078
-0.059
-0.073
-0.021
-0.056
-0.039
-0.098
-0.099
-0.008
-0.104
0.021
-0.057
-0.044
0.006
-0.021
-0.027
-0.044
-0.007
-0.08
0.013
-0.07
-0.039
-0.039
-0.019
-0.023
0.042
-0.051
-0.046
-0.039
0.002
-0.028
-0.071
-0.058
-0.101
-0.048
-0.074
0.026
-0.056
-0.037
0.015
-0.004
-0.039
-0.174
-0.054
-0.033
-0.043
-0.061
-0.051
-0.091
-0.031
-0.023
0.044
0.012
-0.034
-0.103
0.004
-0.04
-0.048
-0.058
-0.103
-0.058
0.025
-0.014
-0.051
-0.013
-0.04
-0.033
-0.052
0.002
0.007
-0.058
-0.118
0.025
-0.049
-0.114
0.033
-0.057
-0.029
-0.035
-0.083
-0.071
0.002
0.013
0.014
-0.077
0.003
0.014
-0.092
-0.022
-0.004
-0.025
-0.086
-0.055
-0.027
0.033
-0.011
-0.056
-0.05
-0.066
0.033
0.021
-0.019
-0.065
-0.113
-0.007
-0.069
-0.028
-0.021
-0.093
-0.077
-0.064
-0.099
-0.052
0.023
-0.067
-0.088
-0.101
-0.032
-0.093
-0.111
-0.057
-0.075
-0.002
-0.148
-0.072
-0.054
-0.036
-0.089
0.075
-0.108
0.01
-0.031
-0.04
-0.002
-0.063
-0.111
-0.041
-0.026
-0.045
0.031
-0.04
-0.021
-0.056
-0.035
-0.004
-0.022
-0.04
-0.057
-0.066
-0.094
-0.008
-0.06
-0.069
-0.008
-0.007
-0.115
-0.041
-0.011
-0.084
-0.066
-0.019
0.014
-0.053
-0.089
-0.029
0.004
-0.071
-0.085
-0.003
-0.074
0.007
-0.06
-0.049
-0.078
-0.096
-0.017
-0.059
-0.062
-0.076
-0.074
-0.1
-0.07
-0.083
-0.08
-0.127
-0.023
-0.054
-0.065
-0.062
-0.04
-0.062
-0.134
-0.055
-0.004
-0.038
-0.083
0.026
0.031
-0.067
-0.098
-0.029
0.007
-0.04
-0.007
-0.046
-0.068
-0.105
-0.055
-0.07
0.0
-0.072
0.006
0.011
0.023
-0.023
-0.011
-0.025
-0.061
-0.099
-0.075
-0.03
-0.053
-0.015
0.003
-0.006
-0.092
-0.096
0.004
-0.086
-0.091
-0.013
-0.033
-0.05
-0.079
-0.044
-0.061
-0.001
-0.067
-0.067
-0.061
0.027
-0.043
-0.022
-0.057
-0.043
-0.052
-0.075
-0.098
-0.041
-0.046
-0.08
-0.089
-0.037
-0.089
-0.074
-0.028
-0.05
-0.013
-0.085
-0.017
-0.072
-0.19
-0.037
-0.052
-0.06
-0.023
-0.04
-0.084
-0.082
-0.091
-0.122
-0.035
-0.084
-0.114
-0.021
-0.021
-0.086
0.015
-0.082
-0.008
-0.079
-0.039
0.017
-0.046
0.026
-0.038
-0.004
-0.127
-0.016
-0.009
0.023
-0.022
-0.049
-0.09
0.016
-0.1
-0.048
-0.099
-0.038
-0.068
-0.046
-0.066
0.058
-0.067
-0.059
-0.102
0.029
-0.017
-0.096
0.024
-0.068
0.004
-0.045
-0.029
-0.051
0.012
-0.011
-0.077
0.002
-0.07
-0.061
0.042
-0.099
-0.06
-0.054
-0.09
0.022
-0.006
-0.031
0.031
-0.049
-0.036
-0.009
0.017
-0.073
-0.04
0.018
0.006
-0.058
0.021
-0.093
-0.046
-0.095
-0.067
-0.02
0.055
-0.112
-0.047
-0.044
0.02
-0.03
-0.051
-0.034
-0.085
-0.11
-0.049
-0.041
-0.052
-0.095
-0.048
-0.059
-0.027
-0.035
-0.103
-0.017
0.064
-0.075
-0.026
-0.13
-0.076
-0.007
-0.096
0.008
-0.035
-0.007
0.055
-0.057
-0.015
-0.052
-0.061
-0.123
0.004
-0.087
-0.021
-0.066
-0.025
-0.102
-0.048
-0.031
-0.061
0.015
-0.086
-0.039
-0.081
-0.078
-0.071
-0.081
0.002
-0.026
-0.044
-0.075
-0.101
-0.09
-0.076
-0.042
-0.008
0.004
-0.067
0.016
-0.065
-0.05
-0.078
-0.012
-0.07
-0.049
-0.076
-0.103
-0.007
-0.079
-0.034
-0.105
-0.005
-0.01
-0.067
-0.064
-0.063
-0.025
-0.066
-0.083
-0.099
-0.046
-0.025
-0.057
-0.006
-0.135
0.037
-0.048
-0.112
-0.078
-0.067
0.086
-0.04
-0.064
-0.106
-0.081
0.002
0.0
-0.016
-0.095
-0.076
-0.003
0.024
0.023
-0.069
-0.088
-0.094
-0.138
-0.016
-0.031
0.008
-0.029
-0.086
-0.041
-0.049
-0.039
-0.076
-0.152
0.003
-0.137
-0.046
-0.045
-0.061
-0.033
-0.086
-0.1
-0.089
-0.058
0.005
-0.093
-0.038
-0.112
0.005
-0.051
-0.076
-0.064
-0.044
-0.044
-0.019
-0.043
-0.015
-0.009
-0.048
0.065
-0.032
-0.035
0.018
0.021
-0.054
0.014
-0.065
-0.013
0.005
-0.082
-0.035
-0.122
-0.133
-0.077
-0.005
-0.031
-0.043
-0.089
-0.096
-0.101
-0.005
-0.004
-0.056
0.002
-0.119
-0.019
-0.016
-0.115
-0.067
-0.024
-0.114
-0.028
-0.025
-0.001
-0.023
-0.081
0.005
0.006
-0.084
0.056
0.02
-0.085
-0.068
-0.08
-0.072
0.004
-0.086
0.043
0.039
-0.036
-0.111
-0.044
-0.114
-0.041
-0.123
-0.02
-0.101
-0.029
-0.084
-0.037
-0.058
-0.082
-0.056
-0.073
-0.066
-0.045
-0.013
0.023
-0.004
-0.038
-0.104
-0.015
-0.057
-0.029
0.004
-0.069
-0.1
0.025
-0.065
-0.088
-0.011
0.002
-0.036
-0.053
-0.066
0.008
-0.015
0.037
-0.009
-0.052
-0.023
-0.073
-0.04
-0.069
-0.01
-0.117
-0.042
0.012
-0.084
-0.008
-0.006
0.011
-0.084
-0.09
0.008
-0.035
-0.031
-0.051
-0.112
-0.021
-0.068
-0.024
-0.018
-0.015
-0.027
-0.011
-0.036
-0.069
0.059
0.015
-0.043
-0.037
-0.047
-0.001
-0.051
-0.06
-0.001
0.005
-0.04
-0.053
-0.063
-0.058
-0.085
-0.048
-0.099
-0.014
-0.042
-0.035
-0.006
-0.164
-0.024
-0.066
-0.041
-0.108
-0.106
-0.07
-0.088
-0.018
-0.073
-0.054
-0.073
-0.095
-0.013
0.007
0.027
-0.052
-0.051
0.008
-0.049
0.014
-0.094
0.049
-0.005
-0.018
-0.059
-0.079
-0.101
-0.066
0.002
-0.069
0.002
-0.073
-0.089
-0.057
-0.022
-0.024
-0.061
-0.09
-0.075
-0.072
-0.011
-0.043
-0.036
-0.003
-0.092
-0.054
-0.074
-0.075
-0.005
-0.012
-0.069
-0.034
-0.071
-0.055
-0.014
-0.041
-0.045
-0.009
-0.019
-0.074
-0.061
-0.067
-0.109
-0.083
-0.006
-0.012
0.031
-0.06
-0.025
-0.105
-0.066
-0.059
-0.029
0.045
-0.061
-0.081
-0.115
-0.06
-0.054
-0.124
-0.069
0.019
-0.003
-0.062
-0.052
-0.082
-0.023
-0.076
-0.022
-0.01
-0.041
-0.026
-0.038
-0.104
-0.001
-0.028
-0.127
-0.053
-0.031
-0.028
-0.065
-0.002
-0.041
-0.088
0.01
-0.041
-0.004
-0.004
-0.038
-0.18
-0.069
-0.004
-0.067
-0.128
-0.047
-0.035
-0.064
0.005
-0.039
-0.106
-0.074
-0.117
-0.014
-0.017
-0.073
-0.058
0.01
-0.029
-0.055
-0.006
-0.059
-0.049
-0.151
-0.04
-0.037
-0.003
-0.107
-0.098
-0.038
0.045
-0.036
-0.033
-0.041
0.001
0.014
-0.072
-0.044
-0.007
-0.05
0.076
0.085
-0.069
-0.04
-0.112
-0.057
-0.002
-0.021
-0.018
-0.02
-0.07
-0.059
-0.101
-0.076
-0.067
-0.053
-0.028
-0.011
-0.037
0.029
-0.01
-0.05
-0.052
-0.056
-0.053
-0.076
-0.043
-0.17
-0.048
-0.051
-0.053
-0.035
0.025
-0.116
-0.001
-0.036
-0.039
-0.023
-0.112
-0.095
-0.089
-0.019
-0.014
0.01
-0.109
-0.068
-0.106
-0.073
-0.033
-0.068
-0.123
-0.016
0.005
-0.062
0.042
-0.057
-0.043
-0.048
-0.088
-0.039
-0.02
-0.081
-0.094
0.056
-0.107
0.014
-0.12
0.013
-0.062
-0.102
0.002
-0.115
-0.031
0.027
-0.031
-0.041
-0.064
-0.019
0.035
-0.064
-0.047
-0.1
-0.03
-0.082
-0.058
0.009
0.0
-0.025
-0.093
-0.055
-0.015
0.0
-0.038
-0.045
-0.087
-0.079
-0.085
-0.056
0.002
-0.017
-0.08
-0.055
0.003
-0.044
-0.058
-0.006
-0.022
-0.072
-0.031
-0.047
-0.017
-0.047
-0.063
-0.094
-0.019
0.019
-0.135
-0.102
-0.085
-0.102
0.024
-0.052
-0.069
-0.102
-0.087
0.037
-0.026
0.052
-0.073
-0.057
0.025
-0.012
-0.041
0.042
-0.044
-0.044
-0.042
-0.019
-0.069
-0.029
-0.042
-0.068
-0.046
-0.018
0.029
-0.098
-0.046
-0.097
-0.087
-0.08
-0.076
-0.074
-0.049
0.046
-0.061
-0.022
-0.011
-0.039
-0.067
-0.093
-0.138
-0.041
-0.038
-0.068
-0.021
-0.031
-0.056
0.0
-0.042
-0.101
-0.065
-0.017
0.001
-0.068
-0.028
-0.075
0.059
-0.066
-0.001
-0.019
-0.051
-0.081
-0.066
-0.047
-0.071
-0.032
-0.089
-0.075
-0.05
-0.038
-0.074
-0.086
-0.096
-0.109
0.002
-0.094
-0.024
-0.014
-0.035
0.015
-0.061
-0.102
-0.073
-0.102
-0.01
-0.009
-0.08
0.04
-0.093
-0.009
-0.034
-0.007
-0.066
-0.06
0.067
-0.071
-0.049
-0.069
-0.04
-0.113
-0.083
-0.063
-0.059
-0.046
-0.042
-0.091
-0.057
-0.024
-0.066
-0.14
-0.028
-0.052
-0.011
-0.138
-0.024
-0.047
-0.025
-0.005
0.008
-0.093
-0.106
-0.019
-0.085
-0.009
-0.038
-0.042
-0.004
-0.054
-0.067
-0.072
0.001
-0.011
-0.059
-0.079
-0.009
-0.069
-0.036
-0.013
-0.039
-0.064
-0.004
0.057
-0.007
-0.021
-0.048
-0.087
-0.073
0.004
-0.01
-0.002
0.031
-0.004
0.033
-0.042
0.005
-0.049
-0.103
-0.042
-0.067
-0.034
0.0
-0.031
-0.082
0.004
0.016
-0.116
-0.135
0.013
0.036
-0.106
-0.071
0.016
-0.081
-0.011
-0.07
0.02
-0.017
-0.056
-0.044
-0.048
-0.052
-0.038
-0.018
-0.078
-0.038
0.041
-0.078
-0.018
-0.055
-0.003
-0.078
-0.035
-0.063
-0.091
-0.043
-0.08
-0.069
-0.058
-0.047
-0.041
-0.054
-0.012
-0.043
-0.056
-0.065
-0.052
-0.046
-0.128
-0.088
-0.057
-0.013
0.022
-0.145
-0.044
-0.003
-0.022
-0.074
0.022
-0.141
0.004
-0.082
-0.036
-0.084
-0.063
-0.035
-0.003
-0.132
-0.064
-0.049
-0.043
-0.017
0.03
0.014
-0.038
-0.057
-0.069
-0.096
-0.004
-0.09
0.027
-0.095
0.032
-0.059
-0.098
-0.053
-0.09
-0.141
-0.013
-0.066
0.009
-0.044
-0.093
-0.001
-0.009
-0.002
-0.064
0.044
0.034
-0.007
-0.016
-0.044
-0.082
-0.043
0.013
-0.097
-0.005
0.034
-0.106
0.003
0.015
-0.124
-0.054
-0.025
-0.018
0.009
-0.071
-0.001
-0.049
-0.062
-0.073
-0.046
-0.113
-0.074
-0.017
-0.062
-0.092
0.003
-0.031
-0.016
-0.021
-0.045
-0.025
-0.006
-0.008
-0.1
-0.024
0.011
-0.036
0.011
-0.021
-0.022
-0.067
-0.091
-0.022
-0.11
0.006
-0.026
0.047
-0.137
-0.019
-0.101
0.006
-0.067
0.001
-0.044
-0.109
-0.016
-0.089
-0.067
-0.014
-0.029
-0.079
-0.028
-0.012
-0.149
-0.092
-0.03
-0.049
-0.008
-0.028
-0.031
-0.006
0.0
-0.063
-0.059
0.043
0.014
0.007
-0.022
-0.06
-0.077
0.093
-0.089
-0.075
-0.069
0.018
-0.002
-0.057
-0.031
-0.082
-0.024
-0.05
-0.056
-0.091
0.015
-0.102
-0.087
-0.029
-0.085
-0.054
-0.06
-0.073
-0.027
-0.078
-0.035
-0.076
-0.065
-0.036
-0.083
-0.025
-0.091
-0.003
-0.028
-0.055
-0.057
-0.051
-0.046
-0.107
-0.035
-0.018
-0.046
-0.045
-0.029
-0.102
-0.13
0.036
0.013
-0.009
-0.036
-0.021
-0.032
0.013
-0.044
-0.068
-0.016
-0.039
-0.145
-0.071
-0.023
-0.102
0.003
-0.056
0.009
-0.019
0.038
-0.065
-0.091
-0.102
-0.101
-0.05
-0.031
-0.052
0.005
-0.042
-0.068
-0.026
-0.043
-0.027
-0.065
-0.056
0.021
0.003
-0.039
-0.019
-0.092
-0.024
-0.081
-0.042
-0.058
-0.063
-0.089
0.013
-0.014
-0.07
-0.074
-0.049
-0.034
0.004
-0.09
-0.002
-0.034
-0.044
-0.021
-0.061
-0.034
-0.043
-0.017
-0.038
-0.013
0.036
-0.043
-0.028
-0.04
-0.017
-0.084
-0.097
-0.03
-0.028
-0.061
-0.017
-0.027
-0.114
-0.004
-0.062
-0.035
-0.096
-0.058
-0.057
-0.059
0.02
0.034
-0.011
-0.031
-0.067
-0.044
-0.07
-0.042
0.041
-0.066
-0.097
-0.043
0.023
-0.036
-0.07
-0.055
-0.072
-0.044
0.017
0.011
-0.023
0.054
-0.077
-0.023
-0.027
-0.02
-0.109
-0.018
-0.001
-0.018
-0.073
-0.024
-0.034
-0.026
-0.05
0.029
-0.012
-0.042
-0.005
-0.052
0.017
-0.073
-0.03
-0.009
-0.069
-0.024
-0.063
-0.125
0.027
-0.057
-0.076
-0.068
-0.018
-0.012
-0.035
-0.029
-0.018
-0.096
-0.086
-0.024
-0.075
-0.076
-0.051
-0.069
-0.025
-0.075
0.022
-0.054
-0.075
0.015
-0.04
-0.053
-0.044
-0.103
-0.071
-0.073
0.005
0.046
0.028
0.0
-0.068
-0.066
0.005
-0.014
-0.104
-0.083
-0.08
0.003
-0.01
-0.05
-0.055
-0.053
0.015
-0.045
-0.08
-0.075
-0.003
-0.083
0.036
0.012
-0.079
-0.047
-0.071
-0.033
-0.073
-0.025
-0.029
-0.056
-0.09
-0.022
-0.024
-0.022
-0.093
-0.043
-0.054
-0.103
-0.009
-0.062
-0.087
-0.041
-0.011
-0.074
-0.002
-0.077
-0.033
-0.061
-0.028
-0.047
-0.062
0.019
-0.061
-0.065
-0.058
0.015
-0.068
-0.028
0.055
-0.03
-0.021
-0.121
-0.006
-0.109
-0.065
0.066
-0.03
-0.114
-0.048
-0.01
-0.069
-0.025
-0.026
-0.065
-0.021
-0.126
-0.011
-0.048
-0.113
-0.041
-0.051
-0.05
-0.047
-0.002
0.002
-0.018
-0.09
-0.117
-0.062
-0.106
-0.098
-0.005
-0.025
-0.051
-0.063
-0.091
-0.04
-0.106
-0.092
0.055
-0.088
-0.053
-0.015
0.016
-0.058
0.034
-0.061
-0.046
-0.036
-0.007
-0.004
0.003
-0.069
-0.029
-0.031
0.058
-0.023
-0.017
0.007
-0.03
-0.02
-0.088
-0.063
-0.01
-0.06
-0.014
-0.021
-0.115
-0.017
-0.023
-0.052
-0.068
-0.01
-0.041
0.073
-0.04
-0.089
-0.021
-0.067
0.03
-0.026
-0.053
-0.008
-0.062
-0.111
-0.057
0.014
-0.067
-0.068
-0.017
-0.031
-0.022
-0.056
-0.141
0.01
-0.065
-0.136
-0.089
0.002
0.033
-0.047
-0.014
-0.009
-0.087
-0.095
-0.027
-0.061
-0.045
-0.075
-0.045
-0.075
-0.051
-0.034
-0.015
-0.036
-0.098
-0.067
-0.103
-0.029
-0.081
-0.015
-0.041
-0.027
-0.003
-0.043
-0.103
-0.003
-0.104
-0.009
-0.001
0.019
0.0
-0.02
0.035
-0.026
-0.034
-0.072
0.007
-0.079
-0.017
-0.048
-0.089
-0.05
-0.029
-0.094
-0.06
0.008
-0.089
-0.052
-0.059
-0.076
-0.032
0.071
-0.069
-0.067
0.009
-0.071
-0.067
-0.053
-0.034
-0.123
-0.016
-0.099
0.031
0.028
0.004
-0.016
0.027
-0.024
0.001
-0.012
0.015
-0.113
-0.046
-0.017
-0.057
0.037
-0.105
-0.002
-0.008
0.004
0.034
-0.178
-0.043
0.028
-0.091
0.01
0.03
-0.041
-0.104
-0.057
-0.036
-0.061
-0.082
-0.102
-0.081
-0.049
-0.12
-0.043
-0.067
-0.048
-0.038
-0.135
-0.114
-0.015
-0.055
-0.105
-0.047
-0.03
-0.058
-0.045
-0.056
-0.024
-0.003
-0.053
-0.05
-0.058
-0.032
-0.094
-0.07
-0.043
-0.051
-0.004
-0.005
-0.036
-0.042
-0.078
0.069
-0.021
0.045
-0.063
-0.032
-0.104
-0.048
-0.011
-0.074
-0.096
-0.057
-0.039
-0.077
-0.019
0.032
0.07
-0.014
-0.046
-0.08
-0.086
-0.014
-0.042
-0.087
-0.067
-0.106
-0.133
-0.04
-0.085
-0.006
0.007
-0.003
-0.05
-0.031
-0.05
-0.087
-0.01
-0.044
-0.015
0.034
-0.14
-0.047
-0.03
-0.024
-0.069
-0.044
-0.007
-0.084
-0.09
0.007
-0.05
-0.08
-0.064
0.026
-0.065
-0.033
-0.058
-0.076
0.02
-0.035
-0.079
-0.038
-0.09
-0.049
0.016
-0.048
-0.123
-0.088
-0.038
0.042
-0.034
-0.068
0.017
-0.063
-0.039
-0.057
-0.063
-0.096
-0.058
-0.009
-0.002
-0.075
-0.071
-0.023
-0.114
-0.043
-0.002
-0.019
-0.059
-0.053
-0.06
-0.045
-0.083
0.005
-0.035
-0.052
0.042
-0.03
-0.026
-0.041
-0.093
-0.015
-0.051
-0.003
0.01
-0.072
0.002
-0.013
0.046
-0.066
-0.035
0.001
-0.06
-0.074
-0.042
-0.086
0.009
0.032
-0.018
-0.095
-0.06
-0.049
-0.081
-0.085
-0.041
-0.087
-0.09
-0.033
-0.032
-0.079
-0.017
-0.048
-0.058
-0.095
-0.14
0.008
-0.027
-0.025
-0.077
-0.051
-0.056
0.016
-0.057
-0.05
-0.006
-0.079
-0.091
-0.032
-0.068
-0.145
-0.059
0.049
-0.021
0.014
-0.049
-0.109
-0.075
-0.082
0.019
-0.064
-0.083
-0.056
0.027
-0.112
-0.054
-0.031
-0.017
-0.046
-0.094
-0.018
-0.067
-0.009
0.016
0.001
-0.019
-0.11
-0.059
-0.037
-0.063
-0.019
-0.118
-0.045
-0.074
-0.092
-0.031
-0.061
0.043
-0.062
0.001
-0.054
-0.081
-0.075
-0.058
-0.027
-0.035
-0.056
-0.039
-0.146
0.023
-0.134
0.023
-0.004
-0.052
-0.051
-0.07
-0.036
-0.075
-0.026
-0.024
0.018
-0.034
-0.075
-0.03
-0.012
0.025
-0.102
-0.03
-0.054
-0.017
-0.046
-0.023
0.07
-0.05
-0.054
-0.037
-0.015
-0.115
-0.058
-0.03
-0.072
-0.073
-0.14
-0.079
-0.02
0.042
-0.08
0.001
-0.051
-0.005
-0.031
0.009
0.007
-0.008
-0.104
-0.042
-0.085
-0.014
0.01
-0.078
-0.001
-0.063
-0.123
-0.029
-0.054
-0.011
-0.036
-0.113
-0.047
-0.04
-0.043
0.004
-0.089
-0.049
-0.04
0.044
-0.041
-0.093
-0.1
0.002
-0.008
-0.063
-0.087
-0.053
-0.029
-0.087
-0.031
-0.065
-0.017
-0.078
-0.03
-0.06
0.031
-0.031
-0.065
-0.044
-0.114
-0.114
-0.075
-0.001
0.036
-0.077
-0.019
-0.071
-0.041
-0.088
-0.078
-0.075
-0.016
-0.005
0.013
-0.076
-0.036
-0.079
-0.039
-0.015
-0.057
-0.016
-0.089
-0.093
-0.04
-0.098
-0.055
-0.006
-0.044
-0.081
-0.011
-0.038
-0.012
-0.118
-0.079
0.01
-0.027
-0.095
0.038
0.005
-0.05
-0.032
0.021
-0.033
-0.036
0.031
-0.008
-0.088
-0.101
-0.002
-0.096
-0.096
-0.036
-0.011
-0.053
-0.037
0.009
-0.037
-0.112
-0.111
-0.025
-0.095
-0.125
-0.008
-0.09
-0.114
-0.039
-0.028
0.029
-0.071
-0.014
0.035
0.005
-0.036
0.049
-0.035
0.043
-0.052
-0.113
-0.029
-0.002
-0.036
-0.047
-0.095
-0.057
0.014
0.012
-0.1
-0.038
0.043
-0.005
-0.017
-0.082
-0.003
-0.063
-0.091
-0.036
-0.051
-0.064
-0.005
-0.036
-0.024
-0.029
-0.034
-0.102
-0.044
-0.03
-0.04
-0.046
-0.082
-0.001
0.031
-0.049
-0.077
-0.106
-0.024
0.016
-0.046
-0.072
0.044
-0.065
-0.018
-0.015
-0.034
-0.055
-0.013
-0.039
-0.019
-0.051
-0.047
-0.046
-0.037
0.012
0.019
-0.092
-0.096
-0.01
0.011
0.01
0.048
0.003
-0.01
-0.059
-0.088
-0.071
0.024
-0.031
0.003
0.095
-0.052
-0.078
-0.005
0.06
0.032
-0.049
0.01
-0.003
-0.093
-0.055
-0.036
0.002
-0.058
0.026
-0.02
-0.119
-0.033
-0.037
-0.044
-0.045
-0.061
-0.071
-0.083
-0.075
-0.118
-0.037
-0.137
-0.006
-0.085
-0.114
-0.009
-0.076
-0.051
-0.041
-0.035
-0.038
-0.079
-0.048
-0.156
-0.055
0.01
-0.025
0.037
-0.039
0.012
-0.075
-0.009
-0.054
-0.048
-0.09
-0.059
0.015
-0.011
-0.077
-0.027
-0.048
-0.051
-0.017
0.003
-0.117
-0.103
-0.024
-0.097
-0.002
-0.05
-0.059
0.023
-0.092
0.042
-0.05
-0.066
0.045
-0.038
-0.044
-0.114
-0.048
-0.018
-0.051
0.011
-0.101
-0.039
-0.045
-0.047
-0.091
-0.043
-0.058
-0.025
-0.034
0.006
-0.063
-0.04
0.042
0.01
0.053
-0.062
0.062
-0.06
-0.023
-0.13
-0.066
-0.068
0.007
-0.115
-0.073
-0.006
-0.04
-0.082
-0.019
-0.1
0.015
-0.043
-0.01
-0.006
-0.079
-0.127
-0.046
-0.051
-0.015
-0.132
-0.065
0.012
-0.05
-0.041
-0.017
-0.135
-0.081
-0.072
-0.088
0.023
-0.091
0.01
-0.039
-0.024
0.026
-0.055
0.023
-0.015
-0.066
0.022
0.017
-0.044
-0.09
-0.079
-0.138
-0.058
-0.081
-0.031
-0.14
-0.073
-0.065
-0.036
-0.197
-0.055
-0.052
-0.097
-0.071
-0.065
-0.037
-0.102
-0.028
-0.093
-0.123
-0.027
-0.058
-0.022
-0.084
-0.099
-0.071
-0.076
-0.103
0.056
-0.045
-0.029
-0.045
-0.105
-0.055
-0.087
-0.111
0.025
-0.083
0.013
-0.067
0.002
-0.081
-0.006
-0.019
-0.016
-0.034
-0.027
-0.053
-0.028
-0.068
-0.06
-0.047
-0.062
-0.031
-0.073
-0.045
-0.021
-0.002
-0.059
-0.121
-0.02
-0.139
-0.027
-0.01
-0.049
-0.043
-0.064
-0.026
-0.061
-0.056
0.016
-0.054
-0.076
0.054
-0.013
-0.073
0.014
-0.011
0.021
-0.12
-0.08
-0.086
-0.002
-0.058
-0.098
-0.013
-0.048
-0.001
-0.049
-0.017
0.035
-0.064
-0.031
-0.034
0.024
0.025
-0.036
-0.065
-0.027
0.005
0.003
-0.049
0.04
-0.029
-0.037
-0.036
-0.08
-0.102
-0.013
-0.028
-0.038
-0.075
-0.03
0.008
-0.065
-0.125
-0.031
-0.04
-0.073
-0.022
-0.054
-0.09
-0.076
-0.05
-0.047
-0.035
-0.048
-0.04
-0.063
-0.062
-0.1
-0.107
-0.002
-0.012
0.04
-0.07
-0.01
-0.069
-0.002
-0.053
-0.127
-0.101
-0.05
-0.071
0.011
-0.05
-0.019
-0.074
-0.038
-0.071
-0.107
-0.006
-0.055
-0.015
0.114
-0.021
-0.064
-0.003
0.021
-0.032
-0.08
-0.024
-0.012
-0.083
-0.041
-0.026
-0.04
0.012
-0.072
-0.051
-0.115
-0.003
-0.02
-0.051
-0.007
-0.101
-0.027
-0.074
-0.047
-0.041
-0.019
-0.05
-0.007
-0.036
-0.029
-0.075
0.0
-0.033
0.049
-0.086
0.038
0.006
0.004
-0.094
-0.072
-0.011
-0.1
0.007
-0.099
-0.061
-0.082
-0.003
-0.025
-0.057
-0.081
-0.063
-0.039
-0.036
-0.031
-0.004
-0.068
-0.041
-0.149
-0.028
-0.085
-0.039
-0.028
0.01
-0.077
-0.091
-0.03
-0.066
-0.06
-0.005
-0.029
-0.004
-0.073
-0.044
-0.078
-0.021
-0.003
-0.064
-0.102
0.008
-0.104
-0.067
0.034
-0.081
0.01
-0.047
-0.088
-0.042
-0.044
-0.113
-0.023
-0.009
-0.108
-0.028
-0.041
-0.08
-0.053
0.035
0.032
0.016
-0.029
-0.03
-0.016
-0.117
-0.107
0.021
-0.109
-0.019
0.005
-0.011
-0.04
0.002
-0.041
-0.068
-0.058
-0.032
-0.007
-0.124
-0.061
-0.028
-0.084
-0.076
-0.078
-0.014
-0.041
-0.052
-0.142
-0.064
-0.039
0.04
-0.014
-0.074
-0.027
-0.126
-0.036
-0.01
-0.054
0.004
-0.034
-0.114
-0.08
-0.045
-0.053
0.039
-0.025
-0.016
0.046
-0.046
-0.08
-0.098
0.028
-0.029
-0.025
-0.065
-0.08
-0.048
-0.001
-0.046
-0.112
-0.019
-0.03
-0.072
-0.103
-0.075
-0.043
-0.014
-0.015
-0.021
-0.089
0.013
-0.008
-0.094
-0.052
0.016
-0.033
-0.056
-0.039
-0.003
-0.029
0.008
-0.016
-0.062
-0.014
-0.019
-0.068
-0.025
-0.039
-0.063
-0.05
-0.134
-0.071
-0.051
-0.117
-0.044
-0.051
-0.024
-0.079
-0.034
-0.062
-0.018
-0.007
-0.075
-0.096
-0.028
-0.136
0.0
-0.093
-0.057
-0.033
-0.012
-0.022
0.021
-0.064
-0.007
-0.037
-0.1
0.01
-0.014
-0.023
0.015
-0.087
-0.041
-0.014
-0.026
-0.046
0.056
-0.076
-0.082
-0.182
-0.007
-0.036
-0.075
-0.111
-0.071
-0.056
-0.036
-0.028
-0.153
-0.026
-0.03
-0.017
0.031
-0.043
0.049
-0.093
-0.039
0.037
0.006
-0.043
0.002
-0.076
-0.156
-0.081
-0.031
-0.119
-0.016
0.014
-0.068
-0.006
-0.058
-0.021
-0.091
-0.065
0.0
0.001
-0.045
-0.084
-0.056
-0.074
0.016
-0.037
-0.092
-0.073
0.025
-0.008
-0.085
-0.003
-0.009
-0.068
-0.068
-0.016
-0.054
-0.045
-0.101
-0.067
-0.084
-0.042
0.007
-0.039
-0.081
0.018
-0.045
-0.058
-0.035
-0.014
0.049
-0.02
-0.006
-0.042
-0.135
-0.066
-0.096
-0.085
0.009
-0.054
0.008
-0.066
-0.059
-0.137
-0.014
-0.081
-0.051
-0.043
-0.113
-0.059
-0.076
-0.011
-0.018
-0.025
-0.014
-0.05
-0.018
-0.076
0.002
-0.017
0.007
-0.048
-0.008
-0.05
-0.012
-0.024
0.004
-0.071
-0.078
-0.113
0.018
-0.103
-0.058
-0.039
-0.069
-0.074
0.018
-0.041
-0.092
-0.018
-0.036
-0.109
-0.032
-0.094
-0.061
0.022
-0.074
0.014
-0.097
-0.044
-0.086
0.006
-0.069
-0.041
-0.033
-0.056
-0.044
-0.011
-0.059
-0.026
-0.041
-0.069
0.003
-0.001
-0.059
-0.024
-0.079
-0.018
-0.05
-0.07
-0.054
0.046
-0.093
0.004
-0.026
0.01
-0.061
-0.012
-0.067
-0.024
-0.086
-0.009
-0.062
-0.049
-0.038
-0.016
-0.066
-0.028
-0.063
-0.053
-0.044
-0.001
-0.065
0.011
-0.066
0.01
-0.094
-0.07
-0.103
-0.036
-0.135
0.014
-0.018
0.028
-0.034
-0.085
-0.066
-0.075
-0.042
-0.058
0.011
0.086
-0.083
-0.022
-0.035
-0.072
-0.054
-0.014
-0.126
-0.042
-0.064
-0.025
-0.051
0.002
-0.062
-0.006
0.005
-0.061
-0.106
-0.028
-0.013
-0.114
-0.056
-0.084
-0.057
-0.074
-0.032
-0.085
-0.06
0.007
0.019
-0.014
-0.007
-0.023
-0.006
-0.098
-0.083
-0.096
-0.029
-0.095
0.006
-0.02
-0.111
-0.035
-0.018
-0.089
-0.062
-0.117
-0.047
-0.022
-0.063
-0.074
-0.031
-0.011
0.01
-0.003
-0.046
-0.09
0.044
-0.042
-0.04
-0.049
-0.037
-0.064
0.028
-0.049
-0.022
-0.109
-0.085
-0.015
-0.138
-0.096
-0.07
-0.042
-0.076
-0.069
-0.054
-0.076
-0.075
0.043
-0.019
0.011
-0.001
-0.002
-0.07
-0.13
-0.065
-0.056
-0.097
0.001
-0.064
-0.022
0.007
-0.115
-0.02
-0.05
-0.054
0.005
-0.04
-0.051
-0.068
-0.018
-0.02
-0.035
0.022
-0.089
-0.012
-0.067
-0.074
-0.078
0.03
0.105
0.016
-0.116
-0.035
0.016
-0.029
-0.114
-0.005
-0.074
-0.054
-0.051
-0.053
-0.034
0.029
-0.127
-0.068
-0.081
-0.093
-0.063
-0.151
-0.036
-0.082
-0.004
-0.046
-0.132
-0.119
0.044
-0.124
-0.1
-0.075
-0.032
-0.011
0.068
-0.039
-0.036
-0.032
0.047
-0.076
-0.011
-0.127
-0.054
-0.064
-0.102
-0.052
0.01
-0.014
-0.028
-0.006
-0.061
0.112
-0.075
-0.032
0.002
-0.044
0.008
-0.038
-0.071
-0.062
-0.082
-0.079
-0.054
-0.061
0.009
-0.087
-0.06
-0.009
-0.072
0.004
-0.048
-0.01
-0.039
-0.062
0.008
-0.058
-0.033
-0.018
-0.035
-0.027
-0.088
-0.073
-0.07
-0.041
-0.025
-0.05
-0.046
-0.094
-0.078
-0.04
-0.037
-0.08
-0.15
-0.018
-0.003
-0.065
-0.056
-0.066
-0.063
0.038
-0.085
-0.106
-0.101
-0.076
-0.1
-0.013
-0.052
-0.061
0.01
0.0
-0.057
-0.077
-0.032
-0.095
-0.152
-0.101
-0.074
-0.05
-0.037
-0.048
-0.11
-0.076
-0.105
-0.008
0.019
-0.052
-0.009
-0.048
-0.025
-0.071
-0.018
-0.066
-0.109
-0.018
-0.067
-0.101
-0.067
-0.076
-0.066
-0.031
0.028
0.026
-0.102
-0.067
-0.062
0.026
-0.06
-0.016
-0.068
-0.048
-0.089
-0.082
-0.048
-0.062
-0.03
0.035
0.043
-0.025
-0.05
-0.044
-0.072
-0.057
0.002
-0.097
-0.038
-0.038
-0.114
0.007
-0.031
-0.009
-0.056
0.043
-0.092
-0.038
-0.091
0.001
-0.066
-0.031
-0.016
-0.049
-0.042
0.008
-0.033
-0.049
-0.106
-0.11
-0.057
-0.059
-0.034
-0.005
-0.063
-0.032
-0.101
-0.046
-0.011
-0.019
-0.032
-0.006
-0.027
0.007
-0.097
-0.039
-0.039
-0.035
0.033
-0.05
0.031
-0.053
-0.043
-0.013
-0.041
-0.101
-0.098
-0.06
-0.064
-0.034
-0.007
0.056
-0.074
-0.08
-0.099
-0.093
-0.086
0.004
-0.064
-0.051
-0.044
-0.082
-0.004
-0.068
-0.056
-0.12
-0.064
-0.061
-0.019
-0.018
0.01
-0.074
-0.057
-0.029
-0.133
-0.136
-0.109
0.008
0.008
-0.023
-0.069
-0.135
-0.103
0.012
-0.022
-0.039
0.007
-0.067
-0.045
-0.03
0.051
0.036
-0.029
0.015
-0.018
-0.047
-0.083
-0.064
-0.015
-0.019
-0.025
-0.059
-0.108
-0.065
-0.032
-0.038
-0.028
-0.026
-0.046
-0.044
-0.106
-0.036
-0.043
-0.052
0.003
-0.139
-0.049
-0.031
-0.093
-0.055
-0.109
0.0
0.029
-0.041
-0.08
0.01
-0.045
-0.023
-0.034
-0.083
-0.066
-0.041
-0.081
-0.085
-0.036
0.002
-0.026
-0.1
-0.036
-0.046
-0.002
0.027
-0.037
-0.034
0.048
-0.037
-0.039
-0.066
-0.08
-0.038
-0.03
-0.16
-0.103
-0.079
-0.038
-0.06
-0.014
-0.081
-0.07
-0.095
0.013
-0.023
-0.01
-0.064
0.021
-0.032
-0.023
-0.006
-0.007
-0.124
-0.039
-0.056
-0.007
-0.05
-0.09
-0.031
-0.078
-0.035
-0.056
-0.12
-0.055
-0.053
-0.051
-0.007
-0.034
-0.001
-0.08
0.005
0.003
0.035
-0.03
-0.062
-0.094
-0.034
-0.064
-0.131
-0.037
-0.036
-0.031
-0.063
-0.108
-0.117
-0.043
0.014
-0.02
-0.066
-0.042
-0.001
-0.005
-0.073
-0.06
0.015
-0.05
-0.033
-0.059
-0.109
-0.075
-0.058
-0.054
-0.003
-0.102
-0.049
-0.031
-0.06
-0.063
-0.126
-0.076
-0.034
-0.031
-0.113
-0.021
-0.03
0.069
-0.068
-0.048
-0.047
-0.091
-0.072
0.013
-0.008
-0.038
-0.027
-0.045
-0.094
-0.054
-0.105
-0.05
-0.156
0.032
-0.054
-0.042
-0.061
-0.065
-0.064
-0.072
-0.053
-0.052
0.037
-0.06
-0.056
-0.093
-0.026
0.019
-0.097
-0.038
-0.016
-0.018
-0.12
-0.129
-0.049
-0.17
-0.038
-0.075
-0.124
-0.011
-0.036
-0.104
-0.125
-0.083
-0.059
-0.059
0.044
-0.029
-0.064
-0.043
-0.085
0.032
-0.042
-0.098
-0.037
-0.03
-0.036
0.006
0.027
0.001
-0.015
-0.042
-0.054
-0.085
0.032
-0.009
-0.08
-0.079
-0.04
-0.068
-0.028
-0.024
0.039
-0.053
-0.137
-0.03
-0.031
-0.043
-0.076
-0.073
-0.094
-0.016
0.028
-0.029
-0.059
0.016
-0.028
-0.106
-0.014
-0.015
-0.069
-0.043
0.0
-0.062
0.006
0.012
-0.031
-0.059
-0.048
-0.005
0.018
-0.108
0.01
-0.059
-0.113
-0.062
-0.049
-0.086
-0.052
0.017
0.002
-0.039
-0.034
-0.091
-0.089
-0.103
-0.035
-0.057
-0.002
-0.068
-0.028
0.044
-0.029
-0.068
-0.036
-0.065
-0.046
-0.041
-0.02
-0.01
0.038
0.003
-0.061
0.017
-0.025
-0.071
0.027
0.088
-0.017
-0.013
-0.075
-0.076
-0.054
0.018
-0.012
-0.021
-0.044
-0.09
0.012
0.028
-0.03
-0.153
0.025
-0.053
-0.049
-0.099
-0.039
-0.058
-0.052
-0.063
-0.046
-0.061
-0.073
-0.029
-0.004
-0.06
-0.002
-0.046
-0.021
-0.046
-0.078
-0.1
-0.126
-0.085
-0.018
-0.088
-0.092
-0.043
-0.151
-0.056
0.065
0.02
-0.08
-0.001
0.038
-0.092
-0.135
-0.079
-0.07
0.016
-0.034
-0.053
-0.026
0.002
-0.044
-0.017
-0.048
-0.017
-0.121
-0.119
-0.067
-0.04
-0.069
-0.033
-0.084
-0.005
0.029
-0.074
-0.048
0.039
-0.063
-0.089
-0.048
-0.075
-0.014
-0.03
-0.078
-0.054
-0.072
-0.085
-0.026
-0.009
0.0
-0.081
0.005
-0.016
-0.033
-0.039
-0.053
-0.019
-0.027
-0.026
-0.069
-0.019
0.002
-0.038
-0.087
-0.094
-0.014
-0.01
-0.004
0.023
-0.013
-0.023
-0.003
-0.079
-0.053
-0.033
-0.049
-0.073
0.009
-0.133
0.063
-0.043
0.027
-0.054
-0.06
-0.059
-0.081
-0.085
0.011
-0.015
-0.083
0.006
-0.043
-0.054
-0.034
-0.025
-0.04
0.004
-0.025
0.009
-0.009
-0.049
-0.022
0.013
-0.05
-0.007
-0.059
-0.092
-0.024
-0.044
-0.046
-0.093
-0.032
-0.071
-0.07
0.004
-0.067
0.009
-0.038
-0.056
-0.07
-0.074
-0.017
-0.069
-0.078
-0.064
-0.103
0.007
0.03
-0.05
-0.069
0.002
-0.05
-0.006
-0.07
-0.055
0.026
0.0
-0.035
-0.01
0.033
-0.037
-0.072
-0.043
-0.029
-0.033
-0.002
0.044
0.072
0.023
-0.043
-0.164
-0.07
-0.066
-0.101
-0.072
-0.077
0.031
0.026
-0.071
-0.035
-0.007
-0.022
-0.033
-0.053
0.021
-0.094
-0.114
0.01
-0.006
-0.034
-0.015
-0.01
-0.026
-0.023
-0.03
-0.053
-0.134
-0.053
-0.026
-0.048
-0.1
-0.02
-0.045
0.077
-0.017
0.07
-0.076
-0.072
-0.022
-0.068
-0.051
-0.12
0.056
-0.037
-0.029
0.013
-0.09
-0.043
-0.019
-0.056
-0.042
-0.043
-0.064
-0.025
0.019
-0.035
-0.014
-0.029
-0.021
-0.113
-0.037
-0.04
-0.044
0.014
0.041
-0.048
-0.135
-0.051
-0.022
-0.042
0.006
-0.068
-0.12
-0.084
-0.051
-0.058
-0.115
-0.066
-0.065
-0.031
-0.057
-0.049
-0.031
-0.091
-0.061
-0.144
-0.07
-0.056
-0.091
-0.077
-0.032
-0.062
-0.068
0.001
0.015
-0.079
0.0
-0.059
0.035
-0.078
-0.023
-0.132
-0.057
0.009
-0.091
0.033
-0.086
-0.146
-0.086
-0.075
-0.033
-0.129
-0.017
-0.026
-0.106
-0.027
-0.058
-0.032
0.021
-0.079
-0.055
-0.073
-0.052
-0.081
0.008
-0.031
0.008
-0.037
-0.08
-0.119
-0.013
0.015
-0.025
-0.069
-0.017
-0.041
-0.015
-0.061
-0.072
0.014
-0.088
-0.07
-0.019
-0.015
-0.07
-0.057
-0.022
-0.124
-0.059
-0.13
0.014
-0.006
0.019
-0.01
-0.004
0.082
-0.069
-0.036
0.011
-0.011
-0.088
-0.064
-0.011
-0.069
-0.031
0.007
-0.082
-0.066
-0.055
-0.072
-0.049
-0.003
-0.016
-0.023
-0.002
-0.045
-0.039
-0.065
-0.041
-0.046
-0.091
-0.09
-0.019
0.032
-0.036
-0.046
-0.057
-0.02
-0.071
-0.024
-0.058
-0.023
-0.048
-0.041
-0.025
-0.066
-0.013
-0.019
-0.043
0.002
0.019
-0.017
-0.084
-0.065
-0.035
-0.036
-0.109
0.035
-0.027
0.002
-0.038
-0.088
-0.106
-0.084
-0.063
-0.024
-0.093
-0.11
0.018
0.023
-0.034
-0.063
-0.078
-0.043
-0.129
-0.031
-0.098
-0.012
-0.053
-0.046
-0.046
-0.097
-0.061
0.009
-0.089
-0.056
-0.051
-0.029
-0.035
-0.088
0.032
0.022
-0.082
-0.055
-0.009
-0.089
-0.038
0.054
-0.025
-0.066
-0.04
-0.011
-0.021
-0.106
-0.013
-0.065
-0.002
0.046
-0.108
-0.156
-0.088
-0.085
-0.081
-0.041
-0.046
-0.094
-0.092
-0.044
-0.076
-0.02
-0.05
-0.055
-0.034
-0.08
-0.075
-0.089
0.029
-0.045
-0.042
-0.037
-0.037
-0.01
-0.094
-0.059
-0.138
-0.049
-0.035
-0.044
-0.063
-0.046
-0.087
-0.01
-0.014
-0.068
-0.021
-0.002
-0.07
-0.017
-0.044
-0.092
-0.106
-0.05
-0.124
-0.103
-0.056
0.044
-0.02
-0.064
-0.048
-0.013
-0.013
0.003
0.007
-0.032
-0.011
-0.033
0.001
-0.053
-0.08
0.02
-0.028
-0.03
-0.045
0.01
-0.152
-0.058
-0.016
-0.016
-0.039
-0.035
-0.037
-0.028
-0.046
-0.115
0.026
-0.082
0.049
-0.033
-0.069
-0.046
-0.042
-0.068
-0.02
-0.037
-0.062
-0.011
-0.041
-0.077
-0.089
-0.091
-0.036
-0.011
-0.027
-0.031
-0.054
-0.074
-0.043
-0.026
-0.12
-0.037
-0.017
-0.094
0.04
-0.036
-0.001
-0.049
-0.089
-0.031
-0.043
-0.004
0.0
-0.073
0.049
-0.075
-0.031
-0.026
-0.036
-0.071
-0.067
-0.008
-0.161
-0.004
-0.067
-0.031
-0.042
-0.057
-0.001
-0.019
-0.002
-0.046
-0.027
-0.036
-0.081
-0.036
-0.032
0.013
-0.093
-0.081
-0.023
-0.06
-0.008
-0.099
0.016
0.026
-0.001
-0.026
-0.081
0.006
-0.136
-0.049
-0.024
-0.036
0.035
0.047
-0.111
0.009
-0.074
-0.011
-0.108
-0.09
-0.075
-0.117
-0.072
0.014
-0.02
-0.033
-0.083
-0.074
-0.092
-0.076
-0.083
-0.045
-0.034
-0.053
-0.001
-0.062
-0.063
-0.08
-0.048
-0.031
0.057
0.015
-0.009
-0.03
-0.115
-0.034
-0.002
-0.03
-0.053
-0.047
-0.086
0.012
0.02
-0.04
-0.068
0.023
-0.063
-0.105
-0.071
-0.095
-0.061
-0.044
-0.046
-0.059
0.044
-0.042
-0.021
0.021
-0.012
-0.027
-0.051
-0.045
-0.02
-0.052
-0.07
0.109
0.038
-0.049
-0.079
-0.036
0.018
-0.101
-0.045
-0.098
-0.107
-0.071
-0.055
0.013
-0.021
-0.055
-0.021
-0.058
-0.088
-0.041
-0.029
-0.108
-0.051
-0.081
-0.047
-0.03
-0.104
-0.053
-0.012
-0.059
-0.074
-0.041
-0.074
-0.096
-0.092
-0.059
0.033
-0.023
-0.027
-0.081
0.0
-0.037
0.02
-0.021
-0.059
-0.065
-0.093
-0.133
-0.049
-0.087
-0.073
-0.006
-0.124
-0.034
-0.012
-0.033
-0.031
-0.059
-0.059
-0.044
-0.059
-0.037
-0.035
0.01
-0.11
-0.049
0.023
-0.121
-0.025
0.007
-0.07
-0.033
-0.097
-0.028
0.013
-0.058
0.02
0.011
-0.035
-0.061
-0.085
-0.054
-0.018
-0.037
-0.023
0.025
-0.005
-0.119
-0.13
-0.124
-0.109
-0.101
-0.014
-0.094
-0.012
-0.067
-0.064
-0.02
-0.087
-0.142
-0.007
-0.024
-0.115
-0.083
-0.083
0.005
0.031
-0.08
-0.051
-0.028
-0.053
-0.062
-0.006
-0.047
-0.121
-0.015
-0.056
0.051
-0.005
-0.09
-0.036
-0.103
-0.071
-0.047
-0.081
-0.081
-0.076
-0.039
-0.101
-0.011
0.003
-0.108
-0.04
-0.004
-0.09
-0.058
-0.062
-0.087
-0.078
0.019
-0.104
-0.044
-0.035
-0.062
-0.08
-0.03
-0.076
-0.064
-0.026
-0.043
-0.011
-0.078
0.011
0.029
-0.033
0.003
-0.028
0.024
-0.05
-0.007
-0.032
-0.093
-0.035
-0.041
-0.053
-0.021
-0.095
-0.028
-0.094
-0.026
0.017
-0.045
-0.048
-0.065
-0.049
-0.073
-0.029
0.015
-0.095
-0.022
-0.012
-0.055
-0.068
-0.079
-0.027
-0.03
-0.067
-0.104
-0.102
-0.023
0.023
0.008
-0.036
-0.09
0.048
-0.071
-0.118
-0.023
0.007
-0.03
-0.061
-0.085
-0.028
-0.048
-0.042
-0.115
0.035
-0.047
-0.005
-0.06
-0.149
-0.051
0.048
-0.127
-0.016
-0.008
-0.032
-0.057
0.037
-0.035
-0.002
-0.059
-0.037
-0.038
-0.08
-0.032
-0.078
-0.098
-0.041
-0.028
0.05
-0.028
-0.05
-0.015
-0.078
-0.092
-0.028
-0.076
-0.048
-0.041
-0.007
-0.068
-0.077
-0.038
0.019
-0.051
-0.087
-0.009
-0.092
-0.067
-0.002
-0.031
-0.091
-0.019
-0.007
-0.044
0.046
-0.05
-0.106
-0.028
-0.069
-0.039
-0.082
-0.109
-0.073
0.067
-0.056
-0.032
-0.037
-0.102
0.05
-0.037
-0.004
-0.053
-0.052
-0.075
-0.019
-0.013
-0.071
-0.044
0.019
-0.073
0.008
0.012
-0.001
-0.029
-0.022
-0.129
-0.005
-0.04
-0.093
-0.022
-0.075
-0.029
-0.005
-0.002
-0.058
0.06
-0.055
-0.037
-0.112
-0.055
-0.021
-0.04
-0.023
-0.057
-0.016
-0.092
0.024
-0.022
-0.049
-0.091
-0.038
-0.089
-0.034
-0.024
-0.068
-0.144
-0.036
-0.035
-0.008
-0.048
-0.055
0.013
-0.008
-0.085
-0.009
-0.048
-0.011
-0.027
-0.097
-0.067
-0.073
-0.109
-0.071
-0.028
-0.04
-0.08
-0.086
0.007
-0.049
-0.07
-0.051
-0.048
-0.031
-0.091
-0.092
-0.108
0.003
0.006
-0.001
0.0
-0.011
-0.078
0.021
-0.049
-0.049
-0.138
-0.134
-0.014
-0.041
-0.112
-0.092
-0.051
-0.041
-0.09
-0.04
-0.029
-0.055
-0.146
-0.03
-0.074
-0.148
-0.093
-0.014
-0.058
-0.063
-0.04
-0.076
-0.047
-0.053
-0.025
-0.1
-0.013
0.005
-0.062
-0.042
-0.065
-0.044
-0.043
0.003
-0.024
-0.072
0.006
-0.067
-0.035
0.038
-0.022
-0.086
-0.056
0.0
-0.067
-0.031
-0.047
0.045
-0.046
-0.091
-0.022
-0.049
-0.118
-0.059
-0.071
-0.099
-0.072
-0.059
-0.105
-0.115
0.012
-0.053
-0.013
-0.081
0.019
-0.086
-0.041
-0.019
-0.056
-0.041
-0.036
-0.079
-0.014
-0.075
-0.063
-0.081
-0.007
-0.061
-0.039
-0.037
-0.029
-0.102
-0.024
-0.057
-0.042
-0.107
-0.029
-0.109
0.064
0.026
-0.04
0.015
-0.003
0.007
-0.034
-0.079
-0.052
-0.073
-0.081
-0.076
0.009
-0.042
-0.009
-0.101
-0.074
-0.067
-0.026
-0.013
-0.022
-0.15
-0.128
-0.049
-0.06
-0.08
-0.034
-0.003
0.052
0.009
-0.029
-0.101
-0.037
-0.033
-0.033
-0.044
-0.089
-0.074
-0.04
-0.06
0.046
-0.115
-0.004
0.037
-0.07
0.005
0.033
-0.059
-0.123
-0.114
-0.026
-0.004
-0.043
-0.073
-0.042
-0.034
-0.083
-0.059
-0.1
-0.075
-0.056
-0.048
-0.052
0.044
-0.017
0.009
-0.038
-0.103
-0.021
0.012
-0.064
-0.025
0.009
-0.036
-0.096
0.025
-0.048
-0.059
-0.014
0.019
-0.123
-0.063
0.009
-0.087
-0.054
-0.087
-0.01
-0.039
-0.061
-0.058
-0.004
-0.074
0.021
-0.048
-0.031
0.001
-0.029
-0.103
-0.02
-0.056
-0.023
-0.004
-0.008
-0.129
-0.013
0.029
-0.051
-0.029
-0.031
-0.075
-0.027
-0.015
-0.066
-0.131
-0.023
-0.064
-0.011
-0.019
-0.042
-0.144
-0.028
-0.06
-0.069
-0.014
0.001
-0.081
-0.074
-0.043
-0.052
-0.094
0.032
-0.046
0.015
-0.053
-0.09
-0.066
0.002
-0.064
-0.106
-0.067
-0.074
0.022
-0.027
-0.075
-0.131
-0.013
-0.089
-0.079
-0.1
-0.063
-0.029
-0.042
-0.039
-0.129
-0.042
0.001
-0.104
-0.013
0.004
0.004
-0.062
-0.064
-0.047
-0.009
-0.074
-0.074
-0.048
-0.047
-0.024
0.016
-0.012
-0.067
0.019
-0.02
0.007
-0.05
-0.01
0.022
-0.093
-0.11
-0.021
0.012
-0.026
0.045
-0.075
-0.052
-0.017
-0.03
-0.046
-0.007
-0.014
-0.073
0.03
-0.033
-0.053
-0.031
-0.047
-0.109
-0.025
-0.003
-0.019
-0.056
-0.006
-0.075
-0.109
-0.052
0.007
-0.05
-0.079
-0.066
-0.007
-0.024
0.008
0.086
-0.031
-0.058
-0.069
-0.054
-0.019
-0.017
-0.069
-0.042
-0.065
-0.093
-0.036
-0.036
-0.055
-0.061
0.05
-0.13
-0.043
-0.03
-0.001
-0.041
-0.044
-0.051
-0.031
0.039
-0.083
0.01
-0.104
-0.052
-0.092
-0.025
-0.033
0.037
-0.102
-0.017
-0.064
-0.019
-0.095
0.021
-0.045
-0.067
-0.112
-0.086
-0.013
-0.08
-0.084
-0.049
-0.076
-0.076
-0.017
-0.019
0.019
-0.058
-0.073
-0.127
-0.067
-0.001
0.001
-0.094
-0.058
-0.028
-0.013
0.01
-0.09
-0.042
-0.085
-0.005
-0.092
-0.103
-0.013
-0.075
-0.082
-0.087
-0.094
-0.108
-0.081
-0.086
0.039
-0.026
-0.02
-0.047
-0.056
-0.004
-0.074
0.029
-0.064
-0.054
-0.041
-0.03
-0.036
0.004
-0.07
-0.035
-0.053
-0.051
-0.079
-0.087
-0.091
-0.087
0.011
-0.072
-0.019
-0.034
-0.102
-0.094
-0.073
-0.061
0.037
-0.08
-0.008
-0.082
-0.057
-0.051
0.01
-0.001
-0.029
-0.02
0.011
0.005
0.006
-0.035
-0.057
-0.018
-0.102
-0.027
-0.048
-0.009
-0.098
-0.034
-0.02
-0.066
-0.013
-0.027
-0.043
-0.045
-0.078
-0.096
-0.105
-0.013
-0.074
-0.045
0.008
-0.022
-0.113
0.039
-0.063
0.038
-0.074
-0.045
-0.03
-0.085
-0.005
-0.076
-0.013
-0.052
-0.029
0.002
-0.123
-0.109
0.022
-0.03
-0.026
-0.021
0.006
-0.034
-0.019
-0.108
-0.089
-0.12
-0.052
0.0
0.006
-0.02
-0.045
-0.035
-0.083
-0.029
-0.112
-0.068
-0.034
-0.087
-0.081
-0.066
-0.077
-0.062
-0.145
-0.042
-0.078
-0.078
-0.034
-0.011
-0.079
-0.078
-0.116
-0.067
0.022
-0.119
-0.034
-0.073
-0.08
-0.071
-0.032
-0.023
-0.088
-0.081
-0.044
-0.028
-0.121
-0.019
-0.056
-0.094
-0.101
-0.075
-0.04
-0.047
-0.044
-0.059
-0.1
-0.037
-0.014
-0.108
-0.087
-0.037
-0.043
-0.032
-0.044
0.048
-0.002
-0.064
-0.044
-0.017
-0.101
-0.04
-0.063
-0.018
-0.012
-0.085
-0.037
-0.101
-0.06
-0.113
-0.04
-0.035
-0.087
-0.013
-0.074
-0.129
-0.116
-0.097
-0.011
-0.052
-0.008
-0.035
-0.051
-0.006
0.012
-0.079
-0.093
-0.081
-0.083
-0.086
-0.036
-0.021
-0.152
-0.018
-0.014
-0.012
-0.001
-0.049
-0.014
0.034
-0.091
0.001
0.044
-0.18
-0.015
-0.048
-0.043
-0.069
0.023
0.0
-0.056
-0.054
0.023
-0.032
0.023
-0.035
-0.078
-0.055
-0.038
-0.006
-0.098
-0.059
-0.006
-0.077
-0.137
-0.085
0.037
-0.035
0.001
-0.057
-0.099
0.028
-0.064
-0.062
-0.049
-0.005
-0.156
0.068
-0.108
0.043
-0.073
-0.015
0.005
-0.023
-0.013
-0.072
-0.059
-0.109
-0.058
-0.024
-0.092
-0.042
-0.021
-0.02
-0.034
-0.07
-0.051
-0.048
0.03
-0.008
-0.058
0.02
-0.017
-0.049
-0.083
-0.033
-0.096
-0.029
0.026
-0.04
-0.091
-0.067
-0.041
-0.005
-0.097
-0.004
-0.029
-0.072
0.001
-0.046
-0.066
-0.113
-0.13
-0.062
-0.051
-0.047
-0.097
0.031
-0.017
-0.03
-0.077
-0.126
-0.025
-0.083
-0.063
-0.015
-0.105
-0.078
-0.023
-0.116
-0.073
-0.022
0.043
-0.079
0.004
-0.024
-0.042
-0.054
-0.035
-0.031
-0.056
-0.108
-0.006
-0.025
-0.105
-0.08
-0.022
-0.05
0.002
-0.07
-0.091
-0.07
-0.05
0.006
-0.082
-0.031
-0.023
-0.058
-0.054
-0.099
-0.082
-0.071
-0.072
-0.042
-0.096
-0.058
-0.126
0.0
-0.069
-0.015
-0.114
-0.143
-0.056
-0.052
-0.041
-0.067
-0.097
-0.03
-0.066
-0.012
0.027
-0.069
0.019
-0.087
-0.045
0.001
-0.105
-0.071
-0.059
-0.023
-0.073
-0.12
-0.107
0.025
-0.147
0.007
-0.021
-0.093
-0.065
-0.036
-0.096
-0.067
-0.042
-0.072
-0.04
-0.098
-0.041
-0.075
-0.071
-0.012
-0.027
0.001
-0.102
-0.006
-0.03
-0.026
-0.121
-0.028
-0.06
-0.046
-0.086
-0.089
0.037
-0.019
-0.013
0.007
-0.034
-0.045
-0.032
0.023
-0.041
-0.081
-0.149
-0.094
-0.062
-0.009
-0.023
-0.02
0.031
-0.083
0.042
0.007
-0.116
0.017
-0.085
-0.044
0.021
-0.053
-0.086
0.016
-0.066
-0.022
-0.14
-0.048
-0.075
-0.034
0.027
-0.042
-0.072
-0.066
-0.04
-0.077
-0.065
-0.032
-0.076
-0.035
-0.094
-0.077
-0.052
-0.074
-0.004
-0.102
-0.046
-0.012
0.031
0.01
-0.036
-0.01
-0.083
-0.083
-0.034
-0.004
-0.027
-0.09
-0.108
-0.011
-0.066
0.014
-0.055
-0.072
-0.059
-0.005
-0.038
-0.093
-0.086
-0.057
-0.017
-0.065
-0.033
-0.056
-0.089
-0.084
-0.046
-0.051
-0.086
0.013
-0.12
-0.084
-0.028
-0.121
0.011
-0.02
-0.057
-0.063
-0.03
-0.011
-0.047
-0.078
-0.097
0.021
0.007
-0.026
-0.09
-0.087
-0.109
-0.072
-0.1
-0.014
-0.05
-0.093
-0.072
-0.018
-0.08
-0.036
-0.117
-0.133
-0.031
-0.097
0.054
-0.045
-0.067
-0.053
-0.048
-0.082
0.0
-0.051
-0.051
-0.004
-0.039
-0.018
0.02
-0.085
-0.083
-0.086
-0.06
-0.044
-0.051
0.002
-0.095
-0.131
-0.035
-0.069
-0.015
-0.024
-0.052
-0.107
-0.026
-0.089
-0.002
-0.082
-0.117
-0.078
-0.031
-0.045
-0.031
-0.101
-0.072
-0.051
-0.063
-0.001
-0.097
-0.036
-0.014
-0.064
-0.089
-0.036
-0.098
-0.04
-0.024
0.031
-0.019
0.056
-0.026
-0.103
-0.02
-0.025
-0.003
-0.014
-0.043
-0.053
-0.059
-0.081
-0.042
-0.058
-0.062
-0.093
-0.042
-0.041
-0.046
-0.121
-0.061
-0.059
-0.01
-0.042
-0.014
-0.09
-0.008
-0.103
-0.115
0.022
-0.078
-0.081
-0.113
-0.091
-0.06
-0.031
-0.017
-0.082
-0.041
-0.121
-0.106
0.009
-0.028
-0.048
-0.024
-0.044
-0.038
-0.058
0.007
-0.026
-0.06
-0.101
-0.108
-0.071
0.044
-0.001
-0.053
-0.085
-0.079
-0.142
-0.095
-0.064
-0.06
0.018
0.015
-0.036
-0.055
0.021
-0.033
-0.108
-0.07
-0.046
-0.049
-0.027
0.019
-0.005
0.006
-0.039
-0.092
-0.051
-0.066
-0.036
-0.019
-0.017
-0.12
0.03
0.005
-0.073
-0.015
0.02
-0.078
-0.012
0.047
-0.035
0.032
-0.024
0.003
-0.062
-0.076
-0.067
-0.046
-0.045
-0.012
-0.065
0.053
-0.044
-0.058
-0.087
-0.057
0.043
-0.049
0.024
0.028
-0.001
-0.033
-0.049
-0.059
-0.107
-0.013
-0.04
-0.092
-0.046
-0.045
0.024
0.046
-0.073
-0.069
-0.046
-0.087
-0.022
-0.046
-0.062
-0.031
-0.003
0.045
-0.096
0.038
-0.084
-0.135
-0.07
-0.091
-0.01
-0.049
0.049
-0.056
-0.019
-0.017
-0.013
0.015
-0.069
-0.018
0.003
-0.059
0.077
-0.037
-0.041
-0.11
-0.024
-0.061
-0.099
-0.065
0.012
-0.077
-0.065
-0.036
-0.017
-0.006
-0.061
-0.095
0.006
-0.015
0.013
-0.047
-0.016
-0.029
-0.035
-0.032
-0.077
0.039
-0.031
-0.022
-0.07
-0.05
0.001
-0.024
-0.07
-0.066
-0.06
-0.022
-0.064
-0.011
-0.034
-0.016
0.049
-0.028
-0.046
-0.187
0.009
-0.111
-0.064
-0.023
-0.04
-0.097
-0.12
-0.093
-0.084
0.0
-0.059
-0.03
-0.045
-0.055
-0.04
-0.024
-0.032
-0.009
-0.052
0.041
-0.072
-0.052
-0.073
-0.066
-0.003
-0.046
-0.077
-0.08
-0.091
-0.086
0.08
-0.105
-0.076
-0.045
0.047
0.023
-0.075
-0.011
-0.092
-0.12
-0.052
-0.051
-0.101
-0.008
-0.089
0.022
-0.126
-0.053
0.003
-0.024
-0.028
-0.041
-0.034
-0.049
0.008
-0.043
-0.038
-0.121
0.01
-0.059
-0.062
-0.071
-0.141
-0.085
-0.035
-0.008
-0.031
-0.013
-0.116
-0.048
-0.075
-0.036
-0.013
-0.066
-0.078
0.003
-0.067
-0.027
-0.03
-0.104
-0.071
0.017
0.009
-0.105
-0.033
-0.095
-0.049
-0.04
-0.002
-0.038
-0.098
0.012
-0.071
-0.051
-0.018
-0.039
-0.064
-0.017
-0.047
-0.09
0.032
-0.077
-0.102
-0.083
-0.054
-0.015
-0.12
-0.082
-0.074
-0.026
0.007
-0.081
-0.033
0.022
-0.098
-0.037
-0.053
-0.052
0.017
-0.013
-0.068
-0.011
-0.137
0.003
-0.068
-0.024
0.03
-0.104
-0.067
-0.012
-0.094
0.021
-0.048
-0.099
-0.006
-0.083
-0.005
-0.026
-0.058
-0.052
0.004
-0.053
-0.109
-0.042
-0.046
-0.073
-0.066
-0.103
0.026
-0.088
0.047
-0.063
-0.026
-0.073
-0.069
-0.131
-0.019
0.008
-0.025
-0.039
-0.056
-0.034
-0.078
-0.052
-0.055
-0.091
-0.008
-0.071
0.032
-0.023
0.052
-0.056
-0.021
-0.051
-0.075
-0.005
0.013
-0.065
-0.057
-0.056
-0.085
-0.136
-0.068
-0.072
0.025
-0.021
-0.099
-0.017
-0.026
-0.046
-0.007
-0.01
-0.032
-0.041
-0.056
-0.044
-0.029
-0.161
-0.015
-0.053
-0.077
-0.043
-0.034
-0.161
0.005
-0.075
-0.081
-0.028
0.085
-0.019
-0.05
-0.092
-0.068
-0.029
0.043
-0.091
-0.064
-0.045
-0.031
-0.056
-0.036
-0.024
-0.048
-0.046
-0.047
-0.074
-0.131
-0.028
-0.128
-0.031
-0.035
-0.083
-0.112
0.021
-0.029
-0.059
-0.077
-0.09
-0.099
-0.039
-0.055
0.014
-0.135
-0.024
0.002
-0.038
-0.053
-0.057
-0.035
-0.026
-0.026
-0.04
-0.036
-0.073
-0.065
-0.025
0.035
-0.132
-0.064
-0.011
-0.013
-0.119
-0.02
-0.053
-0.033
0.011
-0.006
-0.067
-0.002
-0.037
-0.076
-0.06
0.041
-0.116
-0.144
0.006
-0.079
-0.022
0.032
-0.144
-0.053
-0.023
-0.04
-0.025
-0.026
-0.052
-0.003
-0.045
-0.073
0.017
-0.035
-0.028
-0.028
-0.067
-0.031
-0.043
-0.032
-0.015
-0.082
0.019
0.033
-0.044
-0.07
0.034
-0.094
-0.027
-0.039
0.012
-0.101
-0.06
-0.101
-0.053
-0.107
-0.103
-0.008
-0.006
-0.102
-0.05
0.007
-0.052
-0.029
-0.093
-0.084
-0.081
-0.063
-0.111
-0.032
-0.047
-0.053
-0.005
0.013
-0.103
-0.04
-0.025
-0.127
-0.021
-0.02
-0.011
0.032
-0.031
-0.046
-0.076
-0.084
-0.012
-0.024
-0.072
-0.075
0.008
-0.078
-0.057
-0.091
-0.016
-0.085
-0.011
-0.127
-0.005
-0.036
-0.025
0.056
0.03
-0.066
-0.024
-0.124
-0.065
-0.073
-0.077
-0.016
-0.036
-0.036
-0.097
-0.047
0.025
-0.001
-0.052
-0.005
-0.117
-0.015
-0.055
0.022
-0.061
-0.002
0.012
-0.02
-0.065
-0.024
-0.055
-0.064
-0.061
-0.007
0.006
-0.07
-0.044
-0.026
-0.025
-0.088
0.025
-0.013
-0.039
0.02
-0.045
-0.005
-0.062
-0.08
-0.01
-0.127
-0.096
-0.077
-0.072
-0.039
-0.027
-0.051
-0.015
0.003
-0.001
-0.063
0.055
-0.043
-0.045
-0.066
-0.044
-0.019
0.017
-0.05
0.018
0.0
-0.02
-0.055
0.014
-0.058
0.005
0.01
-0.027
-0.066
-0.03
-0.065
-0.066
-0.106
-0.07
-0.056
-0.023
-0.009
-0.021
-0.062
-0.056
-0.076
-0.004
-0.06
-0.101
-0.038
-0.034
-0.091
-0.008
-0.187
-0.035
-0.016
-0.101
-0.04
-0.07
-0.008
-0.003
-0.032
0.009
-0.062
-0.055
-0.029
-0.008
-0.057
0.006
0.014
-0.043
-0.025
-0.069
-0.036
-0.12
-0.111
-0.037
-0.084
-0.006
-0.02
-0.002
-0.104
-0.018
-0.081
-0.052
-0.105
-0.052
-0.081
-0.037
-0.023
0.001
-0.043
-0.028
-0.049
-0.092
-0.061
-0.066
-0.068
-0.099
-0.074
-0.03
-0.044
-0.005
-0.015
-0.042
0.044
0.001
0.021
-0.008
-0.028
-0.065
-0.105
-0.057
-0.048
-0.008
-0.059
-0.076
-0.031
-0.102
-0.009
-0.073
-0.083
-0.045
-0.077
-0.072
-0.128
-0.015
0.026
-0.042
-0.085
-0.063
0.002
-0.034
-0.05
-0.077
0.005
-0.066
-0.02
-0.046
-0.095
-0.058
-0.095
-0.05
-0.024
-0.038
-0.076
-0.127
-0.063
0.003
-0.022
-0.079
-0.029
-0.053
0.005
-0.081
-0.026
-0.094
-0.035
-0.095
0.008
-0.037
-0.026
-0.046
-0.086
-0.001
-0.048
-0.045
-0.114
-0.074
-0.028
-0.012
-0.015
-0.06
-0.088
-0.054
0.012
-0.084
-0.039
0.033
-0.027
-0.067
-0.094
-0.071
-0.049
-0.01
-0.096
-0.074
-0.092
-0.025
-0.029
-0.107
0.003
-0.047
-0.106
-0.075
0.042
-0.023
0.004
-0.101
-0.14
-0.105
-0.038
-0.059
-0.078
-0.083
0.023
-0.015
-0.045
-0.109
-0.012
-0.016
-0.109
-0.047
-0.081
-0.087
-0.109
-0.04
-0.041
-0.036
0.076
-0.057
-0.028
-0.007
0.015
-0.13
-0.073
-0.022
-0.063
-0.088
-0.061
-0.159
-0.023
-0.08
-0.068
-0.041
-0.027
-0.004
0.027
-0.12
-0.038
-0.08
-0.043
-0.058
-0.054
-0.103
-0.061
-0.044
-0.083
-0.08
-0.088
-0.004
-0.037
0.0
-0.104
-0.089
-0.009
-0.031
-0.082
-0.044
-0.022
-0.026
-0.021
-0.075
-0.073
-0.055
-0.036
-0.067
-0.034
0.057
-0.071
-0.07
-0.049
0.0
-0.091
-0.012
-0.024
-0.015
-0.068
-0.022
-0.058
-0.056
-0.009
-0.102
-0.03
-0.056
0.025
-0.025
-0.15
-0.02
-0.08
-0.076
-0.097
-0.077
-0.095
-0.075
-0.054
-0.07
-0.049
-0.005
-0.021
0.018
-0.065
0.008
-0.03
-0.074
-0.032
-0.055
0.002
-0.055
-0.013
-0.09
-0.022
-0.106
-0.016
-0.063
-0.007
0.012
-0.033
-0.018
-0.085
-0.072
-0.066
-0.082
-0.057
-0.039
0.006
-0.043
0.03
-0.022
-0.013
-0.062
-0.095
0.003
-0.041
-0.043
-0.023
-0.091
-0.076
-0.045
0.008
-0.028
-0.012
-0.074
-0.024
-0.079
-0.067
-0.042
-0.036
0.019
-0.059
-0.051
0.033
-0.007
-0.019
-0.052
-0.037
-0.089
0.003
-0.046
-0.073
-0.033
-0.047
-0.103
-0.008
-0.057
0.041
-0.069
-0.042
0.006
-0.054
-0.008
0.052
0.031
-0.046
-0.064
-0.062
0.045
-0.011
0.005
-0.083
-0.106
-0.061
-0.012
-0.017
-0.086
-0.046
-0.023
0.005
-0.023
-0.074
-0.035
-0.034
-0.144
0.009
-0.059
-0.025
-0.068
-0.057
-0.071
-0.085
-0.05
0.03
-0.042
0.002
-0.057
0.034
-0.074
-0.032
-0.058
-0.101
-0.006
-0.054
-0.018
0.028
0.024
-0.074
0.026
-0.063
0.004
0.026
-0.145
-0.054
-0.024
-0.069
-0.116
-0.047
-0.048
-0.093
0.008
-0.067
-0.108
-0.023
-0.01
-0.012
-0.084
-0.001
-0.029
0.034
-0.022
-0.046
-0.031
-0.109
-0.03
-0.12
-0.021
-0.076
-0.077
-0.02
-0.011
0.021
-0.029
-0.042
-0.066
-0.058
-0.004
-0.064
-0.018
-0.046
-0.004
-0.052
-0.045
0.006
-0.062
-0.104
-0.105
-0.08
-0.024
-0.069
0.052
0.0
-0.009
0.01
-0.001
-0.08
0.04
-0.058
-0.075
-0.083
-0.035
-0.048
-0.064
-0.02
-0.026
-0.03
-0.045
0.006
-0.054
-0.098
0.009
0.0
0.039
-0.081
-0.044
-0.085
-0.035
0.004
-0.086
-0.088
-0.066
-0.043
-0.066
-0.072
0.022
-0.094
0.001
-0.038
-0.082
0.023
-0.018
-0.025
-0.02
-0.028
0.021
-0.058
0.017
-0.053
-0.071
-0.031
-0.083
-0.1
-0.096
0.029
-0.056
-0.043
0.043
-0.034
-0.057
0.032
-0.007
0.037
-0.106
-0.084
-0.099
-0.057
0.01
0.025
0.013
-0.101
-0.092
-0.047
-0.095
-0.026
-0.051
0.037
0.014
-0.031
-0.043
-0.083
-0.029
-0.048
-0.057
0.005
-0.056
-0.022
0.038
-0.05
-0.088
0.056
0.043
0.006
-0.047
0.001
-0.054
-0.13
-0.071
-0.064
-0.052
-0.036
-0.009
-0.133
0.008
-0.016
-0.116
-0.066
-0.132
0.006
-0.056
-0.066
-0.006
-0.086
-0.092
-0.009
-0.098
0.009
0.026
0.086
-0.036
-0.065
-0.044
-0.032
-0.012
-0.02
-0.074
-0.007
-0.025
0.007
-0.022
-0.105
-0.122
0.066
-0.108
-0.012
-0.011
-0.038
-0.007
0.091
-0.062
-0.057
-0.009
-0.069
-0.049
-0.01
-0.035
-0.044
-0.023
-0.052
-0.004
-0.087
-0.064
-0.019
-0.1
0.026
-0.034
0.017
0.015
-0.109
-0.049
-0.068
-0.097
0.023
-0.059
-0.095
-0.035
-0.083
-0.156
0.022
-0.044
-0.037
-0.006
-0.015
-0.061
-0.073
0.052
-0.034
0.006
-0.004
-0.059
-0.097
-0.043
-0.045
-0.108
-0.004
0.01
-0.085
-0.03
-0.065
0.001
-0.082
0.006
-0.083
-0.056
0.03
-0.009
-0.087
-0.053
-0.062
-0.094
-0.048
-0.019
-0.111
-0.026
-0.045
-0.1
-0.037
-0.011
-0.001
-0.004
0.052
-0.01
-0.017
0.011
-0.064
-0.046
-0.062
-0.033
-0.085
-0.119
-0.084
-0.099
-0.007
-0.059
-0.024
0.004
-0.028
-0.051
-0.04
-0.003
-0.025
-0.083
-0.032
-0.018
-0.054
-0.072
0.001
-0.066
-0.061
-0.023
-0.057
-0.086
-0.063
-0.036
-0.024
0.0
-0.078
-0.019
-0.038
-0.055
-0.038
0.017
-0.068
0.029
-0.035
-0.02
0.005
-0.024
0.011
0.007
-0.081
-0.036
-0.041
-0.083
-0.083
-0.063
-0.037
-0.085
-0.035
-0.15
-0.067
-0.044
-0.019
-0.089
-0.033
-0.048
-0.016
-0.037
-0.004
-0.07
0.005
-0.086
0.039
-0.028
-0.018
-0.075
-0.017
-0.059
-0.039
-0.002
-0.019
-0.097
0.039
-0.063
0.017
-0.064
-0.062
-0.11
-0.063

