-0.04
0.037
-0.035
0.081
-0.03
-0.053
0.068
-0.077
0.013
-0.064
-0.042
-0.06
-0.032
-0.006
0.008
-0.045
-0.041
-0.062
-0.022
-0.105
-0.041
0.049
-0.076
-0.042
-0.002
0.028
-0.15
-0.028
0.043
-0.056
0.009
-0.014
-0.01
-0.035
-0.068
-0.027
-0.031
-0.001
0.059
-0.08
0.003
-0.068
-0.054
-0.014
-0.05
-0.1
-0.109
-0.063
-0.041
0.045
-0.003
-0.023
-0.001
-0.114
-0.067
-0.034
-0.087
-0.009
0.027
-0.044
-0.035
0.015
-0.012
-0.087
-0.073
0.016
-0.083
-0.088
0.029
-0.066
-0.06
0.039
0.024
0.029
-0.113
-0.072
-0.109
-0.03
-0.023
-0.099
-0.022
0.015
-0.054
0.018
-0.079
-0.014
-0.066
-0.005
0.022
0.0
0.025
0.075
0.003
-0.042
0.057
0.018
0.015
-0.057
0.013
0.013
0.01
-0.068
-0.035
0.01
-0.054
-0.07
0.0
-0.002
-0.033
0.058
-0.121
-0.058
-0.063
-0.013
-0.069
0.008
0.002
-0.035
0.0
-0.025
-0.025
0.036
-0.001
0.055
-0.058
-0.05
-0.039
0.004
-0.062
-0.038
-0.005
-0.075
-0.077
-0.137
-0.034
-0.047
-0.037
-0.007
0.053
-0.008
-0.035
-0.033
-0.007
-0.044
-0.011
-0.018
0.015
0.047
-0.018
0.055
-0.081
-0.078
-0.124
-0.022
-0.107
0.01
-0.026
-0.055
-0.12
-0.047
-0.011
-0.034
-0.091
-0.085
-0.021
0.088
-0.087
0.034
-0.006
-0.009
0.02
-0.037
0.038
-0.029
-0.015
0.011
-0.05
-0.036
-0.105
-0.134
0.061
-0.074
-0.081
0.001
-0.053
-0.061
-0.009
0.021
-0.075
-0.004
-0.114
0.03
-0.048
0.018
-0.078
-0.128
-0.103
-0.061
-0.013
-0.082
0.028
-0.03
-0.068
0.009
-0.083
-0.058
-0.033
0.054
-0.065
0.021
-0.013
-0.011
-0.056
-0.042
-0.045
0.012
-0.095
-0.063
-0.119
-0.09
-0.108
0.009
-0.061
-0.032
-0.039
-0.096
-0.049
-0.028
-0.042
-0.046
-0.027
-0.078
0.032
-0.029
-0.023
-0.033
-0.035
-0.04
-0.053
0.017
-0.069
-0.018
-0.041
-0.072
-0.026
-0.082
-0.005
-0.073
-0.03
-0.044
-0.02
-0.09
-0.006
-0.091
-0.061
-0.002
0.026
0.01
-0.019
-0.067
-0.009
-0.057
0.004
-0.008
-0.039
0.017
-0.074
-0.106
-0.071
-0.009
-0.042
-0.015
0.001
-0.007
-0.066
-0.061
-0.017
-0.067
-0.132
-0.035
-0.034
0.009
0.001
-0.109
-0.057
0.006
-0.028
-0.021
-0.122
-0.051
-0.068
0.048
-0.126
-0.032
-0.055
-0.028
-0.013
-0.01
-0.024
0.023
-0.056
-0.02
-0.016
0.011
-0.026
-0.037
-0.031
-0.076
0.034
-0.058
-0.048
-0.011
-0.089
-0.107
-0.053
0.034
-0.017
-0.061
-0.043
-0.013
0.018
-0.064
0.034
-0.007
-0.055
-0.068
-0.014
-0.034
-0.051
-0.039
-0.069
-0.027
0.021
-0.049
-0.027
-0.021
0.047
-0.054
-0.058
-0.046
-0.012
-0.059
-0.012
-0.073
-0.044
-0.042
-0.043
-0.061
-0.042
0.041
0.011
-0.072
-0.1
-0.021
0.002
-0.059
-0.061
-0.007
-0.04
-0.008
-0.013
-0.056
-0.051
-0.046
0.001
0.001
-0.026
0.019
-0.056
0.003
-0.081
-0.078
-0.018
-0.04
0.063
-0.043
-0.006
0.04
0.026
-0.041
-0.075
-0.069
-0.043
0.012
-0.058
-0.101
-0.002
-0.054
-0.071
0.016
-0.031
0.025
-0.032
-0.025
-0.001
-0.02
-0.034
-0.023
-0.088
-0.005
0.007
-0.061
-0.018
0.0
0.048
0.024
0.019
0.072
-0.041
-0.023
-0.056
-0.057
-0.084
-0.077
-0.041
-0.059
0.006
-0.008
-0.067
-0.08
-0.11
-0.006
0.002
-0.045
-0.028
-0.074
0.004
-0.036
-0.044
-0.058
-0.009
-0.033
-0.07
-0.061
-0.051
0.002
0.003
-0.067
-0.057
-0.082
-0.009
-0.09
-0.004
-0.125
-0.131
-0.012
-0.02
-0.085
-0.015
-0.053
-0.065
-0.089
-0.063
-0.065
0.001
-0.036
0.009
0.02
-0.095
-0.056
-0.11
-0.005
-0.01
0.005
0.001
-0.094
0.015
0.022
-0.05
-0.064
0.007
-0.044
-0.027
0.04
-0.021
0.012
-0.052
-0.048
-0.116
-0.039
-0.039
0.008
-0.05
-0.07
-0.076
-0.072
-0.047
-0.099
0.031
-0.06
-0.061
-0.059
-0.026
-0.082
0.0
-0.017
-0.063
-0.072
-0.033
-0.036
0.017
-0.055
0.016
-0.026
-0.04
-0.038
-0.065
-0.044
-0.011
0.011
0.037
0.005
0.066
-0.008
-0.086
0.015
-0.034
-0.057
-0.028
-0.005
-0.045
-0.011
0.018
-0.097
-0.03
-0.059
-0.047
-0.074
-0.124
-0.04
-0.058
-0.02
-0.025
0.019
-0.006
-0.1
-0.027
-0.106
0.047
0.024
-0.025
0.016
-0.014
-0.056
-0.07
-0.031
-0.013
0.019
0.004
-0.041
0.013
-0.088
-0.002
0.01
-0.002
-0.024
0.012
-0.069
-0.037
-0.11
0.039
-0.021
-0.069
-0.077
-0.049
-0.077
-0.03
-0.004
0.023
0.005
-0.086
0.023
-0.06
0.028
-0.041
0.112
-0.047
-0.003
-0.036
0.002
-0.142
-0.063
-0.036
-0.119
-0.055
-0.08
-0.068
-0.004
-0.051
0.002
0.028
-0.043
-0.037
-0.045
0.044
-0.073
-0.029
-0.037
-0.019
-0.041
-0.058
-0.083
0.016
-0.072
0.011
-0.036
-0.011
-0.048
-0.007
-0.015
-0.048
0.016
-0.038
0.023
-0.04
-0.041
-0.003
0.026
0.012
-0.098
0.009
-0.038
-0.023
-0.067
-0.003
0.02
0.021
-0.025
-0.029
0.014
-0.06
0.012
0.005
0.053
-0.048
-0.084
0.015
0.002
-0.054
-0.047
-0.017
-0.105
0.067
-0.007
-0.027
-0.063
-0.08
-0.049
-0.115
-0.032
-0.063
0.013
0.043
-0.009
-0.109
-0.037
-0.043
-0.017
-0.042
0.046
-0.061
-0.038
-0.048
-0.022
-0.009
0.008
0.001
0.044
-0.077
-0.077
0.005
-0.048
0.01
-0.098
0.049
-0.026
-0.03
-0.047
-0.022
-0.064
-0.013
-0.116
-0.04
0.028
-0.003
-0.009
-0.056
-0.047
-0.022
-0.045
-0.019
0.075
-0.095
-0.067
0.029
0.03
0.018
-0.048
-0.003
-0.002
-0.001
-0.042
-0.054
0.027
-0.116
-0.001
-0.032
-0.026
0.028
0.023
-0.136
-0.062
-0.092
-0.049
-0.063
-0.043
-0.005
0.067
-0.011
-0.04
-0.026
0.028
-0.062
-0.1
-0.015
-0.056
-0.051
-0.07
-0.053
-0.068
-0.012
-0.022
-0.016
-0.051
-0.069
-0.018
0.027
-0.004
0.037
-0.033
-0.005
-0.01
-0.026
0.013
-0.065
-0.081
-0.027
-0.008
-0.062
-0.073
-0.019
-0.004
-0.032
-0.117
0.054
-0.01
-0.106
-0.053
-0.001
0.045
-0.019
0.011
-0.153
-0.125
-0.039
-0.001
0.056
-0.053
0.006
-0.053
-0.067
-0.029
0.034
-0.017
0.049
-0.04
-0.003
-0.018
-0.065
-0.086
-0.001
-0.082
-0.051
-0.062
-0.012
-0.027
-0.041
-0.101
0.032
-0.094
-0.058
-0.032
-0.018
-0.023
0.041
-0.002
0.014
-0.074
0.018
-0.076
-0.021
-0.025
-0.073
0.019
-0.075
-0.098
-0.075
-0.013
-0.004
0.034
-0.101
-0.019
-0.122
-0.057
-0.034
-0.008
-0.031
-0.047
-0.055
-0.081
-0.102
-0.068
-0.09
-0.068
-0.071
-0.031
-0.106
0.001
-0.038
-0.05
-0.094
-0.034
-0.013
-0.038
0.005
-0.017
-0.065
0.049
-0.147
0.029
0.018
-0.002
-0.082
-0.095
-0.05
0.005
-0.068
-0.076
-0.1
0.01
0.018
-0.014
0.021
0.022
-0.078
-0.051
-0.068
-0.122
-0.024
-0.054
-0.091
-0.073
-0.015
-0.039
-0.023
-0.09
-0.077
-0.069
0.015
0.02
-0.052
-0.048
-0.074
0.053
-0.109
-0.028
-0.029
-0.134
-0.02
-0.06
-0.04
-0.036
-0.042
-0.089
-0.024
-0.004
-0.011
-0.088
0.031
0.003
-0.06
-0.007
-0.036
-0.06
-0.04
-0.034
0.031
-0.064
0.026
-0.04
-0.05
-0.048
-0.108
0.027
0.002
-0.066
0.005
0.0
-0.084
-0.02
-0.032
-0.028
-0.045
-0.055
-0.031
0.073
-0.07
-0.067
0.041
-0.072
-0.033
-0.145
-0.062
0.061
-0.123
-0.042
0.026
-0.003
0.004
-0.04
-0.106
-0.095
-0.022
0.024
-0.035
-0.035
-0.059
-0.066
-0.03
0.043
0.011
-0.146
-0.018
-0.054
0.05
-0.063
0.018
-0.064
-0.115
-0.004
0.014
-0.051
0.049
-0.033
0.089
-0.022
-0.038
-0.008
-0.037
-0.12
-0.024
-0.105
0.014
-0.108
-0.127
-0.022
-0.003
-0.043
-0.144
-0.087
-0.034
-0.108
-0.046
-0.071
0.002
0.004
-0.048
-0.094
-0.075
-0.041
0.035
-0.068
-0.051
-0.018
-0.031
-0.006
-0.065
-0.058
-0.068
-0.057
-0.049
0.004
0.018
-0.026
0.021
-0.015
-0.035
0.011
-0.051
0.003
-0.08
-0.103
-0.069
-0.056
-0.106
-0.129
0.032
0.036
-0.057
-0.061
-0.061
0.058
0.039
0.004
-0.093
-0.058
-0.03
-0.053
-0.009
0.012
-0.087
0.003
-0.005
0.018
-0.009
-0.031
-0.064
0.006
0.004
-0.095
-0.025
0.001
-0.043
-0.119
-0.089
-0.032
-0.014
-0.013
-0.055
-0.038
-0.03
-0.027
-0.012
-0.082
-0.004
-0.013
-0.039
-0.113
0.018
0.003
0.056
0.01
-0.055
-0.067
-0.054
0.015
-0.008
-0.075
0.049
0.004
-0.049
0.016
0.016
-0.026
0.014
-0.091
-0.033
-0.145
0.034
-0.014
-0.022
-0.022
-0.056
0.046
-0.051
-0.064
-0.009
-0.083
-0.022
-0.056
-0.122
-0.049
0.002
0.01
-0.093
-0.014
0.017
-0.019
-0.058
-0.03
-0.083
-0.071
-0.075
-0.012
-0.063
-0.034
-0.041
0.034
-0.029
-0.013
-0.026
-0.015
0.01
-0.048
-0.025
-0.052
-0.1
0.035
-0.054
0.073
-0.035
-0.073
-0.007
0.011
-0.041
0.024
-0.037
-0.005
-0.029
-0.029
0.104
0.006
-0.021
-0.048
-0.003
0.034
-0.009
-0.14
0.005
-0.019
0.004
-0.011
0.019
-0.002
-0.012
-0.13
-0.063
0.012
-0.098
-0.117
-0.037
-0.067
-0.027
-0.01
-0.047
0.001
-0.048
-0.063
-0.094
-0.015
-0.068
-0.062
-0.015
0.004
-0.067
-0.029
-0.037
0.051
-0.052
0.01
-0.054
0.012
-0.001
-0.046
0.029
0.019
0.035
-0.086
0.036
-0.098
-0.057
-0.019
-0.005
-0.031
-0.027
-0.081
-0.094
0.044
-0.051
-0.076
-0.022
-0.079
-0.043
-0.075
-0.016
0.075
-0.045
-0.054
-0.021
-0.019
0.022
0.013
-0.096
-0.048
-0.048
-0.017
0.015
-0.073
-0.049
-0.018
-0.122
-0.059
-0.021
-0.024
-0.19
-0.073
-0.075
0.109
-0.026
0.014
0.033
-0.069
0.007
-0.086
-0.048
-0.1
0.011
-0.037
-0.019
-0.098
-0.034
0.042
-0.008
-0.03
-0.108
-0.067
-0.091
-0.074
-0.033
0.08
-0.073
0.008
-0.037
0.01
-0.059
-0.136
0.003
-0.024
0.056
-0.029
-0.086
-0.097
-0.011
-0.039
-0.119
-0.061
-0.06
-0.018
0.004
-0.065
-0.059
-0.109
-0.078
-0.039
-0.023
-0.016
0.014
-0.083
-0.017
-0.06
0.001
-0.06
-0.093
-0.079
-0.001
-0.054
-0.01
0.033
-0.024
-0.098
-0.054
-0.078
-0.027
-0.061
-0.115
-0.046
-0.043
-0.05
0.039
-0.03
-0.069
-0.007
0.048
-0.069
-0.042
-0.035
-0.038
-0.002
-0.04
-0.039
-0.092
-0.034
-0.081
-0.118
-0.046
0.014
-0.11
-0.051
0.029
-0.024
0.007
-0.035
-0.135
-0.022
-0.028
0.002
-0.069
-0.031
-0.06
-0.009
-0.029
0.016
-0.005
-0.004
-0.069
0.04
0.026
-0.054
-0.082
-0.015
-0.012
-0.037
0.079
-0.045
-0.051
0.018
-0.045
0.034
0.009
-0.021
-0.021
-0.05
0.089
-0.034
-0.07
-0.006
0.01
-0.074
-0.037
-0.036
-0.045
-0.025
-0.156
-0.08
-0.069
-0.089
-0.047
-0.057
0.018
-0.076
-0.021
0.007
-0.009
-0.012
-0.007
0.019
0.033
-0.042
-0.086
0.03
-0.053
-0.024
0.022
0.015
-0.052
-0.06
-0.004
-0.041
0.057
-0.056
-0.155
-0.014
0.043
-0.001
-0.065
-0.058
-0.034
0.012
-0.014
-0.007
-0.064
-0.087
-0.092
-0.007
-0.018
-0.027
-0.016
-0.013
-0.031
-0.004
-0.02
0.02
-0.045
-0.04
0.036
-0.082
0.085
-0.043
0.037
0.042
0.003
-0.102
-0.028
-0.044
0.003
0.012
-0.03
-0.021
-0.063
-0.099
-0.111
-0.077
-0.048
0.025
-0.062
0.004
0.03
0.007
-0.064
0.042
-0.046
0.028
0.06
-0.012
-0.011
-0.003
-0.053
-0.034
-0.052
-0.056
0.028
-0.034
-0.005
-0.1
-0.033
-0.038
-0.064
-0.058
-0.034
-0.059
0.062
-0.046
-0.032
-0.012
-0.011
-0.018
-0.045
-0.069
-0.1
-0.034
-0.03
-0.01
-0.011
-0.097
-0.081
0.036
-0.099
0.0
-0.064
-0.019
-0.023
0.06
-0.031
-0.124
-0.053
-0.054
-0.067
-0.145
-0.038
0.018
-0.042
-0.032
0.025
-0.036
-0.017
-0.057
-0.047
-0.085
-0.03
-0.062
-0.064
-0.069
-0.064
-0.059
-0.131
-0.028
-0.033
-0.043
-0.048
-0.019
-0.023
-0.018
0.014
-0.036
-0.045
-0.009
-0.055
-0.033
0.036
-0.003
-0.054
-0.007
-0.088
-0.071
-0.013
-0.01
-0.013
0.013
-0.1
-0.026
0.006
0.01
-0.056
-0.051
-0.033
-0.09
0.005
-0.044
-0.028
-0.032
0.016
-0.051
-0.04
-0.028
0.025
-0.006
-0.026
-0.142
0.07
-0.061
-0.009
-0.036
-0.085
-0.086
0.04
-0.082
-0.042
-0.035
0.013
0.039
0.022
0.007
-0.152
-0.031
0.008
0.014
0.076
-0.028
-0.089
0.03
-0.109
0.025
-0.093
-0.02
-0.048
-0.059
-0.082
0.008
-0.046
-0.074
-0.088
0.009
-0.067
0.037
-0.059
-0.019
0.02
-0.038
0.003
-0.085
0.005
0.005
-0.006
-0.04
-0.067
-0.031
-0.058
-0.027
-0.024
-0.09
0.037
-0.062
0.027
-0.081
-0.003
-0.024
-0.04
-0.001
-0.078
0.041
0.017
0.016
-0.033
-0.018
0.014
-0.048
0.011
-0.051
-0.102
-0.035
-0.004
-0.025
-0.025
0.029
0.013
0.028
-0.059
-0.02
0.051
-0.009
-0.064
-0.098
-0.076
-0.026
0.033
-0.047
-0.045
-0.122
-0.033
-0.036
-0.005
0.024
-0.041
-0.134
0.063
-0.001
0.047
-0.084
-0.036
0.002
0.013
-0.038
-0.032
-0.005
0.027
-0.068
-0.005
-0.116
-0.021
-0.012
0.013
-0.094
-0.094
-0.036
0.024
0.106
0.004
-0.019
0.016
-0.023
-0.024
-0.006
-0.025
-0.073
0.029
-0.04
-0.043
-0.004
-0.009
-0.061
-0.006
-0.062
-0.015
-0.098
0.04
0.003
0.01
-0.02
-0.014
0.01
-0.074
-0.02
-0.02
-0.082
-0.064
-0.069
-0.025
-0.007
-0.079
-0.043
-0.053
-0.109
-0.043
0.009
-0.087
-0.015
-0.039
-0.103
-0.072
0.006
-0.038
-0.046
-0.074
0.027
-0.046
0.001
-0.047
-0.058
-0.07
-0.058
-0.022
-0.071
-0.013
0.019
-0.051
-0.065
-0.093
-0.044
-0.057
-0.024
-0.004
-0.07
-0.035
-0.111
-0.085
-0.056
0.029
-0.008
-0.139
-0.007
-0.123
-0.112
0.012
0.001
0.009
0.024
-0.011
-0.031
-0.134
0.007
-0.055
-0.033
-0.133
-0.055
0.015
-0.049
-0.13
-0.104
-0.012
-0.076
-0.004
0.016
-0.063
-0.02
-0.033
-0.071
-0.054
-0.12
-0.087
-0.055
0.006
-0.009
-0.124
-0.051
0.03
-0.055
-0.07
-0.036
-0.038
0.087
-0.003
-0.017
-0.043
-0.062
-0.011
-0.097
-0.024
0.029
-0.08
-0.012
-0.045
-0.072
0.009
-0.022
-0.186
-0.077
-0.014
0.022
0.003
-0.108
-0.013
0.045
0.013
-0.011
-0.027
-0.047
-0.061
0.021
-0.081
-0.068
-0.121
0.032
-0.101
0.032
-0.04
-0.05
-0.099
0.076
-0.077
-0.062
-0.051
-0.051
-0.04
-0.088
-0.001
-0.027
-0.039
-0.106
-0.025
-0.112
0.015
-0.079
-0.078
-0.004
-0.074
-0.02
-0.097
0.019
0.002
-0.021
-0.061
-0.096
-0.02
0.02
-0.012
-0.021
-0.038
-0.042
-0.079
-0.004
-0.056
-0.102
-0.002
-0.036
-0.01
-0.005
0.003
-0.044
-0.052
-0.133
0.041
0.038
-0.031
0.011
-0.083
0.03
-0.04
0.045
-0.03
-0.079
-0.023
0.041
-0.108
-0.021
-0.066
-0.053
-0.051
0.009
-0.017
-0.098
-0.115
-0.039
-0.05
-0.112
0.07
-0.133
-0.022
-0.047
-0.058
0.059
-0.108
-0.086
0.021
-0.112
-0.074
-0.104
-0.096
0.026
-0.079
-0.097
-0.03
-0.043
-0.002
-0.064
-0.012
-0.038
0.026
-0.041
-0.049
-0.059
-0.051
-0.075
-0.051
-0.093
-0.116
-0.009
-0.049
-0.024
-0.053
-0.006
-0.052
-0.044
0.073
-0.078
-0.093
0.038
-0.044
-0.095
-0.097
0.106
0.023
-0.061
-0.025
-0.001
-0.086
0.03
-0.029
-0.059
-0.065
-0.027
-0.024
-0.048
-0.028
0.016
0.012
-0.002
0.025
-0.054
-0.048
-0.066
-0.052
-0.054
0.024
0.002
-0.011
-0.017
-0.042
0.019
-0.038
-0.034
-0.023
-0.008
-0.025
-0.089
0.015
0.024
0.031
-0.033
0.006
-0.025
-0.044
0.051
-0.118
-0.015
-0.028
-0.087
-0.029
-0.045
-0.018
-0.008
-0.013
-0.047
-0.075
-0.029
-0.056
-0.05
0.029
0.018
-0.003
0.013
-0.005
-0.042
0.013
-0.036
0.002
-0.057
-0.02
-0.096
0.042
-0.124
-0.006
0.058
-0.004
-0.025
-0.062
-0.025
-0.032
-0.031
0.022
-0.094
-0.031
-0.002
-0.029
-0.033
-0.052
-0.04
-0.038
-0.076
-0.069
0.022
-0.036
-0.071
-0.011
-0.055
-0.03
-0.1
-0.073
-0.029
0.001
0.019
-0.039
-0.072
-0.002
0.049
-0.079
0.028
-0.021
-0.07
0.037
0.0
-0.082
-0.079
-0.038
0.053
-0.132
0.013
0.057
-0.038
-0.017
0.053
-0.058
-0.013
0.015
0.04
0.066
-0.012
-0.061
-0.005
-0.002
-0.013
-0.05
-0.08
-0.025
-0.007
-0.116
-0.024
-0.061
-0.101
-0.023
-0.069
-0.097
-0.003
-0.033
-0.063
0.004
-0.093
-0.11
-0.091
-0.063
-0.044
-0.096
-0.039
0.044
-0.061
0.07
-0.027
-0.03
-0.003
-0.033
-0.056
-0.036
-0.043
0.003
-0.052
-0.027
-0.06
0.008
-0.12
-0.101
0.017
-0.049
-0.067
-0.035
-0.086
-0.06
-0.041
-0.073
0.032
0.029
-0.073
-0.014
-0.1
-0.037
-0.055
-0.001
-0.065
0.058
-0.01
0.051
-0.041
-0.063
-0.043
0.013
-0.062
-0.008
-0.053
-0.046
-0.054
-0.087
0.002
0.038
-0.065
-0.068
0.009
-0.063
-0.079
-0.012
-0.022
0.019
-0.023
0.028
-0.028
-0.004
-0.034
-0.079
-0.017
-0.066
0.005
0.037
-0.038
-0.028
-0.051
0.043
0.02
-0.037
-0.02
-0.114
0.016
-0.1
-0.141
0.013
-0.021
-0.022
-0.004
-0.047
-0.07
-0.044
0.005
-0.092
-0.076
-0.004
-0.037
-0.033
-0.014
0.033
-0.064
-0.047
-0.002
-0.056
-0.02
-0.032
-0.073
-0.082
-0.012
-0.024
-0.048
-0.016
-0.004
-0.001
-0.074
-0.129
-0.099
0.045
-0.062
-0.028
-0.111
-0.114
-0.072
-0.049
0.06
-0.008
-0.07
0.0
-0.059
-0.019
0.006
0.081
0.028
-0.06
0.017
0.025
-0.026
-0.128
-0.049
-0.009
-0.054
-0.012
-0.066
-0.039
0.026
0.002
-0.112
-0.082
0.049
-0.069
-0.073
0.039
-0.014
-0.044
-0.029
0.008
-0.029
0.009
0.009
-0.043
-0.029
-0.098
-0.03
0.018
-0.046
-0.007
0.016
0.029
-0.128
-0.039
-0.09
-0.026
-0.097
-0.078
-0.043
0.005
-0.038
-0.065
0.032
-0.035
-0.048
-0.015
0.043
-0.046
-0.037
-0.077
-0.029
-0.041
-0.07
-0.01
0.014
-0.073
-0.06
-0.033
-0.086
-0.05
0.081
0.026
-0.013
-0.021
-0.079
-0.097
0.0
-0.058
-0.032
-0.001
-0.028
-0.019
0.068
-0.059
-0.012
-0.059
-0.018
-0.022
-0.044
-0.084
-0.026
0.017
-0.061
-0.055
-0.029
-0.045
-0.033
0.005
-0.053
-0.051
-0.025
0.067
0.002
-0.013
-0.072
-0.055
-0.067
-0.014
-0.135
-0.023
-0.042
-0.063
-0.048
-0.069
-0.157
-0.052
-0.034
-0.057
-0.019
-0.073
-0.096
-0.067
-0.011
-0.121
0.022
-0.078
0.019
-0.07
-0.077
-0.056
-0.003
-0.064
-0.127
0.007
-0.037
-0.115
-0.03
-0.117
-0.054
-0.04
-0.063
-0.051
-0.044
-0.029
-0.03
-0.015
-0.022
-0.018
0.018
-0.003
-0.09
-0.021
-0.017
0.006
-0.034
-0.005
-0.065
-0.023
0.002
-0.063
-0.058
-0.035
-0.051
-0.074
-0.058
-0.027
-0.072
-0.043
-0.066
-0.029
-0.03
-0.041
-0.04
-0.013
0.009
-0.031
-0.041
-0.115
-0.034
0.025
-0.062
-0.032
-0.09
-0.022
-0.158
0.0
-0.096
0.042
0.001
0.013
-0.108
-0.071
-0.066
-0.018
-0.048
-0.037
-0.012
-0.041
-0.063
-0.043
-0.006
-0.079
-0.021
-0.116
-0.049
-0.089
-0.082
0.09
-0.05
-0.028
0.04
-0.05
0.01
0.012
-0.067
0.006
0.064
-0.059
-0.001
0.007
-0.027
-0.084
0.013
-0.015
-0.018
-0.037
-0.147
-0.008
0.031
-0.073
-0.149
-0.075
-0.028
-0.057
-0.087
0.005
-0.047
-0.089
-0.047
-0.009
0.11
-0.013
-0.03
-0.033
-0.006
-0.037
-0.081
-0.072
-0.034
0.005
-0.038
-0.103
-0.037
-0.069
-0.041
-0.095
-0.011
-0.079
0.007
-0.015
-0.041
0.033
0.03
-0.089
-0.047
-0.061
-0.047
-0.018
-0.009
-0.034
-0.115
-0.004
0.016
-0.11
-0.055
-0.019
0.026
-0.058
-0.047
-0.096
-0.068
0.018
0.012
-0.056
-0.021
-0.011
-0.004
-0.093
-0.081
-0.079
-0.067
-0.075
-0.043
-0.069
-0.065
-0.002
0.003
-0.03
-0.007
0.029
-0.069
-0.024
-0.166
-0.052
-0.025
-0.017
-0.005
-0.05
-0.067
-0.092
-0.067
-0.09
-0.072
-0.122
-0.068
-0.078
0.022
0.036
-0.07
-0.028
-0.042
-0.04
-0.051
0.037
-0.036
-0.022
-0.017
0.006
-0.072
-0.003
-0.093
-0.132
0.024
-0.031
-0.03
-0.098
0.039
-0.004
-0.104
-0.078
-0.027
0.031
0.022
-0.009
0.01
-0.012
-0.033
-0.004
0.021
-0.039
-0.041
-0.068
-0.017
-0.022
-0.01
-0.076
-0.009
-0.048
-0.083
-0.011
-0.008
-0.049
0.002
-0.024
-0.069
-0.064
-0.022
-0.069
-0.025
-0.004
-0.018
-0.059
-0.062
0.022
0.01
-0.025
0.01
-0.011
-0.058
-0.074
0.022
0.039
-0.145
-0.101
-0.041
-0.014
-0.078
-0.012
-0.068
0.018
-0.011
0.041
-0.059
-0.06
-0.018
-0.101
-0.079
-0.039
-0.036
-0.053
-0.085
-0.038
-0.096
-0.036
-0.042
0.008
-0.082
-0.062
-0.009
-0.07
0.001
-0.035
-0.052
-0.082
0.012
-0.067
-0.138
-0.091
0.046
0.057
-0.012
-0.044
-0.05
-0.021
-0.066
-0.056
-0.073
0.03
-0.036
0.001
-0.009
0.055
-0.007
-0.041
-0.021
-0.04
-0.015
-0.063
-0.022
-0.098
-0.087
-0.003
-0.005
-0.081
-0.104
-0.054
-0.083
-0.05
-0.041
-0.123
-0.026
-0.03
-0.068
-0.028
0.003
-0.016
-0.088
0.009
0.031
-0.065
-0.003
-0.101
0.014
-0.061
-0.132
-0.009
-0.006
0.016
-0.086
-0.012
-0.077
0.011
-0.088
-0.044
-0.002
0.06
-0.008
-0.008
-0.086
-0.089
-0.104
-0.071
0.003
-0.025
-0.007
-0.023
-0.043
-0.025
-0.043
-0.084
-0.034
-0.103
0.005
-0.043
-0.029
0.006
-0.016
-0.009
-0.085
-0.104
-0.064
0.083
-0.096
-0.03
-0.061
-0.004
0.017
-0.065
0.074
-0.033
-0.024
0.045
-0.047
-0.006
-0.038
-0.125
-0.11
-0.011
-0.026
-0.039
-0.027
0.051
0.071
-0.068
0.003
-0.063
0.046
-0.091
-0.094
-0.031
0.006
0.01
-0.005
-0.091
0.059
-0.045
-0.049
-0.013
0.004
-0.029
0.025
-0.017
-0.114
-0.055
-0.04
-0.012
-0.066
0.029
-0.026
-0.082
-0.021
-0.102
-0.092
-0.025
0.07
-0.039
-0.036
-0.002
-0.018
0.014
-0.057
0.019
0.001
-0.027
-0.066
-0.05
0.007
-0.068
-0.075
-0.025
-0.023
-0.056
-0.03
-0.082
-0.007
-0.053
-0.102
-0.014
-0.077
-0.031
-0.028
-0.121
-0.109
0.034
0.023
-0.037
0.029
0.05
-0.006
0.05
0.002
-0.079
-0.055
-0.052
-0.039
-0.086
-0.02
-0.087
-0.07
-0.022
-0.021
-0.014
-0.03
-0.026
-0.019
-0.055
-0.067
-0.065
-0.067
-0.001
-0.066
-0.041
0.039
0.064
-0.053
0.004
-0.05
-0.03
0.007
-0.061
0.026
-0.053
-0.114
-0.044
-0.021
-0.022
-0.094
0.025
-0.048
-0.067
0.011
-0.123
0.013
-0.029
-0.05
-0.053
-0.098
-0.037
0.058
-0.074
-0.03
-0.059
-0.024
-0.037
-0.106
-0.047
0.003
-0.022
-0.012
-0.032
-0.079
0.047
-0.066
-0.075
-0.043
-0.032
-0.035
-0.041
0.087
-0.099
-0.025
-0.013
-0.012
0.006
0.001
0.017
-0.037
0.003
-0.001
-0.017
-0.063
-0.028
-0.034
0.022
-0.019
-0.069
0.019
-0.06
-0.053
-0.071
-0.047
0.01
-0.091
-0.095
-0.005
-0.052
0.061
-0.015
-0.024
-0.031
-0.04
-0.108
-0.018
-0.007
-0.024
-0.103
-0.04
-0.064
0.001
-0.085
-0.044
-0.008
-0.109
-0.02
0.035
-0.064
-0.126
-0.088
-0.012
-0.041
0.01
-0.054
-0.026
-0.105
-0.049
0.045
-0.047
0.012
-0.086
-0.059
0.004
-0.066
-0.109
-0.016
-0.11
-0.035
-0.023
-0.084
-0.021
-0.053
-0.062
-0.076
-0.012
0.004
-0.045
0.005
0.028
-0.084
-0.016
-0.091
-0.075
-0.038
-0.05
-0.026
-0.036
-0.078
0.055
0.013
-0.023
-0.014
0.088
-0.016
-0.025
0.038
-0.004
-0.08
-0.034
-0.022
-0.002
0.038
0.002
-0.032
-0.069
-0.116
-0.051
-0.01
-0.061
-0.085
-0.064
0.045
-0.087
-0.05
-0.057
-0.035
0.006
-0.016
-0.066
-0.037
-0.043
-0.025
-0.068
0.058
-0.046
-0.093
-0.092
-0.018
-0.009
-0.044
-0.026
-0.057
0.008
-0.031
0.025
0.021
-0.024
-0.051
-0.075
-0.053
-0.025
-0.01
-0.059
-0.026
-0.011
-0.049
-0.069
0.018
-0.007
-0.058
-0.059
0.076
-0.044
-0.051
0.025
-0.053
-0.06
-0.038
0.006
-0.093
-0.074
-0.085
-0.132
-0.076
-0.109
-0.096
-0.081
-0.016
-0.04
-0.075
0.054
-0.072
-0.081
-0.045
-0.105
-0.001
-0.081
-0.077
0.011
-0.035
-0.099
-0.081
-0.116
-0.081
-0.073
-0.009
-0.01
-0.004
0.018
-0.005
-0.005
0.001
-0.081
-0.003
-0.093
-0.023
-0.017
0.02
0.005
0.008
-0.031
-0.08
0.009
-0.075
0.004
-0.093
0.014
-0.03
0.023
0.043
-0.001
-0.066
-0.016
-0.037
-0.134
-0.094
-0.11
0.016
-0.035
-0.046
-0.001
-0.025
-0.061
-0.039
0.007
-0.018
-0.047
0.043
-0.001
-0.068
-0.018
0.114
-0.082
-0.009
-0.026
-0.014
-0.019
-0.048
-0.113
0.009
-0.027
-0.054
-0.069
-0.071
-0.035
-0.013
0.041
-0.127
-0.026
-0.038
-0.084
-0.025
-0.071
-0.001
0.119
0.013
-0.057
-0.045
-0.057
-0.053
-0.022
-0.053
-0.067
-0.089
-0.047
-0.028
-0.022
-0.098
0.018
-0.017
-0.106
-0.071
-0.007
-0.076
0.022
-0.074
-0.058
-0.038
-0.05
-0.008
-0.079
0.01
-0.064
-0.058
-0.074
-0.072
0.03
-0.066
-0.093
-0.085
-0.078
-0.094
0.001
0.006
0.021
-0.042
-0.035
-0.015
-0.079
-0.052
0.026
-0.031
-0.074
-0.064
-0.047
-0.077
-0.075
-0.105
-0.064
-0.002
-0.075
-0.094
-0.08
0.004
0.011
-0.094
-0.098
-0.038
-0.045
-0.028
0.01
0.036
-0.033
-0.007
-0.015
-0.006
0.005
-0.068
-0.036
-0.02
-0.073
-0.045
-0.058
-0.099
-0.07
-0.004
0.033
-0.033
-0.069
-0.026
-0.073
0.01
-0.102
-0.057
-0.119
0.047
-0.065
0.011
0.013
-0.087
-0.062
-0.064
-0.016
0.028
0.046
-0.081
-0.057
-0.094
-0.089
0.021
-0.048
-0.04
-0.065
-0.056
-0.066
-0.044
-0.082
-0.031
-0.116
-0.097
-0.03
-0.028
-0.094
-0.042
-0.082
-0.161
-0.007
-0.04
0.016
-0.041
-0.044
-0.009
-0.101
0.016
-0.035
-0.041
-0.012
-0.093
0.009
-0.052
0.015
-0.016
0.029
0.02
-0.105
-0.016
-0.038
-0.012
-0.081
-0.015
-0.058
-0.084
-0.115
-0.039
-0.057
-0.062
-0.01
-0.025
-0.01
-0.041
-0.052
0.024
-0.042
-0.001
-0.07
-0.091
-0.077
-0.037
-0.124
0.014
-0.032
0.019
-0.07
-0.032
0.018
-0.031
-0.042
-0.041
0.049
-0.036
0.048
-0.06
-0.041
-0.001
0.069
-0.025
-0.001
-0.014
-0.037
0.006
-0.066
-0.02
-0.035
0.004
-0.02
-0.04
-0.001
0.047
0.038
-0.136
-0.121
-0.025
-0.024
-0.04
-0.009
0.073
-0.047
-0.111
-0.024
-0.053
-0.051
-0.081
0.011
0.0
-0.05
-0.031
-0.045
-0.129
-0.069
0.046
0.027
-0.044
0.062
-0.118
0.062
-0.077
-0.027
-0.059
-0.022
0.002
-0.077
-0.034
-0.003
-0.025
-0.036
-0.058
-0.003
-0.021
-0.041
0.008
-0.037
-0.054
0.021
-0.011
-0.048
0.062
0.007
-0.115
-0.056
-0.049
-0.122
-0.034
-0.071
-0.072
0.123
-0.006
-0.061
-0.027
0.01
-0.045
0.049
-0.036
-0.071
0.03
-0.021
0.01
-0.004
-0.006
0.025
-0.051
-0.088
0.03
0.022
-0.042
-0.077
0.022
-0.048
0.018
-0.149
0.037
-0.043
0.057
-0.032
-0.126
-0.047
-0.045
-0.105
-0.12
-0.034
-0.065
-0.024
0.025
-0.085
-0.066
-0.015
-0.014
-0.025
-0.007
-0.041
-0.084
-0.064
0.035
-0.055
-0.071
0.047
-0.037
0.021
-0.011
0.029
-0.011
0.047
-0.052
-0.064
0.022
-0.032
-0.027
-0.064
0.048
-0.024
-0.061
-0.091
-0.063
0.016
-0.014
-0.031
0.074
-0.072
0.048
-0.039
0.002
-0.02
-0.028
-0.014
0.032
-0.003
-0.009
0.028
-0.046
0.009
0.032
-0.066
0.0
-0.022
0.003
-0.087
-0.067
-0.086
-0.085
-0.067
-0.076
0.016
-0.035
-0.023
-0.071
0.007
-0.028
0.005
0.03
-0.04
-0.009
-0.058
-0.073
0.039
-0.059
0.01
0.012
-0.033
-0.056
-0.046
-0.003
-0.017
0.013
-0.054
-0.063
-0.016
-0.062
-0.13
-0.149
-0.023
-0.08
-0.114
-0.1
-0.044
0.004
-0.093
0.005
-0.133
-0.009
-0.087
-0.014
-0.076
-0.01
-0.071
0.08
-0.132
-0.027
-0.014
-0.036
-0.029
-0.145
-0.025
-0.108
-0.026
-0.05
-0.01
-0.054
-0.107
0.006
-0.111
-0.13
0.023
-0.021
-0.022
0.051
-0.04
-0.098
-0.082
0.025
0.005
-0.028
-0.064
-0.029
-0.017
-0.01
-0.013
0.033
-0.068
-0.008
-0.074
0.032
-0.053
0.049
-0.034
-0.006
-0.017
0.03
-0.065
-0.087
0.029
-0.12
-0.004
-0.017
-0.005
-0.013
0.021
-0.019
-0.052
0.039
-0.084
-0.072
-0.014
-0.086
-0.046
0.034
-0.007
-0.028
-0.063
-0.039
-0.079
0.008
-0.054
-0.05
-0.043
-0.032
-0.017
-0.012
-0.025
0.068
-0.03
-0.014
-0.026
-0.052
0.036
-0.024
-0.037
0.017
-0.041
0.062
-0.046
-0.076
0.012
0.012
-0.014
-0.094
-0.064
0.029
-0.091
-0.028
-0.021
0.057
-0.091
-0.005
-0.025
-0.081
0.026
0.023
0.001
-0.015
-0.027
0.018
-0.125
-0.012
-0.021
-0.104
-0.05
0.07
-0.068
0.033
-0.049
-0.014
-0.089
-0.088
-0.099
0.047
0.074
-0.069
0.059
-0.054
-0.025
-0.058
-0.007
-0.052
-0.039
-0.083
-0.024
-0.04
-0.02
-0.064
-0.01
0.002
0.045
0.006
-0.061
-0.053
-0.003
0.004
-0.118
-0.104
-0.028
-0.042
0.0
-0.097
0.003
-0.029
0.004
-0.008
-0.097
-0.071
-0.023
-0.012
-0.08
0.025
0.027
-0.044
-0.043
0.057
0.034
-0.074
-0.116
0.049
0.002
-0.081
-0.062
-0.02
-0.046
-0.004
-0.015
0.009
-0.092
-0.029
-0.092
-0.072
-0.092
-0.001
0.001
-0.055
0.021
-0.015
-0.046
-0.068
-0.037
-0.03
-0.035
-0.064
-0.081
-0.005
-0.059
0.027
-0.01
-0.044
-0.007
-0.128
0.007
-0.051
-0.112
-0.02
0.005
-0.076
-0.015
-0.012
-0.015
0.022
-0.061
-0.034
-0.073
-0.007
-0.083
-0.017
-0.017
-0.126
0.019
-0.078
0.05
0.046
-0.035
-0.038
-0.026
0.0
-0.069
-0.043
-0.03
0.072
-0.002
0.008
0.037
-0.074
-0.093
0.046
-0.008
0.053
-0.074
-0.007
-0.061
-0.017
0.0
-0.052
-0.061
-0.028
-0.01
-0.06
0.028
-0.006
-0.065
-0.017
0.026
0.031
-0.052
-0.043
-0.056
0.046
-0.088
-0.016
-0.01
-0.078
-0.112
-0.039
-0.077
-0.063
-0.035
-0.044
0.033
-0.102
0.004
-0.102
0.059
-0.122
-0.064
-0.118
-0.059
-0.012
-0.01
-0.028
-0.051
-0.002
-0.05
-0.086
-0.042
0.007
-0.005
-0.042
-0.061
-0.054
0.009
-0.007
-0.017
-0.032
0.002
-0.006
0.001
0.004
-0.033
-0.022
-0.019
0.032
-0.033
-0.062
-0.047
0.001
-0.053
-0.105
-0.023
-0.033
-0.038
-0.035
-0.059
-0.01
-0.145
0.037
-0.135
-0.139
-0.069
0.008
-0.009
-0.104
-0.027
-0.05
-0.014
-0.058
-0.054
0.007
-0.002
-0.071
0.012
-0.055
0.001
-0.087
-0.074
-0.01
0.008
-0.011
-0.054
-0.013
-0.019
-0.076
-0.092
-0.044
-0.038
-0.078
-0.025
-0.007
0.01
-0.072
0.024
-0.01
-0.118
0.048
-0.046
-0.044
-0.048
-0.027
0.011
-0.008
-0.03
-0.04
-0.085
-0.068
-0.107
-0.011
-0.064
0.091
0.007
-0.004
-0.091
0.008
0.032
-0.064
-0.02
0.085
-0.088
0.1
0.006
-0.039
-0.08
0.015
-0.024
-0.054
-0.011
-0.014
-0.047
-0.043
-0.045
-0.049
0.045
-0.058
-0.128
0.046
-0.048
0.091
-0.015
-0.047
0.048
-0.091
-0.045
-0.06
0.005
-0.039
-0.085
-0.037
-0.041
0.029
-0.036
-0.026
-0.03
0.027
-0.051
0.045
-0.079
-0.06
-0.088
0.017
-0.1
0.011
0.027
-0.008
-0.017
0.01
0.039
-0.001
-0.057
-0.005
0.007
-0.052
0.048
0.012
0.035
-0.024
-0.093
-0.006
-0.099
-0.022
-0.01
-0.04
-0.012
-0.026
0.036
-0.072
-0.053
-0.004
0.002
-0.11
-0.058
-0.013
-0.05
-0.03
-0.027
-0.001
-0.033
-0.024
-0.06
-0.076
-0.077
-0.004
-0.035
-0.034
-0.041
0.046
0.011
-0.085
-0.068
-0.019
-0.015
-0.099
-0.125
-0.009
-0.013
-0.067
-0.022
-0.069
-0.053
0.003
0.021
-0.124
-0.014
0.022
0.015
-0.018
0.006
-0.099
-0.013
0.035
-0.02
-0.028
-0.084
0.055
-0.053
-0.09
-0.068
-0.013
-0.075
-0.01
-0.031
0.061
-0.02
-0.009
-0.033
-0.02
-0.099
-0.026
-0.054
-0.059
-0.05
-0.011
-0.028
0.032
-0.026
-0.003
0.007
-0.051
-0.038
-0.009
-0.036
0.006
-0.04
-0.107
-0.083
-0.034
0.004
0.014
0.065
-0.014
-0.076
-0.022
-0.078
-0.028
-0.143
-0.046
-0.081
-0.05
0.028
-0.039
-0.097
0.016
-0.091
-0.094
-0.123
-0.04
-0.043
0.002
-0.05
0.044
-0.006
-0.096
-0.038
-0.076
-0.087
0.077
-0.045
-0.095
0.049
0.036
-0.039
-0.029
-0.048
-0.038
-0.029
-0.049
-0.055
-0.062
-0.018
-0.066
-0.002
-0.023
-0.061
-0.098
-0.015
-0.112
-0.067
-0.04
-0.029
-0.096
-0.021
-0.023
-0.047
-0.056
-0.041
-0.155
-0.051
-0.017
-0.024
-0.033
0.035
-0.075
0.044
-0.022
-0.111
0.004
0.04
-0.122
0.066
-0.003
-0.095
-0.035
-0.016
-0.066
0.022
-0.067
-0.074
-0.058
0.105
0.077
-0.007
-0.055
-0.042
-0.052
-0.075
0.014
-0.038
-0.006
-0.079
-0.106
-0.135
0.005
-0.045
-0.083
-0.093
-0.063
0.009
-0.036
-0.046
-0.072
-0.025
-0.123
-0.027
-0.03
0.046
-0.046
-0.004
-0.103
-0.084
0.016
-0.03
0.017
-0.022
-0.072
-0.027
-0.092
-0.098
-0.043
-0.121
-0.112
-0.087
-0.108
-0.037
0.011
-0.012
-0.024
-0.014
0.014
-0.07
-0.068
0.029
-0.019
-0.059
0.041
0.005
-0.105
-0.029
-0.067
-0.042
0.069
-0.001
-0.082
0.014
-0.005
-0.08
-0.031
-0.045
0.028
-0.01
-0.071
-0.005
-0.02
-0.022
-0.134
-0.131
-0.08
-0.089
0.0
-0.03
-0.094
-0.039
0.001
-0.013
-0.055
-0.065
-0.03
-0.071
-0.088
-0.025
-0.013
-0.061
-0.067
-0.01
-0.071
-0.003
-0.063
-0.068
-0.072
-0.05
-0.008
-0.078
-0.029
0.033
-0.032
-0.088
-0.025
-0.001
0.047
-0.057
-0.029
-0.041
-0.092
0.006
-0.017
-0.089
-0.095
-0.061
-0.036
-0.058
-0.064
-0.057
-0.114
-0.062
-0.045
-0.079
-0.06
-0.057
-0.021
-0.033
-0.09
-0.006
0.025
-0.094
-0.031
-0.117
-0.043
0.026
0.015
-0.081
0.003
-0.031
0.003
0.02
-0.075
-0.014
-0.027
-0.028
-0.105
0.051
-0.011
-0.081
-0.023
0.008
-0.057
-0.023
0.029
-0.036
0.022
-0.028
-0.012
0.026
-0.03
-0.026
-0.031
0.018
0.015
0.017
-0.042
-0.018
-0.082
-0.08
-0.026
-0.112
0.049
0.036
0.001
-0.066
0.002
0.019
-0.04
-0.047
-0.029
-0.035
0.0
-0.018
-0.055
-0.016
-0.065
0.04
-0.029
-0.028
-0.127
-0.035
-0.099
-0.054
-0.064
-0.016
-0.066
-0.116
-0.033
-0.035
-0.064
-0.074
-0.088
-0.037
-0.073
0.009
0.009
-0.062
-0.038
-0.001
-0.057
-0.047
0.071
0.002
0.02
-0.012
-0.102
-0.071
0.004
-0.052
-0.061
-0.028
-0.003
-0.026
0.059
-0.048
-0.026
-0.114
0.032
-0.091
-0.046
-0.024
-0.002
-0.024
-0.056
-0.038
-0.067
-0.094
0.035
-0.021
-0.009
-0.041
-0.037
0.016
0.009
-0.037
-0.042
0.023
-0.04
-0.019
-0.029
-0.048
0.061
0.048
0.007
-0.028
-0.026
-0.094
-0.027
-0.07
-0.041
-0.045
-0.026
-0.075
0.013
-0.019
-0.037
-0.095
-0.07
-0.065
0.021
-0.055
0.018
0.038
-0.083
-0.063
-0.057
-0.039
-0.066
-0.023
-0.042
0.039
-0.024
-0.081
-0.057
0.011
-0.09
-0.058
-0.049
-0.051
-0.02
-0.056
-0.049
-0.075
-0.089
-0.088
0.025
-0.024
0.08
-0.093
-0.041
-0.037
-0.034
-0.012
-0.073
-0.035
-0.016
-0.147
-0.003
-0.094
-0.078
-0.075
-0.026
-0.039
0.001
-0.061
-0.022
-0.07
-0.06
-0.083
0.013
-0.071
-0.072
0.019
0.0
0.007
-0.033
-0.049
-0.044
-0.089
0.047
-0.057
-0.012
0.024
-0.035
-0.071
-0.006
0.034
0.054
-0.078
-0.008
-0.072
-0.006
-0.016
0.004
-0.039
-0.031
-0.023
-0.008
0.056
-0.045
-0.076
-0.004
-0.012
0.095
-0.037
-0.015
-0.093
-0.008
-0.037
-0.109
-0.065
-0.015
0.02
-0.073
-0.024
-0.046
-0.061
-0.004
-0.018
-0.043
0.01
-0.045
-0.045
-0.021
0.015
-0.003
-0.021
-0.026
-0.073
-0.06
-0.095
-0.065
0.033
-0.099
-0.094
-0.053
-0.035
-0.032
-0.093
0.012
-0.036
-0.081
-0.076
-0.003
-0.043
-0.085
0.037
0.06
-0.02
-0.007
0.04
-0.057
0.013
-0.096
-0.074
-0.04
-0.038
-0.038
-0.174
-0.059
-0.099
-0.009
-0.043
-0.003
-0.029
0.033
0.031
-0.111
-0.058
-0.002
0.02
-0.082
-0.004
-0.031
-0.09
-0.055
0.024
-0.084
-0.114
-0.035
-0.032
-0.066
-0.034
-0.005
-0.038
-0.119
-0.063
-0.057
-0.064
-0.031
0.025
-0.001
-0.036
-0.037
-0.021
0.005
-0.131
-0.056
-0.026
-0.057
-0.072
-0.047
-0.052
-0.047
-0.104
-0.047
-0.012
-0.055
0.005
-0.028
-0.013
0.019
-0.022
-0.093
-0.06
0.033
-0.02
-0.071
-0.059
0.097
-0.116
-0.107
-0.047
-0.027
-0.008
0.003
-0.032
0.026
-0.094
-0.082
-0.053
0.026
-0.064
0.035
-0.019
-0.067
-0.069
-0.065
0.004
0.034
-0.079
-0.06
-0.01
-0.009
-0.068
-0.06
0.001
-0.007
0.064
-0.004
-0.014
0.008
-0.098
-0.034
-0.021
-0.093
0.02
0.012
-0.03
-0.045
-0.029
-0.089
-0.013
-0.001
-0.033
-0.031
0.022
-0.045
-0.044
-0.152
-0.105
-0.072
0.002
0.052
-0.008
0.005
0.015
-0.026
0.009
-0.072
-0.125
-0.067
0.019
-0.134
0.017
-0.028
0.002
-0.042
-0.003
0.056
-0.092
-0.107
0.047
0.0
-0.084
-0.012
-0.04
0.001
0.013
-0.031
-0.055
-0.002
-0.052
0.055
-0.083
-0.092
-0.02
-0.045
-0.068
-0.004
-0.043
-0.064
-0.027
-0.049
-0.028
-0.054
-0.091
-0.055
-0.061
-0.137
-0.009
-0.024
-0.005
-0.06
-0.114
0.008
-0.038
-0.038
0.029
-0.061
-0.006
0.001
0.023
-0.027
-0.015
-0.116
-0.103
-0.037
0.036
-0.086
-0.084
-0.073
-0.02
-0.011
-0.1
-0.072
-0.008
0.017
-0.03
-0.005
-0.088
-0.067
-0.061
-0.047
-0.112
0.004
-0.112
-0.022
-0.103
0.063
-0.017
-0.054
-0.07
-0.088
0.078
-0.04
-0.041
0.005
-0.026
-0.032
-0.086
0.035
-0.001
-0.033
-0.046
-0.053
-0.067
0.069
-0.03
-0.133
-0.073
-0.042
-0.02
0.033
-0.022
-0.098
0.052
0.025
-0.014
-0.05
0.054
-0.131
0.027
0.003
-0.008
0.066
0.017
-0.012
0.015
-0.03
0.008
-0.075
-0.048
-0.012
-0.051
-0.05
-0.02
-0.079
-0.086
-0.063
-0.066
-0.047
-0.017
-0.037
-0.067
-0.044
-0.152
-0.083
-0.022
-0.082
-0.038
-0.013
-0.008
-0.07
-0.104
-0.016
0.035
-0.007
0.01
-0.089
0.078
-0.086
0.013
-0.088
-0.031
-0.043
-0.086
-0.069
-0.034
0.044
-0.083
-0.064
-0.099
-0.11
-0.018
-0.034
0.039
0.029
0.027
-0.116
-0.043
-0.041
-0.059
0.054
0.062
-0.09
0.055
-0.055
-0.07
-0.12
-0.065
-0.044
-0.157
-0.055
-0.044
0.034
-0.034
-0.03
-0.052
-0.009
-0.13
-0.052
-0.058
0.002
0.02
-0.036
0.045
0.079
-0.002
-0.01
-0.054
-0.063
-0.041
-0.012
-0.044
-0.07
-0.018
0.02
-0.042
0.037
-0.021
-0.069
-0.068
-0.081
-0.08
0.013
-0.048
-0.066
-0.038
-0.086
0.013
0.051
0.041
0.027
0.059
0.018
-0.085
-0.069
-0.074
-0.067
-0.088
0.007
-0.054
0.003
-0.093
-0.024
-0.063
-0.096
0.029
-0.053
-0.064
0.022
-0.042
-0.047
0.051
-0.083
-0.007
-0.087
0.032
-0.044
-0.054
-0.011
-0.014
-0.108
-0.016
-0.138
-0.088
-0.076
-0.063
-0.066
0.001
-0.018
-0.023
-0.071
-0.008
-0.069
-0.129
0.004
-0.036
-0.07
0.03
-0.082
0.012
-0.035
-0.011
-0.055
-0.048
-0.063
-0.006
-0.087
-0.035
-0.106
-0.046
-0.076
-0.033
-0.008
-0.082
-0.001
-0.019
-0.016
-0.09
0.044
-0.014
-0.075
-0.009
-0.077
-0.002
-0.049
-0.038
-0.039
-0.086
-0.042
-0.006
0.036
0.006
-0.045
0.044
-0.089
-0.053
-0.051
-0.053
0.011
-0.015
-0.043
0.016
-0.093
-0.004
-0.008
0.004
-0.005
0.076
-0.03
-0.07
-0.073
-0.071
-0.063
-0.069
-0.09
-0.043
0.039
0.029
-0.053
-0.096
-0.024
-0.084
0.058
-0.014
0.006
-0.071
-0.037
-0.059
-0.051
-0.052
0.082
-0.027
-0.022
-0.06
0.06
-0.137
-0.052
-0.061
-0.088
-0.014
-0.03
0.004
-0.014
-0.04
-0.072
-0.029
0.029
-0.047
-0.018
-0.096
0.026
-0.075
-0.067
-0.059
-0.022
-0.079
-0.075
-0.016
-0.03
-0.064
-0.02
-0.077
-0.152
0.019
-0.037
0.023
-0.011
-0.088
-0.032
0.037
0.078
0.055
-0.13
0.018
-0.076
-0.091
-0.089
-0.122
-0.032
-0.028
-0.039
0.027
-0.09
-0.066
0.028
-0.093
-0.179
-0.054
-0.019
0.017
-0.059
-0.109
-0.003
0.01
-0.047
-0.002
-0.104
0.005
-0.009
-0.041
-0.103
-0.007
-0.1
-0.069
-0.12
0.009
-0.084
-0.076
-0.001
-0.048
-0.036
-0.029
-0.016
-0.063
-0.01
0.055
-0.063
-0.055
-0.031
-0.044
-0.096
-0.005
0.049
-0.025
-0.018
-0.016
-0.009
-0.002
-0.055
-0.02
-0.084
0.057
0.044
0.004
0.043
-0.002
-0.002
0.015
-0.048
0.026
-0.008
-0.054
0.03
0.0
0.031
-0.079
-0.051
-0.026
-0.039
-0.078
0.01
-0.028
0.004
0.036
-0.049
0.017
-0.087
-0.068
0.022
0.042
0.037
0.0
-0.027
-0.088
-0.062
-0.105
-0.016
-0.122
-0.058
-0.073
0.007
-0.102
-0.091
0.066
-0.096
-0.046
-0.111
-0.063
-0.055
-0.046
-0.055
-0.008
-0.042
-0.134
-0.015
0.012
0.001
-0.094
0.018
-0.029
-0.015
0.022
-0.002
0.014
-0.053
-0.117
-0.071
0.012
-0.052
-0.04
-0.026
-0.103
0.019
-0.049
-0.043
0.009
-0.044
0.0
-0.091
-0.135
0.017
-0.036
-0.017
-0.038
-0.028
-0.007
0.048
-0.009
-0.034
-0.009
-0.035
-0.019
0.014
0.008
0.073
-0.019
-0.006
-0.066
-0.038
-0.036
-0.03
-0.083
-0.079
-0.014
0.029
-0.077
-0.104
-0.095
0.031
-0.044
-0.084
-0.035
-0.054
0.009
-0.019
-0.071
-0.071
-0.073
-0.018
-0.075
-0.059
-0.096
-0.136
-0.021
-0.027
-0.123
-0.036
-0.094
-0.072
-0.111
-0.026
0.018
-0.057
-0.07
-0.042
-0.015
-0.038
-0.018
0.002
-0.027
0.024
0.021
0.084
0.061
0.02
0.044
0.005
-0.027
-0.047
-0.019
-0.105
-0.016
0.019
0.043
0.012
-0.066
-0.044
0.026
0.003
-0.004
-0.058
0.011
-0.049
0.003
-0.029
-0.034
-0.065
-0.024
-0.104
-0.052
-0.091
-0.065
-0.019
-0.012
-0.026
-0.004
-0.105
-0.04
-0.05
-0.036
-0.083
-0.074
-0.018
0.008
-0.118
-0.041
-0.098
0.021
-0.017
-0.097
0.043
-0.005
-0.114
0.001
-0.038
0.005
-0.054
0.023
-0.096
-0.043
-0.044
-0.013
-0.039
-0.037
-0.068
-0.041
-0.098
-0.102
-0.103
0.018
-0.003
-0.014
-0.081
-0.003
0.026
-0.081
0.059
-0.024
-0.003
-0.056
-0.011
0.007
-0.014
-0.105
-0.066
0.114
-0.02
-0.008
0.007
-0.018
0.007
-0.063
-0.021
0.102
-0.011
-0.036
0.008
-0.092
-0.029
0.025
-0.089
0.007
0.065
-0.049
-0.017
-0.027
0.03
-0.055
-0.046
-0.057
-0.119
-0.029
-0.12
-0.011
-0.104
0.01
-0.086
-0.041
-0.052
0.006
-0.042
-0.017
-0.102
-0.021
0.039
-0.052
-0.047
-0.018
0.006
-0.052
-0.048
-0.076
0.015
0.037
-0.03
-0.077
0.026
-0.053
-0.085
-0.049
-0.11
-0.02
-0.085
-0.114
-0.059
-0.037
0.037
-0.126
0.037
0.01
-0.018
0.009
-0.103
-0.062
-0.039
0.012
-0.063
-0.077
-0.027
-0.036
0.001
0.017
-0.063
0.029
-0.033
-0.057
-0.05
-0.027
0.046
-0.032
-0.032
-0.031
0.006
0.0
-0.051
-0.142
-0.065
-0.004
-0.055
-0.057
-0.104
0.034
-0.038
-0.007
-0.014
-0.04
-0.08
-0.012
-0.011
-0.062
-0.018
-0.076
-0.089
-0.073
0.003
0.014
0.011
0.016
-0.032
-0.035
-0.021
-0.004
0.013
-0.098
0.019
-0.06
0.07
-0.054
-0.008
-0.031
-0.001
-0.113
-0.047
-0.074
-0.086
-0.118
-0.167
-0.061
-0.107
-0.087
-0.08
-0.014
0.018
-0.07
-0.072
-0.073
-0.014
-0.074
-0.02
-0.061
-0.036
-0.116
-0.09
-0.007
-0.017
-0.025
-0.073
-0.018
-0.022
0.018
-0.03
0.028
-0.005
-0.056
0.003
-0.057
-0.046
0.008
-0.002
0.035
0.079
-0.034
0.04
-0.013
-0.116
0.052
-0.024
-0.055
-0.113
-0.041
-0.055
-0.057
-0.153
-0.039
-0.087
0.025
-0.067
0.038
-0.004
-0.089
-0.03
-0.059
0.024
-0.086
-0.001
-0.089
0.059
-0.058
0.033
-0.038
0.034
0.018
0.03
-0.047
-0.102
-0.027
0.022
-0.025
0.008
-0.07
-0.079
-0.017
-0.042
-0.062
-0.081
-0.079
-0.064
0.023
-0.008
-0.035
-0.021
-0.044
0.013
0.029
-0.026
-0.07
-0.14
-0.056
-0.109
-0.087
-0.052
-0.043
-0.033
-0.091
0.004
0.091
-0.039
-0.078
-0.073
0.049
-0.037
-0.026
-0.013
-0.128
-0.022
-0.084
-0.045
0.004
-0.047
-0.014
-0.025
0.019
-0.054
-0.008
0.018
-0.064
-0.063
-0.013
0.007
-0.08
-0.073
0.026
-0.048
-0.063
-0.005
-0.017
-0.081
0.029
-0.033
0.01
0.024
-0.049
-0.041
0.002
-0.107
0.006
0.015
0.02
-0.05
-0.024
-0.049
-0.055
-0.029
-0.004
0.027
-0.107
-0.055
-0.061
-0.025
-0.029
-0.003
0.005
0.011
-0.018
-0.032
-0.032
0.006
0.022
-0.067
-0.034
-0.042
0.02
-0.04
-0.06
-0.034
0.006
-0.079
-0.008
-0.089
-0.045
0.023
-0.032
-0.063
-0.126
-0.021
-0.052
-0.099
-0.026
-0.036
-0.005
-0.01
-0.039
0.006
-0.077
-0.052
-0.078
0.048
0.05
0.023
-0.055
-0.031
0.008
-0.007
0.016
-0.058
-0.016
-0.2
-0.019
-0.035
0.025
0.015
0.053
-0.045
0.01
-0.004
-0.034
0.023
0.024
-0.074
-0.001
-0.055
-0.038
-0.084
-0.026
-0.013
-0.017
0.005
0.034
-0.023
0.014
0.057
0.003
-0.069
-0.064
-0.116
-0.113
-0.048
-0.048
0.022
-0.042
-0.033
-0.003
-0.092
0.001
0.053
0.024
-0.094
-0.033
-0.01
-0.033
0.003
-0.042
-0.034
-0.065
-0.039
0.025
-0.067
-0.063
0.033
-0.006
-0.077
0.016
-0.032
-0.044
0.046
-0.077
0.055
-0.033
0.005
-0.029
0.002
0.005
-0.099
-0.094
-0.027
0.02
-0.046
-0.051
-0.047
-0.102
-0.013
-0.03
0.07
0.056
-0.034
-0.044
0.064
0.018
0.005
-0.043
-0.067
-0.041
-0.059
-0.003
-0.049
-0.022
-0.031
-0.004
-0.036
-0.019
-0.01
-0.012
0.043
-0.079
-0.044
0.033
-0.056
0.021
-0.025
0.001
0.023
-0.083
-0.015
-0.042
0.016
-0.044
-0.005
0.025
0.002
-0.092
-0.027
-0.129
-0.192
-0.073
-0.11
-0.006
-0.058
-0.017
0.004
-0.007
-0.106
-0.065
-0.114
0.016
-0.049
-0.082
-0.042
-0.043
-0.057
-0.066
-0.043
0.041
-0.019
-0.147
-0.063
-0.14
-0.054
-0.049
-0.026
-0.079
0.013
-0.028
-0.055
-0.056
0.084
0.006
-0.014
0.009
-0.028
-0.094
-0.028
0.0
-0.067
-0.038
0.031
-0.065
0.011
-0.023
-0.063
0.065
-0.063
-0.079
-0.02
-0.101
-0.055
-0.039
0.022
-0.069
-0.072
-0.045
-0.12
-0.041
0.002
-0.14
-0.068
0.01
0.002
-0.076
-0.084
-0.06
-0.085
-0.053
0.096
-0.02
-0.053
-0.102
-0.076
-0.047
-0.059
-0.029
-0.017
-0.011
-0.101
0.033
-0.05
-0.005
0.029
-0.038
-0.001
0.023
-0.057
-0.052
-0.025
0.003
-0.084
0.008
-0.092
0.071
-0.013
-0.041
-0.062
-0.04
-0.087
-0.003
-0.108
-0.011
-0.048
-0.046
0.015
-0.059
-0.078
-0.013
0.021
0.001
-0.075
-0.021
-0.022
-0.151
-0.01
-0.003
-0.062
-0.018
-0.004
-0.047
-0.054
0.043
-0.046
-0.095
-0.086
-0.086
-0.038
-0.091
-0.05
-0.039
-0.011
0.021
0.047
0.005
0.114
-0.051
-0.083
-0.007
-0.016
-0.027
-0.042
0.0
-0.015
-0.077
-0.038
0.023
-0.074
-0.051
0.018
-0.004
-0.028
0.046
0.024
-0.021
-0.075
-0.025
-0.135
-0.065
0.001
0.012
-0.023
0.079
-0.07
-0.02
-0.046
-0.076
0.022
-0.075
-0.025
-0.005
-0.044
-0.08
-0.015
-0.035
-0.036
-0.084
0.017
-0.025
0.075
-0.013
-0.07
-0.101
-0.023
-0.084
0.006
-0.014
-0.036
-0.062
-0.039
-0.069
-0.099
-0.041
-0.014
-0.061
-0.146
-0.084
-0.007
0.022
0.091
-0.08
-0.077
-0.085
0.012
-0.015
-0.086
-0.039
-0.051
-0.011
-0.046
-0.056
-0.059
-0.084
-0.074
-0.011
-0.076
-0.068
-0.067
0.003
0.041
-0.071
-0.002
-0.047
-0.042
-0.005
-0.038
-0.003
-0.07
-0.036
0.008
0.026
0.015
-0.052
-0.08
0.048
0.012
-0.012
-0.011
-0.022
-0.057
-0.022
-0.07
-0.046
0.042
-0.062
-0.001
-0.071
-0.069
-0.031
0.02
0.004
-0.057
-0.076
-0.01
-0.03
-0.067
-0.087
-0.02
-0.067
0.007
-0.069
-0.016
-0.08
-0.022
0.009
-0.043
0.051
-0.027
0.046
-0.044
0.029
-0.122
-0.057
-0.021
-0.05
-0.053
-0.049
-0.093
-0.086
-0.088
-0.137
-0.064
0.022
0.028
-0.035
-0.014
-0.015
0.059
-0.04
-0.027
-0.06
-0.048
-0.005
-0.017
-0.095
-0.08
-0.008
0.014
0.041
-0.062
-0.116
0.06
-0.053
-0.023
0.011
-0.046
0.056
-0.106
0.102
-0.001
-0.062
-0.049
0.0
-0.029
0.01
-0.072
0.01
-0.062
0.001
-0.063
-0.009
-0.011
-0.071
-0.066
-0.01
-0.028
-0.028
0.031
-0.044
-0.01
-0.065
-0.057
-0.004
-0.052
-0.049
-0.001
-0.009
-0.025
0.0
-0.024
-0.003
0.078
-0.072
-0.032
-0.039
-0.112
-0.036
-0.01
-0.066
-0.038
-0.01
0.032
-0.015
-0.011
0.003
0.058
0.046
-0.062
-0.061
-0.063
-0.036
-0.051
0.004
-0.029
-0.053
-0.042
-0.015
-0.046
-0.083
-0.032
-0.107
-0.125
0.022
-0.079
-0.015
-0.058
-0.016
0.02
-0.009
-0.116
0.007
0.022
-0.079
0.046
-0.062
-0.133
-0.009
0.002
-0.067
0.013
0.037
-0.013
0.034
0.004
-0.098
0.038
-0.078
-0.101
-0.058
-0.072
-0.019
-0.002
-0.04
-0.067
-0.021
-0.047
0.0
-0.063
-0.023
0.012
-0.037
-0.025
0.031
-0.1
-0.082
-0.124
-0.062
-0.071
-0.087
-0.072
0.048
-0.096
-0.016
-0.057
-0.057
-0.03
-0.065
-0.036
-0.002
-0.12
-0.116
0.056
-0.058
0.043
-0.045
-0.091
0.011
-0.045
0.005
-0.111
0.065
-0.04
-0.007
-0.052
-0.029
-0.051
-0.004
0.04
-0.085
-0.077
-0.072
-0.035
-0.046
-0.066
-0.07
0.035
-0.064
-0.104
-0.056
-0.028
0.026
-0.031
-0.11
-0.07
-0.102
-0.022
-0.105
0.035
0.007
-0.108
-0.067
0.044
-0.01
-0.057
-0.056
-0.017
-0.034
-0.044
-0.083
-0.064
0.024
0.003
-0.072
0.002
0.028
-0.018
-0.025
-0.072
-0.052
-0.07
-0.087
0.082
-0.037
0.018
0.003
-0.036
-0.079
0.035
-0.012
-0.084
-0.048
-0.04
-0.028
-0.04
0.042
-0.062
0.009
-0.005
-0.005
0.031
-0.016
0.029
0.003
-0.077
-0.085
-0.055
0.044
-0.044
-0.016
-0.051
-0.076
-0.048
0.018
-0.081
-0.039
0.007
-0.049
0.039
0.0
-0.025
-0.04
-0.047
0.006
0.024
-0.14
-0.034
-0.05
0.026
-0.022
-0.029
0.037
-0.051
-0.039
-0.077
-0.044
-0.011
0.017
0.028
-0.004
-0.007
0.042
-0.075
-0.095
-0.003
0.002
0.026
0.078
-0.017
0.016
-0.053
-0.028
-0.071
-0.097
-0.059
-0.069
-0.028
-0.069
-0.127
-0.076
-0.101
-0.035
0.046
0.014
-0.018
-0.046
-0.024
-0.019
0.005
0.011
0.065
-0.028
-0.008
-0.086
-0.069
-0.053
0.04
0.029
-0.047
0.101
-0.048
-0.002
0.022
-0.054
0.064
0.036
-0.081
-0.034
-0.081
-0.128
-0.012
-0.036
-0.059
-0.044
-0.011
-0.059
-0.046
-0.06
-0.096
-0.083
-0.012
-0.079
-0.008
-0.055
-0.003
-0.055
0.015
-0.031
-0.076
-0.041
-0.121
0.007
-0.063
-0.05
0.014
0.0
-0.063
-0.098
0.069
-0.074
-0.069
-0.044
-0.084
-0.015
0.044
-0.047
-0.094
-0.026
-0.051
-0.012
-0.057
-0.098
-0.019
0.017
-0.023
-0.076
-0.033
-0.001
-0.058
-0.052
0.003
0.025
-0.085
0.0
-0.038
-0.06
-0.03
-0.048
0.043
-0.054
-0.039
-0.016
-0.081
-0.069
0.036
-0.013
0.054
-0.02
-0.004
-0.028
-0.078
-0.029
0.064
-0.052
-0.019
-0.091
-0.07
0.055
-0.094
-0.086
0.012
-0.022
-0.054
-0.031
-0.09
-0.066
0.018
-0.044
-0.093
-0.046
-0.012
-0.108
-0.049
-0.022
-0.01
0.017
-0.011
-0.097
0.022
-0.127
-0.013
-0.01
-0.07
-0.098
0.03
-0.06
-0.093
-0.02
-0.026
-0.066
0.01
-0.044
-0.043
-0.039
0.009
-0.07
0.052
0.0
0.012
-0.003
-0.049
-0.041
-0.038
-0.09
-0.061
-0.058
-0.045
0.04
-0.077
-0.08
-0.001
-0.025
0.025
0.042
-0.089
0.032
0.011
-0.053
-0.064
-0.042
-0.008
-0.053
-0.031
-0.036
-0.013
0.01
0.062
0.014
-0.08
0.013
0.09
-0.08
-0.088
-0.071
-0.096
-0.03
0.01
-0.058
-0.079
0.047
-0.086
-0.045
-0.018
0.027
-0.034
-0.047
0.021
0.003
-0.076
-0.092
-0.122
-0.008
-0.081
-0.04
-0.01
-0.003
-0.128
-0.039
0.006
-0.069
-0.047
0.008
-0.147
-0.035
-0.011
-0.145
-0.017
-0.026
-0.036
0.023
-0.028
-0.009
0.112
-0.025
-0.034
-0.033
-0.068
-0.039
-0.027
-0.104
-0.148
-0.123
0.037
-0.038
-0.036
-0.024
-0.016
-0.043
-0.077
0.02
-0.072
-0.041
-0.04
-0.054
0.041
0.015
0.082
-0.007
0.079
-0.037
0.072
-0.016
-0.114
0.057
0.014
-0.078
-0.033
-0.07
0.03
-0.082
-0.053
0.109
-0.049
-0.072
-0.022
-0.026
-0.029
-0.035
-0.074
-0.128
-0.094
0.067
-0.135
-0.043
-0.085
-0.028
0.067
-0.079
-0.014
-0.062
-0.135
-0.002
-0.023
-0.084
-0.036
0.042
0.025
-0.034
-0.042
-0.01
0.004
-0.015
0.05
-0.077
0.008
0.008
-0.038
-0.053
-0.035
-0.01
-0.084
-0.072
-0.05
-0.03
0.002
0.005
-0.046
0.037
-0.048
-0.074
-0.026
-0.052
-0.032
-0.055
-0.006
-0.1
-0.078
-0.115
0.013
-0.05
-0.093
-0.025
-0.039
0.034
0.013
0.004
-0.087
0.003
-0.06
-0.136
0.027
-0.063
-0.115
0.001
0.012
-0.003
-0.124
-0.049
-0.066
-0.071
-0.047
-0.04
-0.049
-0.04
-0.143
-0.043
-0.043
-0.054
-0.002
0.073
-0.023
-0.023
-0.042
-0.004
-0.043
-0.016
-0.029
-0.036
0.01
-0.093
0.033
-0.041
-0.02
-0.054
0.006
-0.076
-0.002
-0.009
-0.128
-0.05
-0.03
-0.061
0.005
-0.049
-0.104
-0.053
-0.033
-0.041
-0.005
-0.121
-0.062
-0.035
-0.022
-0.008
-0.034
-0.071
0.05
-0.036
-0.075
-0.034
-0.033
0.017
-0.059
-0.048
-0.051
0.011
-0.101
-0.011
0.008
0.006
-0.007
0.002
-0.034
-0.066
-0.076
-0.025
-0.028
-0.067
0.006
-0.07
-0.123
-0.074
-0.022
-0.058
-0.088
-0.082
-0.062
-0.081
-0.022
-0.035
-0.049
-0.036
0.046
-0.019
-0.077
0.017
-0.002
0.016
-0.11
-0.059
-0.109
-0.086
-0.019
-0.048
0.012
-0.049
-0.033
-0.009
-0.031
-0.031
-0.085
-0.082
0.023
0.013
-0.04
0.037
0.008
0.007
-0.08
0.035
-0.05
0.038
-0.006
-0.009
0.002
-0.062
-0.036
-0.084
-0.031
-0.036
0.001
-0.104
-0.09
0.006
-0.104
-0.057
-0.045
0.015
-0.043
0.014
-0.047
-0.047
-0.125
0.012
-0.026
0.015
-0.02
-0.032
-0.096
-0.069
-0.048
0.012
-0.014
0.033
-0.025
0.031
-0.01
-0.051
-0.002
-0.083
0.02
-0.085
0.008
-0.047
0.057
-0.069
-0.068
-0.059
0.018
-0.067
-0.039
0.015
-0.061
-0.08
0.006
-0.103
0.01
0.01
0.045
-0.037
-0.093
-0.02
0.016
0.004
-0.048
-0.04
-0.039
-0.002
-0.077
-0.049
-0.033
0.023
-0.156
-0.037
-0.07
-0.042
-0.071
-0.005
0.03
-0.029
-0.061
0.08
-0.011
-0.022
-0.082
0.019
-0.051
-0.063
0.004
-0.024
-0.145
0.057
-0.003
-0.025
-0.086
0.014
-0.05
-0.096
-0.049
-0.004
-0.011
0.04
-0.015
-0.136
0.035
-0.034
-0.068
-0.016
0.015
-0.11
-0.033
-0.065
-0.03
0.03
0.022
-0.088
-0.047
-0.029
0.013
0.05
-0.086
-0.092
0.039
-0.018
-0.106
0.0
-0.054
-0.076
-0.012
-0.022
0.021
0.003
-0.023
-0.041
-0.042
0.058
-0.022
0.013
-0.041
0.061
-0.014
-0.008
-0.052
0.045
-0.103
0.057
-0.012
-0.042
-0.096
-0.032
-0.023
-0.081
-0.046
-0.085
-0.059
-0.024
-0.016
-0.002
-0.025
0.087
-0.019
-0.005
0.059
-0.025
-0.044
-0.079
-0.105
-0.036
-0.006
-0.082
0.015
-0.077
-0.025
-0.021
0.009
-0.054
-0.074
0.001
-0.132
-0.058
-0.042
-0.109
-0.073
-0.003
-0.058
-0.038
-0.03
-0.066
0.026
-0.009
-0.008
-0.051
0.033
0.024
0.013
-0.048
-0.035
-0.026
0.005
0.007
-0.015
-0.053
-0.014
-0.032
-0.1
-0.057
-0.066
0.012
-0.022
-0.023
-0.071
-0.069
0.04
0.049
-0.024
-0.048
0.004
-0.086
-0.128
0.061
-0.072
-0.023
-0.003
-0.041
-0.069
-0.087
-0.085
-0.06
-0.041
-0.028
0.034
-0.038
-0.016
-0.107
0.072
0.034
-0.023
0.001
-0.039
0.023
-0.05
-0.004
-0.094
-0.1
-0.013
-0.054
-0.06
-0.014
0.004
0.01
0.019
-0.09
-0.069
-0.029
-0.111
-0.028
-0.121
-0.119
0.033
0.03
-0.021
-0.081
0.025
0.021
0.06
-0.175
0.041
0.036
-0.012
-0.122
-0.024
-0.056
0.0
-0.115
-0.035
-0.095
-0.114
-0.065
-0.032
-0.015
-0.083
-0.017
-0.038
-0.023
-0.028
-0.066
-0.071
-0.066
0.031
0.013
-0.016
0.0
-0.127
-0.006
-0.079
-0.103
-0.005
-0.033
-0.042
-0.015
-0.056
-0.031
-0.052
-0.022
-0.072
-0.057
-0.067
-0.12
0.019
-0.091
-0.049
0.002
-0.039
0.078
-0.023
-0.035
-0.059
0.047
-0.056
-0.017
0.02
-0.077
-0.043
-0.054
-0.063
-0.11
-0.016
0.104
-0.007
-0.034
-0.025
0.009
-0.062
-0.079
0.033
-0.031
-0.001
-0.033
0.013
-0.028
-0.059
0.018
-0.055
-0.072
-0.042
-0.043
-0.025
-0.069
-0.041
-0.047
0.002
-0.032
0.058
-0.021
0.024
-0.018
-0.079
-0.032
-0.021
-0.071
0.025
-0.033
0.024
-0.012
-0.03
-0.026
-0.059
-0.021
-0.114
-0.045
-0.086
0.065
-0.022
0.025
-0.045
-0.027
-0.114
-0.103
-0.006
-0.05
0.038
0.014
0.047
0.02
-0.043
-0.105
0.022
-0.045
-0.072
-0.068
-0.116
-0.077
-0.09
-0.038
0.01
-0.001
-0.03
0.042
-0.016
-0.098
0.032
-0.063
-0.04
-0.009
-0.017
0.027
-0.002
-0.032
-0.067
-0.012
-0.084
-0.005
-0.05
-0.039
0.002
-0.118
-0.014
-0.075
-0.023
-0.021
-0.077
0.02
-0.041
0.032
-0.02
-0.026
0.045
-0.106
-0.092
0.03
-0.143
-0.034
-0.014
-0.028
-0.067
-0.055
-0.089
-0.045
-0.058
-0.085
-0.114
0.032
0.022
-0.005
-0.012
-0.036
-0.003
-0.003
-0.105
-0.09
-0.027
-0.062
-0.039
-0.023
-0.019
-0.007
-0.042
-0.128
0.02
-0.02
-0.009
-0.088
-0.05
-0.008
0.07
-0.065
-0.011
-0.027
-0.055
-0.03
0.019
-0.048
-0.095
-0.082
-0.099
0.001
-0.052
-0.029
-0.01
-0.086
-0.098
-0.031
-0.042
0.028
-0.097
-0.079
0.032
-0.089
-0.068
-0.057
-0.101
-0.012
-0.074
0.002
0.009
-0.147
-0.147
-0.02
0.046
-0.031
-0.052
-0.064
0.008
-0.058
-0.056
-0.042
-0.088
0.016
-0.001
0.007
-0.025
-0.127
-0.051
-0.007
-0.135
-0.054
-0.061
-0.025
-0.046
-0.064
-0.018
0.025
-0.052
-0.032
0.032
0.016
-0.103
-0.09
-0.08
0.013
0.079
-0.122
-0.052
-0.048
-0.074
-0.054
-0.002
-0.104
0.013
-0.023
-0.042
-0.045
-0.014
0.065
-0.013
0.008
-0.088
0.028
-0.058
0.053
-0.009
0.05
0.015
0.001
-0.104
-0.054
0.007
-0.049
-0.014
-0.054
-0.008
-0.039
-0.065
-0.038
-0.028
-0.059
0.004
0.003
-0.015
-0.085
-0.172
-0.058
-0.021
0.001
-0.027
0.021
-0.089
-0.103
-0.015
-0.07
-0.088
0.069
-0.054
-0.004
0.003
-0.055
-0.015
-0.091
0.022
0.001
-0.011
0.004
0.04
-0.097
0.018
0.008
-0.049
0.003
-0.016
0.016
-0.023
-0.033
0.002
-0.055
0.0
-0.073
-0.073
-0.022
-0.074
0.016
-0.016
-0.05
-0.057
-0.041
-0.104
0.023
-0.047
-0.041
-0.026
-0.012
-0.089
0.011
0.004
-0.083
-0.023
-0.023
-0.029
-0.029
-0.052
-0.075
-0.084
-0.017
0.021
-0.084
-0.014
-0.015
-0.019
-0.054
-0.012
-0.083
-0.056
-0.007
-0.122
0.002
-0.09
0.01
-0.077
-0.024
-0.108
-0.07
-0.035
-0.072
0.003
-0.038
0.024
-0.011
-0.017
-0.012
0.014
-0.013
-0.037
0.01
-0.065
-0.054
-0.044
-0.055
-0.098
-0.06
-0.05
-0.096
-0.002
-0.005
0.018
-0.055
-0.055
-0.101
-0.085
-0.051
-0.08
-0.041
-0.039
-0.066
-0.037
-0.077
0.113
-0.006
-0.054
-0.152
-0.05
-0.098
-0.03
0.023
-0.079
-0.06
-0.073
-0.021
0.014
-0.053
-0.108
-0.115
-0.046
-0.091
-0.044
-0.022
0.029
0.016
0.019
-0.007
-0.029
-0.048
-0.004
-0.032
-0.033
-0.091
0.016
-0.015
-0.08
-0.064
-0.073
-0.031
-0.022
0.011
-0.007
0.019
-0.082
0.08
0.0
-0.041
-0.051
-0.091
-0.046
-0.073
-0.048
-0.086
0.007
-0.058
-0.053
-0.055
-0.063
0.036
-0.053
-0.021
0.016
-0.021
-0.039
-0.049
0.005
-0.039
-0.119
-0.046
-0.02
-0.073
-0.038
-0.056
-0.003
-0.094
-0.039
-0.054
-0.105
-0.094
-0.032
0.01
-0.046
0.055
-0.083
-0.029
-0.067
-0.072
0.026
-0.04
-0.018
0.017
-0.018
-0.028
-0.031
0.008
0.017
-0.052
-0.083
-0.053
0.026
-0.051
-0.03
-0.032
-0.003
-0.041
-0.002
-0.005
0.005
-0.055
-0.034
0.026
-0.054
0.009
0.024
-0.04
-0.027
0.008
0.009
-0.027
0.009
-0.037
0.021
0.005
-0.005
-0.013
-0.09
-0.064
-0.067
-0.046
-0.04
-0.015
-0.029
-0.064
-0.078
0.029
-0.104
-0.011
-0.015
0.002
-0.048
-0.064
0.0
-0.103
-0.111
-0.051
-0.061
-0.047
-0.03
0.031
0.011
-0.066
-0.096
-0.065
-0.002
-0.011
-0.045
-0.046
-0.015
-0.093
-0.054
0.008
-0.059
-0.073
-0.029
-0.019
0.026
-0.105
-0.016
-0.034
-0.048
0.011
-0.082
-0.008
0.037
-0.033
-0.115
-0.117
0.044
-0.063
-0.089
-0.153
-0.031
0.049
-0.039
-0.064
-0.014
-0.104
0.037
-0.025
-0.087
0.008
-0.035
-0.099
0.018
-0.105
-0.009
0.002
-0.004
-0.017
-0.006
-0.082
-0.069
-0.006
-0.053
0.027
0.008
-0.042
-0.098
-0.014
-0.108
0.104
0.005
-0.049
-0.052
-0.067
-0.065
-0.068
-0.118
-0.061
0.028
-0.084
-0.013
-0.008
0.063
-0.113
-0.028
-0.065
0.082
0.028
0.059
-0.062
-0.074
-0.035
-0.042
0.033
0.084
-0.047
0.033
0.038
0.019
-0.026
0.054
0.076
-0.106
-0.101
-0.051
-0.007
-0.056
-0.092
-0.057
-0.002
-0.091
0.035
-0.012
-0.006
0.008
0.052
0.065
-0.036
-0.015
-0.059
-0.064
-0.035
0.02
-0.044
-0.038
-0.022
-0.005
-0.043
-0.103
-0.011
0.016
-0.124
-0.032
-0.101
0.069
-0.042
-0.049
-0.074
0.003
-0.075
-0.042
-0.068
-0.134
-0.078
-0.039
-0.054
0.026
0.023
-0.024
-0.011
-0.04
-0.01
-0.074
-0.034
0.02
-0.104
0.027
0.025
-0.026
-0.045
-0.067
-0.023
-0.039
-0.035
-0.037
-0.06
-0.025
0.002
-0.044
-0.035
-0.016
-0.073
-0.039
-0.011
-0.096
-0.113
-0.07
0.014
0.04
0.046
0.0
-0.014
-0.043
-0.018
0.018
0.023
-0.014
0.02
0.022
-0.065
-0.006
-0.08
-0.08
-0.101
-0.033
-0.025
0.029
-0.09
-0.093
0.038
0.023
-0.037
-0.092
-0.081
-0.041
0.03
-0.072
-0.017
-0.066
0.034
-0.051
0.031
-0.04
-0.014
0.043
-0.127
-0.067
-0.008
0.023
-0.006
-0.111
-0.041
-0.073
0.037
-0.001
-0.056
-0.034
-0.056
-0.002
0.013
-0.065
0.03
-0.051
-0.01
-0.068
-0.106
0.007
0.014
-0.071
-0.089
-0.037
0.003
-0.018
-0.008
-0.05
-0.145
0.016
-0.038
-0.064
-0.096
0.042
0.023
-0.122
-0.05
-0.096
-0.057
-0.085
-0.003
-0.013
-0.052
-0.008
0.047
-0.078
-0.073
-0.019
0.03
-0.011
-0.031
-0.043
-0.037
-0.076
-0.01
-0.07
-0.048
0.01
-0.002
-0.054
-0.013
0.027
-0.065
0.028
0.019
0.047
-0.03
-0.007
-0.027
-0.064
-0.049
-0.089
-0.063
-0.024
0.024
-0.087
0.026
-0.009
-0.041
-0.1
-0.078
0.024
-0.001
-0.015
-0.078
-0.118
-0.047
-0.107
-0.07
-0.014
-0.032
-0.034
-0.008
-0.074
-0.012
-0.055
-0.039
0.008
0.018
-0.025
-0.022
0.008
-0.012
-0.065
-0.019
-0.065
-0.013
-0.046
-0.055
-0.065
-0.1
-0.014
-0.043
-0.051
0.053
-0.092
0.019
0.009
0.04
-0.037
-0.001
-0.053
-0.017
-0.059
-0.03
-0.083
-0.059
0.009
-0.021
-0.111
0.005
0.054
-0.037
-0.006
-0.037
-0.192
-0.043
0.039
0.012
-0.069
0.024
0.057
-0.096
-0.054
-0.05
-0.035
-0.038
-0.085
0.047
-0.03
-0.008
0.093
0.013
-0.01
-0.009
-0.081
-0.071
-0.085
-0.06
-0.025
0.018
-0.003
-0.089
-0.101
-0.025
0.036
-0.012
-0.069
-0.027
-0.031
0.022
0.018
-0.07
-0.038
0.002
-0.027
-0.039
0.037
-0.005
-0.034
-0.077
-0.084
0.083
0.032
-0.011
-0.122
-0.007
-0.041
-0.001
0.035
-0.089
-0.058
-0.039
-0.024
-0.093
-0.114
-0.075
-0.01
-0.065
-0.008
-0.051
-0.027
-0.039
-0.019
0.036
0.013
-0.025
-0.056
-0.031
-0.017
-0.029
-0.127
-0.095
-0.012
-0.075
-0.104
-0.06
0.004
0.038
-0.056
-0.037
-0.097
-0.116
-0.097
0.022
-0.086
-0.107
0.105
-0.058
-0.056
-0.031
-0.009
-0.102
-0.02
0.039
-0.101
-0.033
0.017
-0.05
-0.096
-0.042
-0.035
0.008
0.012
0.019
-0.082
-0.011
-0.033
-0.04
-0.071
-0.022
-0.002
-0.039
-0.014
0.052
-0.002
-0.077
0.018
-0.034
0.018
-0.045
-0.021
-0.002
0.011
-0.067
-0.12
-0.031
-0.047
-0.029
0.013
-0.112
-0.019
-0.113
0.009
-0.04
-0.064
-0.054
-0.082
-0.08
-0.041
-0.034
0.005
-0.086
-0.051
-0.127
0.065
-0.123
-0.078
0.053
0.04
-0.011
-0.046
0.012
0.022
-0.036
-0.122
0.048
-0.102
-0.032
-0.066
-0.044
-0.046
-0.051
-0.004
-0.052
0.028
-0.053
0.01
0.03
-0.034
-0.051
-0.08
-0.061
-0.089
0.005
-0.052
-0.018
-0.034
0.015
0.003
-0.022
0.001
-0.071
-0.062
-0.004
0.002
-0.06
0.01
-0.069
-0.08
-0.078
-0.009
-0.01
0.021
-0.037
-0.01
0.023
-0.047
-0.019
-0.006
-0.051
-0.074
-0.026
-0.039
0.072
-0.056
-0.079
-0.013
-0.089
-0.019
-0.004
0.019
-0.02
-0.02
0.019
-0.061
-0.001
-0.074
-0.08
-0.019
0.01
-0.055
-0.015
-0.041
-0.039
-0.012
0.004
-0.001
-0.071
-0.066
-0.028
-0.007
-0.037
-0.003
-0.018
-0.048
-0.092
-0.063
-0.006
-0.051
0.029
0.005
-0.073
-0.063
-0.004
0.034
-0.068
-0.086
-0.031
-0.008
-0.004
-0.097
-0.027
-0.033
-0.034
0.014
-0.084
-0.055
-0.005
-0.012
-0.004
-0.012
-0.012
-0.019
-0.092
-0.025
-0.099
-0.038
-0.098
-0.083
-0.042
-0.026
-0.057
-0.11
0.0
-0.063
0.003
-0.056
-0.107
-0.094
-0.142
-0.04
-0.087
-0.043
-0.042
-0.066
0.049
-0.032
-0.043
-0.101
-0.052
-0.016
-0.1
-0.003
-0.063
-0.026
-0.065
-0.06
-0.064
0.013
-0.077
-0.003
-0.049
-0.005
-0.034
-0.053
0.017
-0.006
-0.085
-0.042
-0.114
-0.114
-0.064
-0.029
0.002
-0.077
-0.069
-0.042
0.028
0.019
-0.077
-0.056
-0.031
-0.012
-0.059
-0.051
-0.027
-0.062
-0.039
-0.046
-0.001
-0.027
-0.059
-0.032
-0.012
-0.069
0.039
-0.105
-0.002
-0.059
0.066
-0.011
-0.109
-0.037
-0.057
-0.064
0.045
-0.061
-0.1
-0.055
-0.065
0.032
-0.074
-0.075
-0.161
-0.029
-0.05
-0.032
-0.046
-0.05
-0.004
-0.009
-0.061
0.0
-0.074
-0.05
-0.031
-0.047
-0.058
-0.111
0.003
0.006
-0.035
0.004
-0.111
-0.001
0.01
-0.064
-0.053
0.052
-0.022
-0.079
-0.051
-0.05
-0.06
-0.069
0.038
-0.066
-0.086
-0.069
-0.011
-0.101
-0.031
-0.065
-0.108
-0.121
-0.039
-0.039
-0.089
-0.07
0.061
0.023
0.087
-0.106
-0.009
-0.11
-0.094
-0.077
0.013
-0.095
-0.104
-0.058
0.032
-0.002
-0.047
-0.046
-0.035
-0.044
-0.061
-0.096
-0.099
-0.025
-0.007
-0.039
0.034
-0.04
-0.023
-0.056
0.063
-0.162
-0.07
-0.047
-0.06
0.026
-0.057
-0.046
0.018
0.017
0.055
-0.073
0.032
-0.059
0.016
-0.007
0.026
-0.013
-0.027
-0.114
-0.088
-0.046
0.019
-0.085
-0.039
0.035
-0.054
-0.094
-0.155
-0.071
-0.101
-0.026
-0.057
0.005
0.035
-0.004
-0.063
0.05
0.052
0.037
0.022
-0.032
-0.032
-0.065
-0.069
-0.082
-0.022
0.01
-0.028
0.027
0.003
-0.051
-0.056
-0.015
-0.112
-0.018
-0.003
-0.039
-0.025
-0.098
0.027
-0.103
-0.045
-0.048
-0.08
0.054
0.028
-0.112
0.018
-0.013
-0.014
-0.11
-0.073
-0.119
0.007
0.107
-0.052
0.039
-0.018
-0.045
-0.03
-0.095
0.009
-0.107
-0.003
-0.056
0.002
0.016
0.061
-0.063
0.008
0.004
-0.016
0.008
-0.053
-0.025
0.037
-0.057
-0.038
-0.024
-0.022
-0.067
0.016
-0.02
-0.012
-0.09
-0.041
0.025
0.018
0.01
-0.018
-0.024
-0.057
-0.021
-0.079
-0.03
-0.103
-0.037
0.012
-0.001
-0.087
0.076
-0.054
-0.08
-0.057
-0.017
-0.026
-0.029
-0.034
-0.018
-0.027
-0.03
-0.052
-0.075
-0.06
0.016
-0.009
-0.1
-0.059
0.003
-0.075
-0.042
-0.058
-0.079
-0.06
-0.075
0.004
-0.079
-0.019
-0.041
-0.08
0.001
0.039
0.029
0.0
-0.058
-0.048
-0.076
-0.088
-0.127
-0.074
-0.073
-0.008
-0.006
-0.04
0.004
-0.008
-0.076
0.055
0.002
-0.038
0.039
-0.046
-0.01
-0.027
0.002
-0.02
-0.067
0.013
-0.019
-0.023
-0.05
0.044
-0.07
-0.042
0.03
0.001
-0.069
-0.093
0.019
-0.031
0.028
-0.014
-0.016
0.118
-0.046
-0.059
-0.047
-0.066
-0.039
-0.051
-0.011
-0.055
-0.032
0.003
-0.078
0.085
-0.068
-0.019
-0.062
0.079
-0.02
-0.03
0.002
-0.049
0.015
-0.049
0.0
-0.064
-0.005
-0.044
0.011
-0.103
-0.033
-0.04
0.026
0.032
-0.026
-0.035
-0.033
-0.017
-0.083
0.019
-0.075
-0.025
-0.053
0.001
-0.112
0.015
-0.022
-0.035
-0.022
-0.088
-0.071
-0.019
-0.076
0.002
-0.051
-0.061
-0.052
-0.1
0.0
0.075
-0.099
0.048
-0.043
-0.063
-0.052
-0.027
0.045
-0.103
-0.029
-0.028
-0.034
-0.033
-0.02
-0.041
-0.039
-0.07
-0.026
-0.072
-0.044
-0.008
-0.026
-0.02
-0.025
-0.024
-0.108
0.003
-0.007
0.014
-0.005
-0.002
-0.037
-0.068
0.002
-0.11
-0.031
-0.038
0.065
-0.066
0.048
-0.102
-0.013
0.019
-0.052
-0.074
0.048
-0.056
-0.017
0.029
-0.036
-0.035
-0.005
0.048
-0.011
0.001
-0.068
-0.082
-0.087
0.007
0.03
-0.029
0.03
-0.034
0.035
-0.087
-0.038
-0.028
0.011
0.02
-0.079
-0.039
-0.115
-0.016
-0.024
-0.045
0.024
-0.028
-0.078
0.003
-0.018
0.026
-0.036
-0.027
0.018
-0.12
0.089
-0.011
0.078
0.026
0.066
-0.074
-0.055
-0.101
-0.06
-0.03
-0.054
-0.082
-0.002
-0.029
-0.048
0.004
-0.015
-0.019
-0.023
0.017
-0.135
-0.016
-0.011
-0.042
-0.004
-0.061
-0.05
0.044
0.006
-0.043
-0.102
0.014
-0.058
-0.026
-0.045
0.009
0.006
-0.051
-0.024
-0.027
0.018
-0.024
-0.059
0.011
0.028
-0.032
-0.083
-0.069
0.009
-0.006
-0.048
0.001
-0.042
-0.012
0.042
-0.048
-0.05
-0.155
-0.074
-0.058
0.017
0.018
-0.017
-0.002
-0.012
-0.003
-0.107
-0.083
-0.014
-0.009
-0.104
-0.081
0.014
0.013
-0.051
-0.03
-0.052
-0.065
-0.034
-0.019
-0.013
-0.049
-0.057
-0.016
-0.001
-0.104
-0.017
0.003
-0.068
-0.02
0.001
-0.127
-0.022
-0.022
-0.069
-0.047
-0.13
-0.043
-0.012
0.005
-0.036
-0.029
-0.029
-0.043
-0.108
-0.01
-0.014
-0.079
-0.059
-0.023
-0.074
-0.019
-0.111
-0.056
-0.011
-0.047
-0.051
-0.015
-0.017
-0.007
-0.047
-0.036
-0.02
-0.061
-0.035
0.042
0.006
0.034
-0.036
-0.094
-0.034
0.024
-0.037
-0.055
-0.042
-0.075
0.013
-0.048
-0.084
-0.146
0.035
-0.074
0.03
0.008
-0.064
-0.055
-0.022
-0.017
0.026
-0.05
-0.002
0.022
0.007
0.032
-0.092
-0.071
-0.08
-0.057
-0.096
0.008
0.014
0.003
-0.101
-0.063
-0.08
-0.028
-0.007
0.0
-0.073
-0.029
-0.041
-0.011
-0.03
-0.065
0.029
-0.083
0.001
0.014
-0.071
-0.04
-0.053
-0.062
-0.035
-0.059
-0.065
0.006
0.025
0.026
-0.019
-0.092
-0.05
-0.098
0.041
-0.045
-0.043
-0.114
-0.001
-0.006
-0.043
-0.047
0.028
-0.023
-0.095
-0.111
-0.082
-0.068
-0.063
-0.059
0.008
-0.004
-0.003
-0.034
0.038
-0.028
-0.008
0.041
-0.046
-0.087
-0.044
-0.037
0.01
-0.077
-0.006
-0.031
-0.01
0.045
-0.017
-0.015
0.004
-0.037
0.057
0.002
-0.016
-0.055
0.015
-0.068
-0.031
-0.078
-0.002
-0.002
-0.032
0.016
-0.12
0.019
-0.099
-0.008
-0.032
-0.209
-0.043
-0.112
0.031
-0.086
-0.097
-0.044
-0.036
-0.018
0.036
-0.03
0.007
-0.039
-0.071
-0.017
-0.016
-0.068
-0.027
-0.078
-0.027
-0.01
-0.014
0.025
-0.089
-0.007
-0.009
-0.058
-0.123
-0.113
-0.021
-0.063
-0.02
-0.054
-0.041
-0.05
0.084
-0.017
-0.05
-0.013
-0.094
-0.054
-0.022
-0.09
-0.079
-0.049
-0.101
-0.008
0.059
-0.119
-0.015
-0.001
-0.032
0.014
-0.027
-0.082
0.029
-0.072
-0.059
-0.09
-0.051
-0.014
-0.055
0.051
0.022
0.02
-0.055
-0.067
-0.005
-0.019
-0.001
0.0
-0.058
-0.093
0.009
-0.062
-0.082
-0.053
0.046
0.014
-0.005
-0.006
-0.088
-0.011
-0.046
-0.124
-0.053
-0.057
-0.036
-0.07
0.051
-0.034
0.0
-0.074
-0.005
-0.02
0.0
0.061
-0.071
-0.016
0.01
-0.054
-0.056
-0.046
-0.048
-0.038
0.022
-0.037
-0.023
-0.082
-0.082
-0.02
-0.049
-0.036
-0.048
-0.043
-0.092
-0.082
-0.02
-0.035
0.059
-0.03
0.02
0.019
-0.018
-0.048
-0.014
0.004
-0.051
-0.008
0.008
-0.039
0.044
-0.008
-0.029
-0.076
-0.033
-0.07
-0.044
-0.014
-0.05
-0.1
-0.026
-0.067
0.006
-0.001
-0.053
-0.002
-0.067
0.014
-0.016
0.088
-0.005
0.032
0.018
-0.032
-0.025
-0.018
-0.07
-0.04
-0.024
-0.084
-0.075
-0.066
-0.037
-0.036
0.021
-0.093
-0.053
-0.042
-0.007
-0.102
-0.021
-0.025
-0.092
-0.07
-0.038
-0.052
0.033
-0.019
0.002
-0.036
0.009
-0.078
-0.025
-0.106
-0.057
-0.05
-0.109
0.043
-0.09
-0.005
-0.003
-0.028
0.014
-0.062
-0.053
0.116
-0.094
-0.071
-0.049
-0.003
-0.058
-0.099
-0.053
-0.025
0.043
-0.073
0.019
-0.027
-0.034
0.054
0.004
0.036
-0.038
-0.08
0.072
-0.065
-0.094
-0.055
0.041
0.019
-0.066
-0.037
-0.016
-0.009
-0.007
0.011
-0.007
-0.055
-0.031
-0.058
0.047
-0.054
-0.002
-0.106
-0.033
0.012
-0.095
-0.147
-0.109
-0.101
-0.041
-0.021
-0.032
0.035
-0.02
-0.093
0.041
-0.014
-0.006
-0.091
-0.056
-0.051
-0.044
-0.06
0.027
-0.072
0.028
-0.011
-0.071
-0.065
-0.057
-0.116
-0.065
-0.019
-0.093
-0.034
-0.034
-0.027
-0.023
0.026
-0.067
-0.006
0.017
0.033
-0.012
0.101
-0.04
-0.104
-0.112
0.03
-0.048
-0.04
-0.085
-0.022
-0.012
-0.044
0.003
-0.031
-0.097
-0.034
-0.087
0.022
-0.029
-0.005
-0.006
-0.064
-0.042
0.093
-0.082
-0.047
-0.038
-0.042
-0.094
-0.044
-0.069
0.045
-0.084
0.059
-0.013
-0.095
-0.107
0.009
-0.098
0.027
-0.042
-0.017
-0.01
-0.063
-0.057
-0.091
-0.033
-0.048
-0.017
0.025
0.03
-0.094
0.009
-0.047
-0.066
-0.134
-0.054
-0.015
-0.062
-0.068
-0.064
-0.085
-0.048
-0.021
0.014
-0.019
-0.015
-0.102
-0.007
-0.004
-0.074
-0.015
-0.034
-0.054
-0.038
-0.003
0.011
-0.053
-0.054
-0.025
-0.026
-0.029
-0.057
0.006
0.015
0.037
0.011
-0.116
-0.091
-0.03
-0.1
-0.021
-0.046
0.005
-0.028
-0.011
-0.117
-0.014
-0.032
-0.05
-0.064
-0.078
-0.006
0.032
-0.058
-0.061
-0.015
-0.069
-0.022
-0.125
-0.064
-0.059
0.004
-0.048
-0.029
-0.036
-0.095
-0.046
-0.053
-0.015
-0.042
-0.007
-0.092
-0.023
-0.085
-0.074
0.014
-0.068
-0.071
-0.059
0.072
0.022
-0.15
-0.103
0.036
-0.052
-0.007
0.016
-0.072
-0.02
-0.034
0.026
0.004
0.086
-0.087
-0.085
-0.124
0.023
-0.058
-0.089
-0.006
-0.078
-0.031
-0.034
-0.113
-0.033
0.033
-0.059
-0.127
-0.024
-0.053
-0.085
-0.108
-0.057
-0.053
-0.058
-0.031
0.006
-0.063
0.011
-0.002
-0.078
-0.097
-0.054
-0.111
-0.067
-0.065
-0.05
-0.077
-0.065
0.052
-0.071
-0.109
-0.075
-0.021
-0.008
-0.002
-0.056
0.04
-0.022
-0.019
-0.007
-0.05
-0.045
0.061
0.01
-0.032
-0.086
-0.066
-0.004
0.008
0.026
-0.006
-0.035
-0.046
-0.025
-0.06
-0.054
-0.063
-0.003
0.056
-0.03
-0.058
0.05
-0.038
-0.017
-0.061
-0.019
-0.094
-0.034
-0.026
-0.063
-0.1
-0.086
-0.105
-0.106
-0.079
-0.028
-0.027
-0.008
-0.076
-0.038
-0.084
-0.009
-0.054
-0.039
-0.014
-0.048
-0.035
0.135
-0.048
0.033
0.033
-0.086
-0.009
0.021
0.058
-0.064
0.0
-0.029
-0.08
-0.142
-0.096
-0.041
-0.034
0.013
-0.029
-0.048
-0.083
-0.099
-0.014
-0.007
0.016
-0.009
-0.064
0.006
0.025
-0.159
-0.076
-0.014
-0.096
-0.011
-0.101
0.026
-0.015
-0.042
0.006
0.029
-0.061
-0.129
0.003
-0.038
-0.016
0.038
-0.049
-0.045
-0.042
-0.009
-0.021
-0.037
-0.035
0.009
-0.011
-0.048
-0.044
-0.05
-0.029
-0.077
-0.022
-0.049
-0.049
0.055
-0.041
-0.115
-0.022
-0.041
-0.048
-0.09
-0.072
-0.052
-0.106
-0.053
-0.012
-0.108
-0.053
0.002
-0.023
-0.061
-0.127
-0.025
0.009
-0.076
0.006
-0.015
-0.083
-0.049
-0.084
-0.088
-0.061
0.0
-0.013
0.0
-0.13
-0.15
-0.057
-0.025
-0.021
-0.027
0.002
-0.063
0.0
-0.076
-0.04
-0.058
-0.047
-0.09
-0.054
0.076
-0.08
-0.054
-0.047
0.04
-0.001
-0.03
-0.038
-0.042
-0.058
-0.029
-0.047
-0.106
0.008
-0.062
-0.022
0.024
0.031
0.055
-0.003
0.028
-0.081
-0.065
0.048
-0.033
-0.074
-0.03
-0.044
-0.009
-0.024
-0.091
-0.057
-0.062
-0.057
-0.002
0.007
-0.043
-0.06
-0.067
-0.042
-0.006
-0.07
0.041
-0.026
-0.021
-0.059
-0.037
-0.014
-0.01
-0.047
-0.1
-0.015
-0.038
-0.031
-0.069
-0.009
-0.12
-0.088
-0.08
-0.029
-0.01
0.021
-0.024
0.004
-0.081
-0.11
0.0
0.004
-0.027
-0.06
0.017
-0.06
0.016
0.041
-0.038
-0.065
-0.066
-0.037
-0.086
0.034
0.031
-0.089
-0.035
-0.014
-0.099
-0.059
0.002
-0.133
-0.109
-0.008
-0.05
-0.066
-0.074
-0.138
-0.097
-0.034
0.065
-0.015
-0.025
-0.049
-0.017
0.024
-0.048
-0.065
-0.104
-0.095
-0.07
-0.042
-0.048
-0.042
-0.034
-0.047
-0.041
-0.015
0.066
0.001
0.002
-0.054
0.017
-0.115
-0.098
-0.077
-0.063
-0.063
0.02
-0.029
0.091
0.052
-0.054
-0.012
-0.018
-0.033
-0.052
-0.063
-0.086
-0.069
0.027
-0.09
0.069
-0.049
-0.026
-0.04
-0.067
0.0
0.022
-0.037
-0.036
-0.039
-0.02
0.017
-0.111
-0.018
-0.007
0.001
-0.045
-0.039
-0.109
0.028
-0.085
0.051
-0.046
-0.058
0.019
-0.007
-0.06
-0.024
-0.027
-0.017
0.051
-0.012
-0.061
0.015
-0.067
-0.057
-0.129
-0.005
-0.021
-0.031
-0.025
-0.014
-0.033
-0.022
-0.042
-0.126
-0.004
-0.109
-0.031
0.055
0.034
-0.093
0.016
-0.022
-0.082
-0.053
-0.015
-0.034
-0.084
0.007
-0.047
-0.089
-0.097
-0.037
-0.057
-0.078
-0.133
-0.026
0.053
-0.02
-0.05
-0.035
-0.011
-0.001
0.032
0.044
-0.011
-0.021
-0.04
-0.069
-0.056
0.021
-0.004
-0.095
-0.015
0.001
-0.009
-0.058
0.002
-0.008
-0.003
-0.007
-0.029
-0.016
-0.066
-0.048
-0.063
-0.073
0.005
-0.048
-0.039
-0.054
-0.069
-0.053
-0.037
-0.05
-0.063
0.055
-0.123
-0.005
-0.059
-0.041
-0.026
-0.027
-0.054
-0.056
-0.037
-0.095
-0.042
-0.094
-0.048
0.031
0.0
0.014
-0.032
0.026
-0.029
-0.045
-0.043
0.004
-0.035
-0.036
-0.047
-0.091
-0.098
-0.001
0.012
-0.031
-0.056
-0.101
0.039
-0.003
-0.067
-0.074
-0.082
0.031
0.003
-0.106
-0.001
0.015
-0.061
-0.033
-0.049
-0.035
0.004
-0.013
0.011
-0.049
0.042
0.021
-0.089
-0.08
-0.056
-0.006
-0.038
-0.095
-0.016
-0.068
-0.011
-0.01
-0.035
-0.069
-0.038
-0.027
-0.016
-0.077
0.056
-0.088
-0.045
0.077
-0.067
-0.03
-0.07
-0.064
-0.059
-0.008
0.021
-0.02
-0.041
-0.012
-0.112
-0.008
-0.124
-0.067
-0.031
-0.04
-0.046
0.013
-0.179
-0.046
-0.077
-0.03
-0.113
0.004
-0.06
-0.053
-0.019
-0.067
-0.062
-0.077
-0.021
-0.024
-0.075
-0.002
-0.035
-0.106
-0.092
-0.008
-0.052
-0.018
-0.009
-0.052
-0.006
-0.037
-0.032
-0.055
-0.067
-0.094
0.047
0.018
-0.04
-0.081
-0.015
-0.003
-0.05
0.039
-0.076
-0.015
-0.12
0.027
-0.026
0.055
-0.055
-0.069
-0.055
-0.082
-0.02
0.019
-0.002
-0.03
-0.037
0.045
-0.094
-0.076
-0.028
0.059
0.007
-0.077
-0.016
-0.035
0.037
-0.011
0.03
-0.042
-0.029
0.028
0.029
0.021
-0.071
0.009
0.002
-0.118
-0.064
-0.079
-0.016
-0.05
-0.046
-0.028
0.018
0.009
-0.004
-0.1
-0.063
-0.021
0.011
0.009
-0.015
-0.015
-0.063
0.036
-0.079
0.003
-0.029

