0.195
0.389
0.196
0.266
0.294
0.079
0.239
0.352
0.197
0.072
0.241
0.296
0.285
0.262
0.307
0.207
0.202
0.341
0.219
0.149
0.147
0.327
-0.045
0.259
0.004
0.399
0.031
0.297
0.439
0.242
0.113
0.303
0.207
0.193
0.213
0.259
0.335
0.107
0.266
0.212
0.211
0.108
0.149
0.163
0.345
0.207
0.063
0.295
0.253
0.093
0.322
0.115
0.134
0.121
0.162
0.19
0.248
0.207
0.259
0.391
0.205
0.422
0.263
0.39
0.093
0.349
0.199
0.436
0.232
0.043
0.202
0.195
0.495
0.339
0.054
0.057
0.199
0.061
0.238
0.146
0.18
0.268
0.249
0.199
0.218
0.127
0.2
0.484
0.282
0.577
0.302
0.45
0.181
0.147
0.225
0.291
0.286
0.131
0.249
0.219
0.404
0.257
0.182
0.149
0.253
0.104
0.086
0.456
0.29
0.315
0.182
0.185
0.168
0.513
0.358
0.167
0.276
0.246
0.192
0.117
0.265
0.084
0.072
0.378
-0.016
0.186
0.23
0.472
0.086
0.106
0.1
0.185
0.19
-0.01
0.093
0.18
0.118
0.539
0.436
0.124
0.111
0.318
0.196
0.015
0.267
0.288
0.49
0.322
0.289
0.332
0.147
0.199
0.077
0.124
-0.014
0.204
0.207
0.057
0.277
0.06
0.073
0.047
0.251
0.202
0.365
0.553
0.252
0.201
0.117
0.435
0.248
0.217
0.127
0.335
0.13
0.192
0.288
0.077
0.126
0.152
0.371
0.168
0.405
0.216
0.379
0.124
0.276
0.255
0.12
0.214
0.427
0.292
0.132
0.246
0.1
0.087
0.14
0.109
0.146
0.113
0.458
0.178
0.122
0.409
0.249
0.137
0.274
0.37
0.003
0.455
0.251
0.101
0.327
0.118
0.14
0.231
0.107
0.077
0.264
0.011
0.123
0.212
0.166
0.206
0.213
0.031
0.205
0.284
0.193
0.145
0.224
0.119
-0.029
0.038
0.266
0.187
0.201
0.205
0.247
0.352
0.182
0.11
0.241
0.028
0.176
0.129
0.214
0.272
0.17
0.117
0.302
0.192
0.205
0.184
0.265
0.414
0.194
0.168
0.263
0.1
0.357
0.173
0.273
0.299
0.133
0.12
0.134
0.041
0.141
0.198
-0.006
0.272
0.148
0.125
0.208
0.143
0.282
0.12
0.111
0.067
0.313
0.298
0.099
0.175
0.266
0.25
0.073
0.142
0.056
0.219
0.356
0.316
-0.035
0.236
0.077
0.226
0.241
0.363
0.149
0.127
0.071
0.207
0.12
0.167
0.446
0.329
0.157
0.223
0.26
0.2
0.176
0.177
0.132
0.09
0.126
0.142
0.215
0.168
0.179
0.361
0.287
0.193
0.263
0.141
0.338
0.097
0.36
0.082
0.259
0.077
0.291
0.161
0.28
0.124
0.282
0.203
0.455
0.323
0.251
0.403
0.188
0.173
0.248
0.337
0.239
0.279
0.205
0.265
0.126
0.143
0.13
0.164
-0.068
0.396
0.103
0.374
0.028
0.166
0.16
0.286
0.178
0.12
0.185
0.196
0.268
0.299
0.106
0.533
-0.012
0.187
0.335
0.189
0.432
0.428
0.358
0.209
0.154
0.368
0.37
0.38
0.105
-0.041
0.137
0.211
0.193
0.165
0.206
0.268
0.059
0.284
0.152
0.248
0.139
0.042
0.178
0.084
0.419
0.455
0.174
0.261
0.253
0.194
0.149
0.16
0.274
0.398
0.251
0.348
0.223
0.047
0.205
0.358
-0.049
0.143
0.3
0.174
0.229
0.396
0.212
0.068
0.304
0.267
0.395
0.241
0.292
0.138
0.252
0.359
0.208
0.145
0.276
0.12
0.024
0.16
0.149
-0.017
0.129
0.257
0.263
0.128
0.38
0.236
0.085
0.176
0.171
0.069
0.168
0.086
0.266
0.155
0.416
0.454
0.426
0.313
0.249
0.064
0.114
0.173
0.075
0.088
0.237
0.147
0.207
0.481
0.317
0.474
0.01
0.134
0.179
0.12
0.213
0.098
0.273
0.193
0.484
0.11
0.178
0.19
0.073
0.173
0.076
0.153
0.155
0.221
0.11
0.298
0.12
0.152
0.498
0.106
0.181
0.255
0.082
0.292
0.141
0.139
0.118
0.329
0.178
0.251
0.138
0.081
0.155
0.226
0.179
0.291
0.081
0.269
0.182
0.245
0.156
0.24
0.313
0.311
0.185
0.485
0.111
0.308
0.22
0.243
0.204
0.216
0.416
0.024
0.227
0.082
0.039
0.128
0.175
0.285
0.026
0.268
0.242
0.24
0.221
0.339
0.172
0.118
0.306
0.318
0.182
0.188
0.097
0.211
0.18
0.404
0.369
0.267
0.141
0.065
0.298
0.249
0.223
0.262
0.285
0.232
0.19
0.319
0.136
0.006
0.291
0.226
0.141
0.313
0.137
0.099
0.317
0.29
0.356
0.179
0.128
0.397
0.014
0.304
0.185
0.313
0.21
0.189
0.026
0.341
0.026
0.194
0.323
0.111
0.153
0.165
0.273
0.244
0.145
0.089
0.301
0.291
0.321
0.209
0.233
0.067
0.373
0.172
0.132
0.058
0.142
0.384
0.353
0.231
0.452
0.216
0.142
0.231
0.121
0.068
0.257
0.031
0.089
0.299
0.178
0.351
0.517
0.119
0.219
0.124
0.208
0.162
0.236
0.208
0.192
0.17
0.21
0.075
0.255
0.562
0.203
0.211
0.135
0.448
0.118
0.254
0.099
0.119
0.214
0.008
0.228
0.067
0.123
0.205
0.176
0.407
0.129
0.172
0.118
0.217
0.282
0.501
0.335
0.273
0.06
-0.07
0.195
0.134
0.282
0.053
0.189
0.184
0.158
0.061
0.129
0.249
0.186
0.29
0.03
0.331
0.196
0.119
0.116
0.098
0.393
0.34
0.323
0.269
0.352
0.162
0.072
0.193
0.097
0.169
0.274
0.181
0.121
0.174
0.043
0.208
0.17
0.207
0.22
0.383
0.36
0.304
0.322
0.234
0.252
0.26
0.153
0.095
0.136
0.491
0.15
0.084
0.052
0.113
0.377
0.191
0.207
0.165
0.171
0.221
0.23
0.299
0.207
0.39
0.338
0.324
0.183
0.244
0.105
0.169
0.11
0.241
0.433
0.134
0.024
0.115
0.376
0.114
0.141
0.094
0.292
0.201
0.478
0.301
0.271
0.259
0.287
0.303
0.337
0.349
0.259
0.153
0.213
0.403
0.271
0.133
0.084
0.294
0.329
0.171
0.16
0.166
0.3
0.118
0.248
0.531
0.217
0.207
0.043
0.15
0.087
0.181
0.227
0.097
0.217
0.204
0.143
0.118
0.315
0.433
0.133
0.188
0.262
0.281
0.307
0.031
0.217
0.335
0.13
0.211
0.114
0.154
0.139
0.167
0.207
0.179
0.068
0.127
0.16
0.1
0.198
0.188
0.138
0.026
0.112
0.134
0.187
0.324
0.139
0.243
0.255
0.172
0.119
0.11
0.294
0.248
0.284
0.277
0.308
0.125
0.176
0.193
0.215
0.456
0.141
0.197
0.193
0.166
0.153
0.246
0.133
0.141
0.112
0.247
0.19
0.175
0.218
0.375
0.097
0.23
0.169
0.272
0.282
0.371
0.097
0.219
0.377
0.243
0.241
0.112
0.131
0.396
0.175
0.104
0.151
0.266
0.122
0.235
0.089
0.272
0.123
0.212
0.16
0.036
0.064
0.053
0.213
0.155
0.178
0.144
0.272
0.238
0.104
0.145
0.294
0.304
0.165
0.334
0.175
0.235
0.108
0.335
0.228
0.226
0.258
0.311
0.088
0.156
0.212
0.145
0.198
0.254
0.194
0.123
0.43
0.127
0.293
0.181
0.406
0.164
0.256
0.167
0.256
0.329
0.276
0.136
0.127
0.184
0.311
0.393
0.185
0.164
0.461
0.116
0.304
0.45
0.154
0.434
0.136
0.135
0.31
0.151
0.264
0.154
0.207
0.051
0.086
0.027
0.435
0.084
0.106
0.179
0.344
0.305
0.281
0.304
0.038
0.096
0.298
0.234
0.166
0.127
0.36
0.122
0.361
0.112
0.254
0.216
0.287
0.005
0.414
0.217
0.505
0.244
0.095
0.381
0.424
0.297
0.239
0.216
0.414
0.25
0.257
0.268
0.29
0.253
0.37
-0.028
0.25
0.108
0.051
0.129
0.391
0.078
0.112
0.203
0.094
0.31
0.058
0.335
0.18
0.191
0.007
0.307
0.051
0.151
0.176
0.087
0.114
0.083
0.147
0.21
0.217
0.184
0.136
0.142
0.153
0.166
0.142
0.38
0.087
0.409
0.215
0.192
0.257
0.16
0.112
0.109
0.199
0.198
0.082
0.115
0.142
0.129
0.094
0.192
0.126
0.17
0.272
0.131
0.154
0.379
0.04
0.282
0.139
0.389
0.178
0.132
0.011
0.35
0.141
0.201
0.225
0.281
0.279
0.052
0.156
0.217
0.301
0.016
0.082
0.158
0.268
0.418
0.202
0.24
0.046
0.092
0.266
0.201
0.235
0.266
0.195
0.288
0.342
0.189
0.345
0.295
0.034
0.18
0.13
0.326
0.316
0.103
0.365
0.209
0.272
0.333
0.378
0.155
0.303
0.178
0.207
-0.013
0.207
0.179
0.243
0.46
0.118
0.351
0.152
0.143
0.221
0.055
0.427
0.287
0.208
0.235
0.308
0.39
0.14
0.142
0.251
0.359
0.084
0.249
0.121
0.164
0.252
0.26
0.161
0.146
0.062
0.332
0.176
0.242
0.058
0.334
0.193
0.126
0.099
0.194
0.162
0.139
0.218
0.428
0.081
0.335
0.408
0.603
0.146
0.152
0.208
0.244
0.301
0.325
0.206
0.151
0.32
0.222
0.182
0.578
0.215
0.12
0.199
0.157
0.22
0.036
0.144
0.364
0.15
0.226
0.487
0.238
0.27
-0.037
0.211
0.29
0.307
0.331
0.252
0.228
0.176
0.266
0.102
0.045
0.299
-0.002
0.323
0.263
0.1
0.202
0.228
0.35
0.139
0.152
0.092
0.109
-0.029
0.341
0.465
0.241
0.236
0.094
0.063
0.016
0.279
0.089
0.18
0.255
0.371
0.094
0.216
0.149
0.201
0.199
0.229
0.113
0.111
0.283
0.16
0.234
0.365
0.018
0.218
0.19
0.319
0.213
0.235
0.237
-0.028
0.233
0.392
0.045
0.138
0.181
0.072
0.208
0.286
0.075
0.148
0.307
-0.028
0.276
0.333
0.146
0.261
0.294
0.157
0.103
0.068
0.244
0.152
0.15
0.173
-0.004
0.271
0.21
0.131
0.152
0.22
0.281
0.125
0.25
0.291
0.396
0.235
0.263
0.29
0.187
0.111
0.147
0.221
0.287
0.481
0.28
0.102
0.055
0.421
0.309
0.136
0.174
0.219
0.103
0.321
0.088
0.239
0.109
0.097
0.141
0.256
0.229
0.149
0.076
0.26
0.184
0.341
0.36
0.165
-0.019
0.097
0.326
0.167
0.181
0.295
0.082
0.0
0.373
0.339
0.102
0.287
0.186
0.233
0.321
0.256
0.232
0.082
0.35
0.471
0.267
0.224
0.157
0.317
0.279
0.03
0.168
0.108
0.172
0.216
0.187
0.08
0.453
0.012
0.169
0.156
0.206
0.346
0.054
0.122
0.143
0.117
0.252
0.102
0.221
0.152
0.212
0.151
0.318
0.193
0.142
0.314
0.277
0.442
0.027
0.042
0.198
0.359
0.141
0.244
0.021
0.323
0.273
0.242
0.221
0.291
0.217
0.262
0.116
0.316
0.113
0.219
0.094
0.301
0.195
0.033
0.049
0.244
0.042
0.111
0.11
0.1
0.319
0.424
0.203
0.258
0.238
0.252
0.171
0.148
0.293
0.402
0.241
0.394
0.107
0.194
0.258
0.238
0.224
0.293
0.422
0.116
0.035
0.225
0.271
0.392
0.103
0.124
0.221
0.231
0.255
0.28
0.256
0.349
0.152
0.274
0.109
0.224
0.077
0.212
0.562
0.119
0.268
0.257
0.122
0.292
0.194
0.374
0.396
0.006
0.26
0.249
0.106
0.48
0.256
0.245
0.471
0.392
0.021
0.221
0.381
0.163
0.177
0.158
0.379
0.197
0.149
0.133
0.199
0.116
0.306
0.118
0.139
0.114
0.374
0.215
0.179
0.154
0.362
0.392
0.153
0.262
0.126
0.11
0.295
0.077
0.266
0.126
0.286
0.253
0.115
0.304
0.043
0.115
0.222
0.173
0.364
0.44
0.122
0.108
0.186
0.086
0.123
0.086
0.224
0.217
0.162
0.229
0.142
0.078
0.271
0.228
0.325
0.121
0.308
0.244
0.231
0.113
0.412
0.387
0.053
0.28
0.254
0.11
0.208
0.083
0.424
0.05
0.252
0.226
0.365
0.197
0.291
0.146
0.041
0.3
0.259
0.174
0.271
0.21
0.258
0.447
0.22
0.201
0.137
0.206
0.337
0.338
0.276
0.188
0.116
0.276
0.326
0.143
0.206
0.266
0.219
0.206
0.181
0.17
0.174
0.208
0.29
0.475
0.389
0.086
0.089
0.224
0.48
0.25
0.078
0.217
0.139
0.29
0.14
0.266
0.15
0.198
0.263
0.152
0.207
0.495
0.168
0.074
0.005
0.365
-0.032
0.556
0.161
0.165
-0.047
0.257
0.132
0.065
0.185
0.25
0.27
0.279
0.312
0.158
0.183
0.45
0.221
0.425
0.188
0.076
0.2
0.073
0.291
0.264
0.114
0.127
0.359
0.194
0.446
0.116
0.229
0.155
0.161
0.159
0.294
0.325
0.161
0.252
0.156
0.24
0.138
0.084
0.388
0.065
0.171
0.139
0.106
0.237
0.063
0.227
0.132
0.354
0.194
0.211
0.035
0.162
0.304
0.194
0.359
0.123
0.428
0.247
0.152
0.198
0.255
0.222
0.224
0.392
0.181
0.17
0.422
0.361
0.298
0.231
0.384
0.396
0.183
0.286
0.144
0.442
0.143
-0.035
0.11
0.066
0.165
0.367
0.203
0.258
-0.023
0.274
0.335
0.182
0.34
0.099
0.09
0.252
0.108
0.311
0.328
0.264
0.081
0.352
0.201
0.409
0.246
0.216
0.03
0.179
-0.004
0.089
0.057
0.143
0.2
0.063
0.189
0.373
0.294
0.283
0.085
0.336
0.137
0.206
0.196
0.171
0.219
0.355
0.239
0.252
0.085
0.127
0.137
0.143
0.022
0.246
0.244
0.174
0.131
0.185
0.235
0.143
0.092
0.125
0.343
0.186
0.31
0.216
0.073
0.226
0.177
0.202
0.186
0.25
0.113
0.179
0.21
0.1
0.264
0.163
0.163
0.261
0.291
0.461
0.205
0.166
0.059
0.221
0.444
0.276
0.103
0.288
0.108
0.275
0.24
0.46
0.281
0.054
0.172
0.134
0.189
0.285
0.294
0.123
0.203
0.048
0.225
0.064
0.179
0.413
0.334
-0.008
0.204
0.22
0.131
0.172
0.255
0.188
0.337
0.237
0.22
0.067
0.129
0.433
0.219
0.139
0.13
0.284
0.189
0.131
0.078
0.246
0.251
0.381
0.234
0.32
0.294
0.205
0.074
0.151
0.003
0.132
0.146
0.069
0.217
0.036
0.169
0.422
0.21
0.013
0.084
0.181
0.305
0.089
0.313
0.198
0.071
0.118
0.123
0.145
0.064
0.122
0.389
0.059
0.118
0.173
0.22
0.045
0.141
0.319
0.177
0.052
0.09
0.184
0.285
0.243
0.193
0.342
0.047
0.185
0.336
0.123
0.23
0.235
0.215
0.167
0.408
0.171
0.103
0.047
0.424
0.4
0.267
0.187
0.321
0.119
0.217
0.07
0.239
0.154
0.1
0.31
0.06
0.251
0.38
0.141
0.359
0.01
0.31
0.093
0.296
0.309
0.018
0.091
0.17
0.177
0.377
0.313
0.219
0.118
0.249
0.113
0.121
0.139
0.234
0.298
0.155
0.264
0.052
0.411
-0.028
0.206
0.305
0.173
0.356
0.313
0.318
0.124
0.381
0.068
0.368
0.066
0.093
0.237
0.167
0.449
0.314
0.07
0.173
0.264
0.166
0.216
0.134
0.119
0.172
0.161
0.064
0.589
0.07
0.071
0.222
0.181
0.103
0.352
0.088
0.415
0.096
0.075
0.159
0.076
0.366
0.193
0.16
0.135
0.28
0.311
0.214
0.303
0.088
0.383
0.225
0.035
0.161
0.278
0.039
0.116
0.163
0.114
0.265
0.139
0.261
0.197
0.154
0.103
0.063
0.631
0.166
0.188
0.17
0.037
0.375
0.136
0.303
0.316
0.214
0.392
0.022
0.116
0.238
0.492
0.312
0.253
0.244
0.174
0.09
0.296
0.144
0.167
0.412
0.262
0.238
0.329
0.123
0.027
0.235
0.396
0.298
0.171
0.111
0.212
0.184
0.249
0.109
0.069
0.167
0.068
0.22
0.503
0.255
0.124
0.107
0.222
0.138
0.107
0.41
0.24
0.128
0.191
-0.001
0.277
0.094
0.117
0.214
0.031
0.14
0.198
0.141
0.087
0.116
0.25
0.225
0.254
0.071
0.148
0.204
0.149
0.371
0.178
-0.028
0.122
0.179
0.407
0.248
0.375
0.35
0.07
0.161
0.222
0.232
0.022
0.164
0.242
0.113
0.371
0.147
0.134
0.284
0.273
0.072
0.218
0.031
0.239
0.296
0.238
0.176
0.204
0.401
0.15
0.059
0.315
0.105
0.164
0.229
0.27
0.2
0.316
0.138
0.235
0.41
0.181
0.143
0.27
0.345
0.016
0.209
0.296
0.211
0.107
0.226
0.253
0.133
0.257
0.179
0.211
0.222
0.219
0.182
0.541
0.267
0.084
0.407
0.135
0.127
0.21
0.273
0.199
0.103
-0.026
0.198
0.147
0.11
0.223
0.125
0.243
0.413
0.055
0.22
0.293
0.234
0.138
0.072
0.137
0.127
0.169
0.266
0.158
0.169
0.206
0.193
0.147
0.314
0.31
0.137
0.172
0.105
0.17
0.06
0.246
0.103
0.225
0.296
0.136
0.154
0.386
0.029
0.04
0.136
0.165
0.433
0.151
0.324
0.296
-0.023
0.294
0.182
0.164
0.179
0.359
0.242
0.492
0.253
0.364
0.059
0.135
0.081
0.135
0.059
0.406
0.236
0.369
0.23
0.132
0.271
0.516
0.121
0.34
0.411
0.066
0.157
0.101
0.492
0.27
0.261
0.052
0.155
0.37
0.234
0.299
0.289
0.176
0.182
0.218
0.11
0.173
0.112
0.1
0.407
0.221
0.244
0.019
0.146
0.099
0.227
0.283
0.089
0.101
0.199
0.061
0.169
0.167
0.235
0.145
0.069
0.313
0.171
0.216
0.097
0.174
0.363
0.149
0.191
0.015
0.212
0.218
0.19
0.188
0.228
0.3
0.18
0.242
0.147
0.252
0.158
0.212
0.308
0.103
0.179
0.21
0.161
0.096
0.042
0.16
0.284
0.174
0.358
0.194
0.075
0.154
0.103
0.445
0.173
0.254
0.115
0.266
0.177
0.112
0.113
0.229
0.215
0.401
0.244
-0.011
0.236
0.276
-0.009
0.085
0.321
0.068
0.086
0.199
0.158
0.182
0.376
0.199
0.326
0.155
0.135
0.168
0.312
0.125
0.28
0.42
0.11
-0.014
0.253
0.169
0.028
0.3
0.251
0.331
0.182
0.315
-0.016
0.37
0.105
0.226
0.14
0.029
0.381
0.154
0.262
0.103
0.189
0.131
0.119
0.164
0.184
0.235
0.445
0.189
0.196
0.403
0.091
0.214
0.29
0.42
0.327
0.209
0.027
0.14
0.304
0.105
0.27
0.296
0.176
0.166
0.332
0.082
0.291
0.136
0.206
0.267
0.043
0.279
0.088
0.434
0.126
0.241
0.064
0.242
0.18
0.101
-0.048
0.273
0.135
0.209
0.268
0.079
0.218
0.373
0.088
0.215
-0.032
0.223
0.189
0.368
0.093
0.091
0.304
0.087
-0.02
0.227
0.152
-0.058
0.146
0.075
0.281
-0.024
0.491
0.161
0.354
0.104
0.278
0.101
0.242
0.236
0.248
0.336
0.161
0.049
0.224
0.035
0.271
0.33
0.213
0.134
0.246
0.009
0.33
0.364
0.343
0.268
0.311
0.388
-0.028
0.002
0.414
0.204
0.352
0.206
0.107
0.175
0.259
0.317
0.017
0.129
0.195
0.244
0.217
0.201
0.153
0.009
0.143
0.132
0.313
0.174
0.203
0.139
0.143
0.207
0.149
0.058
0.139
0.193
0.127
0.236
0.195
0.168
0.08
0.19
0.13
0.332
0.042
0.23
-0.018
0.271
0.438
0.314
0.341
0.242
0.172
0.173
0.458
0.278
0.288
0.091
0.239
0.053
0.153
0.112
0.096
0.365
0.02
0.179
0.219
0.15
0.197
0.383
0.176
0.293
0.341
0.118
0.17
0.197
0.493
0.111
0.464
0.194
0.17
0.042
0.124
0.13
0.235
0.155
0.388
0.291
0.171
0.122
0.043
0.14
0.142
0.147
0.168
0.311
0.293
0.222
0.129
0.069
0.076
0.2
0.264
0.173
0.338
0.266
0.16
0.101
-0.001
0.215
0.251
0.072
0.159
0.33
0.17
0.281
0.23
0.392
0.164
0.202
0.133
0.233
0.124
0.082
0.367
0.219
0.221
0.039
0.1
0.16
0.253
0.178
0.201
0.204
0.153
0.064
0.077
0.205
0.306
0.203
-0.017
0.252
0.466
0.23
0.233
0.252
0.241
0.04
0.336
0.183
0.343
0.134
0.373
0.148
0.273
0.079
0.106
0.38
0.28
0.165
0.322
0.159
0.178
0.108
0.092
0.202
0.302
0.146
0.042
0.068
0.319
0.207
0.127
0.337
0.108
0.152
0.21
0.383
0.137
0.387
0.146
0.279
0.075
0.229
0.307
0.216
0.225
0.046
0.026
0.483
0.088
0.099
0.267
0.351
0.136
0.203
0.205
0.303
0.087
0.215
0.267
0.21
0.104
0.334
0.266
0.203
0.115
0.239
0.269
0.208
0.219
0.133
0.275
0.057
-0.016
0.154
0.084
0.133
0.588
0.282
0.19
0.261
0.082
0.12
0.161
0.11
0.21
0.252
0.187
0.182
0.089
0.369
0.43
0.379
0.097
0.157
0.157
0.259
0.156
0.206
0.397
0.482
0.079
0.206
0.205
0.119
0.256
0.497
0.1
0.445
0.45
0.101
0.166
0.224
0.268
0.088
0.156
0.317
0.156
0.106
0.201
0.308
0.39
0.094
0.165
0.195
0.282
0.17
0.205
0.22
0.231
0.041
0.063
0.136
0.167
0.332
0.155
0.113
0.149
0.389
0.138
0.131
0.138
0.369
0.216
0.144
0.274
0.515
0.145
0.131
0.352
0.243
0.116
0.242
0.114
0.191
0.06
0.353
0.227
0.182
0.072
0.081
0.113
0.113
0.176
0.135
0.101
0.31
0.159
0.233
0.156
0.238
0.234
0.241
0.366
0.258
0.089
0.131
0.194
0.301
0.091
0.48
0.322
0.161
0.394
0.234
0.033
0.225
0.079
0.087
0.106
0.405
0.277
0.34
0.386
0.228
0.004
0.14
0.136
0.065
0.157
0.163
0.373
0.144
0.06
0.088
0.297
0.016
0.097
0.085
0.127
0.263
0.342
0.526
0.072
0.069
0.319
0.39
0.045
0.176
0.261
0.264
0.261
0.169
0.308
0.309
0.187
0.321
0.024
0.119
0.18
0.056
0.148
0.408
0.112
0.192
0.181
0.252
0.21
0.187
0.416
0.058
0.111
0.053
0.108
0.308
0.154
0.117
0.107
0.174
0.271
0.083
0.209
0.321
0.09
0.343
0.368
0.162
0.122
0.188
0.348
0.212
0.209
0.345
0.348
0.221
0.037
0.182
0.186
0.178
0.356
0.239
0.167
0.146
0.155
0.316
0.084
0.267
0.187
0.106
0.1
0.314
0.268
0.259
0.131
0.482
0.256
0.132
0.065
0.241
0.093
0.024
0.368
0.241
0.233
0.146
0.365
0.1
0.044
0.21
0.294
0.148
0.151
0.241
0.408
0.432
0.181
0.033
0.11
0.129
0.118
0.022
0.297
0.063
0.271
0.145
0.131
0.317
0.087
0.301
0.197
0.041
0.249
0.094
0.13
0.381
-0.011
0.397
0.247
0.495
0.212
0.295
0.202
0.245
0.149
0.163
0.205
0.144
0.209
0.237
0.25
0.112
0.203
0.441
0.188
0.229
0.5
0.215
0.376
0.184
0.036
0.076
0.16
0.294
0.369
0.104
0.023
0.114
0.359
0.201
0.052
0.281
0.351
0.262
0.502
0.009
0.219
0.255
0.164
0.204
0.267
0.105
0.27
0.248
0.243
-0.011
0.231
0.419
0.249
0.204
0.102
0.315
0.168
0.157
0.349
0.166
0.301
0.324
0.325
0.281
0.206
0.353
0.128
0.231
0.201
0.249
0.251
0.176
0.267
0.203
0.32
0.199
0.368
0.269
0.205
0.014
0.121
0.153
0.184
0.179
0.299
0.119
0.329
0.132
0.534
0.149
0.211
0.3
0.046
0.346
0.486
0.206
0.1
0.179
0.223
0.171
0.146
0.138
0.134
0.217
0.345
0.268
0.412
0.235
0.167
0.013
0.296
0.192
0.13
0.17
0.181
0.307
0.122
0.114
0.091
0.47
0.009
0.14
0.2
0.212
0.151
0.18
0.118
0.279
0.49
0.135
0.33
0.421
0.162
0.435
0.192
0.184
0.313
0.17
0.321
0.117
0.362
0.194
0.091
0.393
0.27
0.133
0.218
0.321
0.266
0.239
0.04
0.235
0.009
-0.052
0.25
0.217
0.13
0.033
0.228
0.291
0.191
0.19
0.154
0.189
0.174
0.172
0.265
0.099
0.218
0.273
0.264
0.449
0.132
0.281
0.311
0.102
0.038
0.215
0.002
0.181
0.149
0.161
0.203
0.112
0.142
0.158
0.162
0.121
0.398
0.162
0.119
0.133
0.376
0.386
0.049
0.133
0.244
0.204
0.205
0.362
0.241
0.114
0.223
0.286
0.318
0.113
0.385
0.098
0.264
0.061
0.222
0.272
0.204
0.112
0.076
0.152
0.251
0.143
0.189
0.089
0.124
0.134
0.16
0.378
0.238
0.256
0.28
0.388
0.14
0.064
0.006
0.189
0.182
0.327
0.33
0.222
0.546
0.142
0.072
0.378
0.342
0.178
0.098
0.313
0.192
0.139
0.183
0.365
0.261
0.117
0.321
0.137
0.076
0.183
0.249
0.196
0.247
0.352
0.387
0.092
0.201
0.286
0.386
0.123
0.149
0.276
0.159
0.209
0.065
0.18
0.179
0.238
0.293
0.143
0.073
0.269
0.336
0.161
0.172
0.401
0.139
0.479
0.179
0.319
0.175
0.176
0.15
0.423
0.264
0.177
0.172
0.118
0.146
0.298
0.209
0.045
0.242
0.215
0.164
0.286
0.096
0.416
0.361
0.279
0.268
0.071
0.121
0.076
0.248
0.292
0.14
0.172
0.313
0.273
0.259
0.08
0.24
0.133
0.092
0.111
0.14
0.243
0.266
0.135
0.15
0.275
0.039
0.206
0.011
0.127
0.235
0.138
0.121
0.24
0.331
0.231
0.252
0.269
0.158
0.159
0.286
0.394
0.314
0.207
0.079
0.514
0.35
0.073
0.21
0.296
0.301
0.148
0.341
0.111
0.291
0.082
0.227
0.128
0.144
0.326
0.139
0.264
0.342
0.107
0.151
0.093
0.289
0.077
0.215
0.093
0.121
0.262
0.124
0.071
0.378
0.03
0.185
0.282
0.326
0.115
0.196
0.103
0.12
0.291
0.173
0.163
0.132
0.221
0.127
0.043
0.059
0.146
0.095
0.294
0.14
0.25
0.192
0.078
0.147
0.346
0.254
0.322
0.454
0.193
0.248
0.042
0.33
0.196
0.152
0.024
0.16
0.227
0.084
0.285
0.247
0.122
0.086
0.085
0.309
0.196
0.021
0.059
0.091
0.267
0.193
0.27
0.17
0.238
0.305
0.403
0.069
0.13
0.255
0.219
0.247
0.179
0.237
0.226
0.175
0.293
0.268
0.358
0.309
0.237
0.147
0.14
0.202
0.37
0.148
0.376
0.2
0.326
0.257
0.211
0.195
0.216
0.173
0.215
0.034
0.208
0.079
0.236
0.022
0.155
0.134
0.049
0.047
0.28
0.208
0.148
0.223
0.12
0.202
0.117
0.145
0.2
0.29
0.127
0.434
0.112
0.124
0.243
0.167
0.143
0.484
0.166
0.226
0.335
0.123
0.339
0.177
0.093
0.131
0.246
0.096
0.081
0.245
0.041
0.407
0.167
0.112
0.139
0.172
0.44
0.11
0.225
0.091
0.144
0.33
0.314
0.285
0.32
0.271
0.343
0.333
-0.009
0.144
0.244
0.31
0.213
0.183
0.196
0.315
0.201
0.183
0.118
0.081
0.237
0.125
0.44
0.272
0.137
0.142
0.074
0.206
0.214
0.291
0.265
0.254
0.18
0.33
0.14
0.377
0.451
0.243
0.268
0.212
0.071
-0.021
0.11
0.171
0.031
0.528
0.22
0.237
0.293
0.219
0.261
0.124
0.326
0.118
0.184
0.27
0.519
0.186
0.221
0.127
0.205
0.122
0.196
0.356
0.021
0.081
0.156
0.109
0.231
0.029
0.082
0.102
0.397
0.159
0.019
0.068
0.145
0.085
0.063
0.068
0.273
0.193
0.556
0.265
0.271
0.166
0.274
0.283
0.345
0.238
0.294
0.22
0.316
0.09
0.282
0.145
0.008
0.285
0.041
0.204
0.056
0.427
0.062
0.18
0.127
0.32
0.044
0.304
0.303
0.33
0.126
0.061
0.021
0.236
0.22
0.194
0.349
0.279
0.271
0.102
0.276
0.248
0.147
0.277
0.144
0.182
0.211
0.263
0.358
0.094
0.277
0.252
0.127
0.139
0.437
0.061
0.384
0.315
0.095
0.312
0.093
0.285
-0.026
0.102
0.153
0.319
0.089
0.335
0.171
0.149
0.262
0.587
0.181
0.282
0.206
0.107
0.365
-0.019
0.048
0.078
0.151
0.395
0.266
0.252
0.173
0.192
0.199
0.289
0.216
0.138
0.133
0.002
0.09
0.089
0.28
-0.006
0.106
0.1
0.215
0.292
0.368
0.253
0.209
0.196
0.312
0.266
0.255
0.11
0.395
0.34
0.05
0.191
0.152
0.204
0.077
0.32
0.221
0.199
0.164
0.287
0.093
0.342
0.206
0.223
0.321
0.081
0.11
0.077
0.266
0.248
0.198
0.188
0.206
0.152
0.084
0.184
0.232
0.173
0.31
0.073
0.282
0.106
0.463
0.26
0.209
0.036
0.219
0.111
0.019
0.492
0.149
0.184
0.05
0.219
0.22
0.41
0.281
0.217
0.35
0.018
0.069
0.172
0.081
0.226
0.391
0.159
0.137
0.191
0.305
0.195
0.268
0.123
0.031
0.185
0.185
0.099
0.102
0.113
0.397
0.048
0.118
0.194
0.192
0.082
0.157
0.26
0.13
0.169
0.484
0.067
0.249
0.089
0.286
0.128
0.124
0.206
0.264
0.324
0.453
0.403
0.437
0.19
0.206
0.145
0.246
0.242
0.136
0.287
0.136
0.438
0.184
0.193
0.312
0.249
0.141
0.37
0.4
0.221
0.264
0.191
0.281
0.176
0.211
0.212
0.224
0.321
0.07
0.264
0.152
0.126
0.281
0.137
0.183
0.323
0.012
0.247
0.284
0.32
0.3
0.384
0.307
0.409
0.142
0.13
0.096
0.076
0.192
0.17
0.105
0.112
0.067
0.277
0.201
0.155
0.234
0.257
0.268
0.371
0.506
0.072
0.206
0.249
0.332
0.227
0.19
0.068
0.236
0.393
0.145
0.361
0.355
0.387
0.232
0.125
0.156
0.283
0.291
0.191
0.38
0.151
0.332
0.032
0.198
0.29
0.244
0.125
0.259
0.112
0.077
0.239
0.047
0.151
0.115
0.234
0.455
0.2
0.281
0.194
0.39
0.329
-0.024
0.194
0.131
0.176
0.131
0.051
0.279
0.275
0.097
0.236
0.213
0.149
0.278
0.133
0.233
0.108
0.231
0.217
0.184
0.181
0.125
0.447
0.22
0.195
0.203
0.36
0.078
0.136
0.255
0.265
0.197
0.089
0.233
0.233
0.035
0.36
0.109
0.097
0.298
0.203
0.423
0.132
0.234
0.141
0.114
0.244
0.102
0.325
0.127
0.339
0.239
0.119
0.245
0.115
0.173
0.404
0.256
0.09
0.27
0.184
0.252
0.135
0.155
0.111
0.251
0.197
0.19
0.195
0.106
0.031
0.21
0.135
0.107
0.194
0.183
0.049
0.065
0.377
0.148
0.14
0.16
0.099
0.259
0.203
0.393
0.307
-0.064
0.103
0.1
0.211
0.15
0.339
0.13
0.248
0.262
0.165
0.214
0.325
0.188
0.461
0.318
0.325
0.015
0.194
0.094
0.209
-0.007
0.194
0.067
0.194
0.063
0.255
0.146
0.064
0.118
0.129
0.34
0.085
0.42
0.163
0.193
0.273
0.246
0.361
0.07
0.297
0.151
0.101
0.257
0.113
0.078
0.283
0.367
0.065
0.114
0.257
0.031
-0.089
0.226
0.293
0.368
0.378
0.311
0.089
0.105
0.194
0.112
0.075
0.437
0.405
0.208
0.237
0.144
0.17
0.137
0.107
0.503
0.272
0.224
0.195
0.275
0.338
0.209
0.092
0.239
0.21
0.122
0.187
0.112
0.224
0.328
0.191
0.164
0.182
0.075
0.282
0.369
0.189
0.176
0.094
0.239
0.332
0.161
0.272
0.132
0.174
0.266
0.308
0.133
0.392
0.227
0.223
0.348
0.446
0.017
-0.051
0.243
0.119
0.419
0.108
0.167
0.037
0.309
0.117
0.305
0.12
0.166
0.206
0.229
0.336
0.047
0.109
0.195
0.279
0.379
0.134
0.28
0.091
0.23
0.022
0.309
0.159
0.35
0.326
0.357
0.253
0.173
0.283
0.302
0.232
0.048
0.387
0.248
0.38
0.383
0.427
0.07
0.181
0.269
0.134
0.232
0.256
0.027
0.476
0.396
0.39
0.32
0.339
0.335
0.214
0.064
0.149
0.385
0.173
0.281
0.156
0.267
0.242
0.054
0.033
0.076
0.324
0.193
0.329
0.055
0.073
0.485
0.277
0.172
0.36
0.244
0.167
0.222
0.022
0.386
0.233
0.134
0.268
0.039
0.07
0.233
0.199
0.193
0.096
0.364
0.344
0.091
0.228
0.1
0.093
0.144
0.415
0.242
0.312
0.159
0.267
0.172
0.297
0.082
0.18
0.295
0.283
0.487
0.103
0.158
0.101
0.267
0.08
0.147
0.12
0.31
0.108
0.08
0.124
0.167
0.164
0.381
0.4
0.239
0.137
0.05
0.227
0.12
0.1
0.167
0.056
0.225
0.143
0.236
0.339
0.209
0.131
0.114
0.173
0.202
0.139
0.113
0.083
0.167
0.297
0.275
0.217
0.402
0.07
0.156
0.18
0.16
0.277
0.047
0.421
0.083
0.158
0.095
0.152
0.086
0.199
0.323
0.205
0.255
0.279
0.141
0.298
0.439
0.095
0.273
0.312
0.147
0.322
0.151
0.317
0.233
0.057
0.189
0.079
0.173
0.291
0.159
0.242
0.203
0.161
0.042
0.195
0.199
0.211
0.154
0.127
-0.007
0.189
0.326
0.083
0.26
0.508
0.102
0.09
0.169
0.079
0.208
0.359
0.252
0.343
0.205
0.323
0.085
0.163
0.1
0.106
0.128
0.05
0.326
0.253
0.417
0.13
0.112
0.169
0.191
0.124
0.003
0.154
0.22
0.341
0.154
0.044
0.228
0.149
0.241
0.156
0.213
0.009
0.217
0.223
0.192
0.423
0.178
0.281
0.07
0.31
0.266
0.193
0.344
0.108
0.121
0.362
0.291
0.188
0.333
0.069
0.255
-0.07
0.174
0.102
0.117
0.289
0.037
0.173
0.398
0.314
0.168
0.008
0.258
0.051
0.062
0.15
0.486
0.267
0.427
0.294
0.213
0.079
0.056
0.074
0.434
0.425
0.108
0.145
0.161
0.155
0.37
0.225
0.321
0.125
0.373
0.214
0.234
0.263
0.276
0.1
0.112
0.156
0.29
0.288
0.214
0.31
0.342
0.203
0.057
0.123
0.161
0.201
0.195
0.228
0.351
0.17
0.04
0.119
0.075
0.234
0.167
0.292
0.112
0.309
0.283
0.154
0.14
0.369
0.182
0.292
0.274
0.215
0.187
0.308
0.285
0.013
0.131
0.239
0.151
0.101
0.16
0.165
0.168
0.44
0.176
0.199
0.226
0.304
0.057
0.3
0.042
0.184
0.388
0.153
0.156
0.298
0.129
0.144
0.049
0.185
0.241
0.197
0.244
0.143
0.316
0.242
0.064
0.203
0.188
0.391
0.363
0.403
-0.021
0.287
0.31
0.19
0.305
0.207
0.078
0.12
0.182
0.203
0.322
0.264
0.098
0.399
0.138
0.268
0.137
0.206
0.032
0.339
0.286
0.18
0.26
0.083
0.168
0.174
0.231
0.428
0.045
0.074
0.228
0.235
0.128
0.292
0.21
0.396
0.122
0.243
0.179
0.277
0.046
0.368
0.52
0.387
0.062
0.118
0.062
0.13
0.221
0.218
0.208
0.152
0.3
0.111
0.399
0.206
0.261
0.128
0.296
0.315
0.238
0.134
0.167
0.448
0.118
0.011
0.18
0.301
0.285
0.323
0.24
0.078
0.196
0.284
0.128
0.292
0.339
0.418
0.342
0.075
0.168
0.413
0.244
0.141
0.119
0.211
0.258
0.334
0.131
0.163
0.235
0.023
0.21
0.305
0.216
0.053
0.307
0.225
0.286
0.364
0.133
0.224
0.084
0.342
0.387
0.241
0.352
0.369
0.133
0.324
0.232
0.064
0.237
0.222
0.261
0.21
0.042
0.34
0.064
0.03
0.325
0.158
0.014
0.241
0.364
0.162
0.135
0.476
0.326
0.311
0.086
0.132
0.239
0.285
0.168
0.21
0.272
0.358
0.185
0.113
0.241
0.197
0.183
0.191
0.132
0.248
0.215
0.1
0.134
0.099
0.373
0.183
0.447
0.151
0.306
0.102
0.369
0.306
0.187
0.134
0.279
0.089
0.097
0.17
0.082
0.182
0.194
0.203
0.36
0.261
0.213
0.027
0.083
0.223
0.281
0.275
0.098
0.298
0.092
0.123
0.386
0.069
0.139
0.15
0.222
0.212
0.169
0.235
0.22
0.351
0.15
0.235
0.292
0.12
0.302
0.212
0.059
0.227
-0.019
0.168
0.207
0.11
0.134
0.383
0.169
0.224
0.29
0.079
0.348
0.169
0.064
0.39
0.461
0.344
0.226
0.066
0.357
0.089
0.045
0.382
0.221
0.293
0.268
0.308
0.304
0.109
0.107
0.231
0.146
0.267
0.25
0.077
0.28
0.213
0.251
0.05
0.138
0.424
0.334
0.068
0.304
0.172
0.381
0.019
0.277
0.136
0.237
0.074
0.203
0.327
0.095
0.157
0.397
0.068
0.25
0.271
0.097
0.208
0.182
0.173
0.27
0.161
0.262
-0.004
0.127
0.059
0.185
0.241
0.144
0.208
0.514
0.198
0.357
0.175
0.361
0.293
0.169
0.127
0.126
0.081
0.132
0.386
0.213
0.244
0.452
0.3
0.171
0.211
0.26
0.275
0.244
0.129
0.241
0.14
0.153
0.142
0.169
0.118
0.304
0.041
0.132
0.302
0.082
0.252
0.266
0.339
0.151
0.232
0.267
0.235
0.227
0.22
0.314
0.265
0.362
0.309
0.267
0.429
0.139
0.146
0.312
0.341
0.233
0.43
0.327
0.128
0.164
0.303
0.25
0.153
0.287
0.17
0.331
0.121
0.084
0.058
0.156
0.198
0.148
0.165
0.275
0.19
0.08
0.345
0.235
0.154
0.115
0.177
0.163
0.022
0.113
0.152
0.162
0.5
0.077
0.055
0.343
0.049
0.113
0.224
0.002
0.359
0.136
0.101
0.075
0.323
0.106
0.339
0.308
0.102
0.164
0.308
0.057
0.246
0.041
0.17
0.168
0.313
0.296
0.071
0.133
0.357
0.121
0.215
0.107
0.015
0.169
0.384
0.062
0.158
-0.059
0.199
0.27
0.088
0.411
0.188
0.213
0.238
0.207
0.062
0.351
0.172
0.258
0.113
0.09
0.264
0.247
0.369
0.179
0.086
0.26
0.338
0.122
0.173
0.163
0.054
0.293
0.335
0.165
0.171
0.276
0.137
0.029
0.05
-0.025
0.259
0.316
0.451
0.305
0.299
0.298
0.176
0.346
0.326
0.207
0.523
0.142
0.157
0.154
0.168
0.023
-0.03
0.217
0.344
0.15
0.45
0.255
0.058
0.187
0.102
0.183
0.108
0.314
0.22
0.093
0.116
0.23
0.035
0.265
0.175
0.149
0.118
0.036
0.168
0.448
0.348
0.17
0.258
0.24
0.251
0.309
0.156
0.176
0.502
0.343
0.267
0.362
0.478
0.354
0.094
0.332
0.233
0.394
0.252
0.147
0.165
0.21
0.232
0.467
0.223
0.015
0.366
0.345
0.342
0.148
0.168
0.127
0.344
0.171
0.239
0.314
0.231
0.273
0.435
0.088
0.233
0.104
0.124
0.346
0.283
0.092
0.236
0.076
0.016
0.253
0.243
0.108
0.105
0.413
0.165
0.28
0.234
0.198
0.046
0.03
0.078
0.182
0.155
0.114
0.081
0.135
0.468
0.325
0.318
0.214
0.489
0.132
0.354
0.131
0.275
0.198
0.084
0.257
0.292
0.195
0.143
0.17
0.213
0.206
0.029
0.304
0.375
0.319
0.035
0.104
0.21
0.103
0.458
0.243
0.245
0.209
0.231
0.162
0.207
0.056
0.205
0.07
0.033
0.049
0.373
0.146
0.045
0.092
0.24
0.328
0.111
0.375
0.239
0.14
0.297
0.189
0.582
0.247
0.16
0.527
0.246
0.094
0.134
0.2
0.198
0.107
0.233
0.025
0.097
0.383
0.067
0.204
0.036
0.084
0.328
0.296
0.138
0.198
0.141
-0.026
0.266
0.308
0.164
0.187
0.327
0.409
0.347
0.188
0.197
0.207
0.151
0.197
0.159
0.329
0.195
0.182
0.134
0.039
0.421
0.065
0.232
0.309
0.229
0.325
0.426
0.258
0.238
0.069
0.545
0.243
0.304
0.268
0.178
0.265
0.255
0.08
0.118
0.372
0.151
0.365
0.329
0.155
0.111
0.433
0.303
0.194
-0.036
0.242
0.408
0.162
0.185
0.149
0.223
0.323
0.139
0.213
0.042
0.081
0.214
0.188
0.118
0.452
0.134
0.081
0.227
0.403
0.155
0.219
0.097
0.38
0.146
0.291
0.276
0.083
0.127
0.019
0.177
0.142
0.091
0.121
0.178
0.185
0.371
0.181
0.201
0.208
0.359
0.133
0.206
0.201
0.234
0.229
0.232
0.319
0.163
0.065
0.199
0.271
0.463
0.225
0.269
0.04
0.053
0.108
0.271
0.186
0.019
0.359
0.151
0.334
0.202
0.062
0.132
0.278
0.122
0.315
0.192
0.338
0.271
0.181
0.293
0.327
0.244
0.405
0.168
0.188
0.183
0.395
-0.002
0.241
0.369
0.094
0.235
0.225
0.156
0.174
0.265
0.021
0.043
0.336
0.118
0.098
0.128
0.364
0.042
0.13
0.159
0.144
0.096
0.252
0.34
0.192
0.033
0.247
0.22
0.232
0.259
0.321
0.25
0.229
0.194
0.362
0.296
0.46
0.342
0.301
0.427
0.189
0.054
0.139
0.105
0.185
0.292
0.198
0.193
0.222
0.08
0.222
0.293
0.189
0.112
0.181
0.234
0.107
0.155
0.111
0.298
0.125
0.247
0.248
0.286
0.239
0.297
-0.024
0.349
0.174
0.114
0.173
0.206
0.13
0.056
0.154
0.226
0.312
0.3
0.485
0.193
0.201
0.32
0.204
0.414
0.125
0.296
0.143
0.227
0.127
0.211
0.231
0.306
0.404
0.209
0.222
0.239
0.092
0.328
0.433
0.108
0.32
0.25
0.196
0.384
0.23
0.299
0.246
0.14
0.331
0.112
0.345
0.259
0.195
0.22
0.258
0.178
0.149
0.238
0.13
0.172
0.105
0.126
-0.01
0.245
0.203
0.135
0.283
0.299
0.313
0.152
0.157
0.058
0.14
0.237
0.187
0.065
0.154
0.006
0.112
0.341
0.027
0.211
0.213
0.123
0.101
0.27
0.191
0.204
0.164
0.088
0.213
0.173
0.185
0.053
0.321
0.059
0.264
0.299
0.414
0.148
0.15
-0.084
0.193
0.362
0.376
0.193
0.313
0.297
0.356
0.126
0.334
0.251
0.182
0.167
0.208
0.18
0.266
0.108
0.339
0.024
0.069
0.085
0.241
0.069
0.161
0.134
0.256
0.129
0.34
0.306
0.375
0.301
0.169
0.282
0.358
0.159
0.166
0.356
0.278
0.092
0.293
0.1
0.255
0.105
0.25
0.272
0.106
0.077
0.155
0.217
0.186
0.252
0.173
0.154
0.279
0.139
0.196
0.199
0.155
0.155
0.254
0.05
0.158
0.019
0.146
0.139
0.111
0.508
0.157
0.035
0.161
0.276
0.077
0.119
0.312
0.166
0.457
0.32
0.525
0.263
0.544
0.25
0.226
0.533
0.15
0.164
0.092
0.068
0.292
0.265
0.267
0.233
0.211
0.13
0.269
0.474
0.264
0.309
-0.049
0.232
0.131
0.25
0.125
0.131
0.043
0.075
-0.036
0.323
0.397
0.384
0.322
0.079
0.374
0.275
0.193
0.101
0.094
0.025
0.148
0.177
0.231
0.043
0.008
0.327
0.123
0.003
0.212
0.235
0.105
0.388
0.181
0.092
0.048
0.476
0.174
0.089
0.182
0.09
0.149
0.0
0.164
0.058
0.11
0.371
0.191
0.248
0.318
0.163
0.115
0.349
0.329
-0.013
0.519
0.104
0.181
0.212
0.02
0.171
0.254
0.05
0.181
0.088
0.148
0.277
0.357
0.022
0.444
0.041
0.273
0.291
0.199
0.168
0.316
0.205
0.137
0.215
0.213
0.112
0.324
0.039
0.197
0.153
0.349
0.117
0.285
0.042
0.108
0.174
0.083
0.337
0.398
0.209
0.171
0.121
0.139
0.25
0.194
0.149
0.302
0.094
0.29
0.18
0.202
0.224
0.467
0.176
0.159
0.003
0.153
0.258
0.243
0.098
0.473
0.386
0.207
0.23
0.155
0.104
0.303
0.174
0.157
0.171
0.098
-0.005
0.313
0.343
0.172
0.247
-0.009
0.13
0.246
0.32
0.266
0.215
0.355
0.133
0.046
0.258
0.236
0.293
0.177
-0.019
0.118
0.268
0.359
0.256
0.271
0.176
0.128
0.371
0.287
0.047
0.01
0.197
0.188
0.251
0.198
0.111
0.216
0.177
0.163
0.127
0.248
0.184
0.359
0.199
0.279
0.212
0.168
0.069
0.288
0.241
0.122
0.2
0.159
0.216
0.338
0.271
0.176
0.086
0.192
0.238
0.163
0.316
0.251
0.201
0.395
0.321
0.11
0.16
0.318
0.376
0.097
0.042
0.065
0.431
0.226
0.363
0.294
0.006
0.181
0.064
0.229
0.054
0.35
0.068
0.247
0.134
0.13
0.304
0.436
0.03
0.14
0.092
0.147
0.208
0.143
0.131
0.101
0.108
0.347
0.245
0.183
0.169
0.167
0.251
0.361
0.146
0.444
0.412
0.157
0.35
0.136
0.235
0.299
0.256
0.303
0.263
0.129
0.144
0.059
0.105
0.179
0.349
0.454
0.177
0.053
0.312
0.423
0.023
0.013
0.206
0.247
0.348
0.128
0.224
0.382
0.398
0.266
0.261
0.06
0.285
0.193
0.121
0.271
0.05
0.065
0.302
0.138
0.154
0.103
0.037
0.054
0.396
0.176
0.234
0.388
0.232
0.349
0.109
0.158
0.097
0.22
0.235
0.161
0.153
0.257
0.293
0.348
0.116
0.4
0.18
0.099
0.154
0.243
0.187
0.25
0.347
0.233
0.069
0.21
0.359
0.384
0.33
0.101
0.129
0.211
0.077
0.202
0.198
0.069
0.073
0.109
0.136
0.368
0.266
0.223
0.221
0.204
0.096
0.092
0.194
0.242
0.169
0.241
0.162
0.286
0.061
0.208
0.344
0.194
0.389
0.131
0.265
0.109
0.19
0.214
0.029
0.083
0.264
0.346
0.121
0.303
0.064
0.232
0.17
0.2
0.15
0.225
0.188
0.165
0.282
0.234
0.391
0.107
0.124
0.097
0.373
-0.004
0.381
0.171
0.22
0.149
0.19
-0.008
0.201
0.165
0.043
0.101
0.165
0.237
0.175
0.008
0.394
0.271
0.17
0.198
0.276
0.27
0.126
0.17
0.309
0.097
0.107
0.212
0.087
0.104
0.182
0.358
0.328
0.045
0.255
0.156
0.492
0.162
0.2
0.26
0.316
0.127
0.373
0.163
-0.006
0.167
0.125
0.169
0.112
0.297
0.332
0.158
0.125
0.098
0.045
0.288
0.154
0.162
0.218
0.223
0.169
0.207
0.042
0.239
0.087
0.484
0.055
0.234
0.253
0.389
0.159
0.0
0.22
0.42
0.043
0.147
0.251
0.271
0.174
0.245
0.187
0.176
0.053
0.157
0.343
0.101
0.126
0.319
0.246
0.088
0.448
0.17
0.3
0.323
0.222
0.479
0.271
0.272
0.41
0.02
0.108
0.25
-0.059
0.088
0.342
0.05
0.113
0.124
-0.038
0.422
0.139
0.283
0.464
0.229
0.306
0.365
0.135
0.097
0.175
0.064
0.427
0.158
0.221
0.264
0.203
0.017
0.253
0.179
0.248
0.147
0.384
0.4
0.086
0.086
0.298
0.141
0.342
0.327
0.17
0.16
0.218
0.118
0.12
0.358
0.151
0.147
0.278
0.213
0.252
0.212
0.076
0.135
0.151
0.195
0.232
0.173
0.261
0.324
-0.03
0.142
0.156
0.209
0.138
0.13
0.144
0.014
0.245
0.166
0.19
0.137
0.124
0.288
0.106
0.101
0.203
0.334
0.131
0.102
0.162
0.422
0.056
0.172
0.12
0.09
0.138
0.14
0.295
0.247
0.064
0.258
0.144
0.124
0.162
0.265
0.199
0.134
0.105
0.253
0.368
0.029
0.219
0.365
0.236
0.266
0.065
0.261
0.212
0.049
0.1
-0.033
0.226
0.159
0.17
0.52
0.39
0.3
0.185
0.235
0.185
0.117
0.083
0.288
0.172
0.255
0.125
0.029
0.187
0.03
0.257
0.204
0.142
0.203
0.275
0.157
0.422
0.267
0.35
0.278
0.465
0.28
0.295
0.22
0.168
0.054
0.454
0.068
0.59
0.209
0.072
0.07
0.313
0.161
0.078
0.186
0.189
0.193
0.357
0.186
0.19
0.062
0.28
0.482
0.152
0.103
0.091
0.338
0.141
0.059
0.303
0.146
0.077
0.046
0.235
0.059
0.272
0.131
0.393
0.189
0.162
0.124
0.102
0.072
0.109
0.09
0.286
0.322
0.192
0.358
0.165
0.299
0.147
0.344
0.191
0.183
0.239
0.27
0.149
0.198
0.223
0.444
0.234
0.12
0.193
0.503
0.307
0.236
0.138
0.233
0.114
0.058
0.089
0.353
0.276
0.24
0.233
0.258
0.286
0.128
0.134
0.171
0.09
0.163
0.317
0.183
0.158
0.297
0.221
0.286
0.214
0.185
0.27
0.231
0.041
0.256
0.119
0.369
0.055
0.359
0.228
0.311
0.301
0.082
0.094
0.147
0.308
0.291
0.168
0.136
0.174
0.288
0.435
0.467
0.071
0.163
0.323
0.243
0.212
0.147
0.205
0.248
0.152
0.18
0.076
0.332
0.242
0.022
0.34
0.246
0.187
0.227
0.281
0.327
0.19
0.112
0.369
0.084
0.059
0.23
0.043
0.092
0.47
0.239
0.179
0.307
0.299
0.114
0.277
0.524
0.113
0.215
0.266
0.095
0.059
0.015
0.244
0.368
0.121
0.162
0.194
0.404
0.184
0.168
0.309
0.382
0.178
0.494
0.46
0.171
0.223
0.313
0.09
0.166
0.003
0.166
0.174
0.216
0.3
0.169
0.27
0.25
0.411
0.108
0.248
0.005
0.194
0.229
0.225
0.061
0.251
0.091
0.102
0.098
0.062
0.197
0.41
0.452
0.075
0.208
0.159
0.164
0.155
0.083
0.107
0.057
0.165
0.129
0.051
0.037
0.157
0.119
0.332
0.228
0.059
0.207
0.042
0.117
0.198
0.173
0.573
0.1
0.232
0.389
0.047
0.149
0.3
0.19
0.108
0.149
0.185
0.24
0.157
0.343
0.244
0.125
0.112
0.107
0.212
0.136
0.155
0.345
0.259
0.219
0.054
0.36
0.356
0.203
0.182
0.378
0.251
0.125
0.373
0.292
0.237
0.354
0.084
0.4
0.172
0.173
0.221
0.273
0.105
0.057
0.202
0.255
0.303
0.255
0.273
0.141
0.254
0.156
0.239
0.214
0.107
0.229
0.156
0.147
0.049
0.176
0.105
0.111
0.105
0.219
0.106
0.163
0.474
0.219
0.111
0.322
0.112
0.388
0.35
0.192
0.181
0.443
0.128
0.41
0.121
-0.071
0.201
0.24
0.179
0.171
0.22
0.104
0.351
0.254
0.141
0.4
0.177
0.173
0.447
-0.037
0.271
0.327
0.281
0.194
0.262
0.06
0.226
0.137
0.173
0.313
0.331
0.115
0.195
0.468
0.114
0.13
0.148
0.388
0.296
0.185
0.351
0.198
0.226
0.303
0.323
0.189
0.165
0.078
0.155
0.066
0.01
0.247
-0.009
0.167
0.137
0.058
0.329
0.221
0.289
0.125
0.193
0.113
0.352
0.19
0.153
0.137
0.191
0.303
0.19
0.277
0.206
0.161
0.19
0.261
0.271
0.257
0.344
0.272
0.244
0.243
0.175
0.208
0.135
0.193
0.206
0.039
0.184
0.519
0.265
0.126
-0.005
0.214
0.147
0.153
0.062
0.397
0.352
0.107
0.137
0.191
0.181
0.252
-0.035
0.151
0.17
0.076
0.165
0.176
0.096
0.124
0.109
0.227
0.254
0.342
0.285
0.291
0.093
0.369
0.039
0.176
0.272
0.222
0.201
0.19
0.393
0.394
0.464
0.172
0.271
0.188
0.267
0.258
0.272
0.101
0.01
0.127
0.321
0.188
0.396
-0.032
0.105
0.278
0.342
0.14
0.278
0.093
0.133
0.212
0.445
0.315
0.386
0.217
0.218
0.254
0.217
0.055
0.201
0.341
0.113
-0.042
0.362
0.057
0.179
0.132
0.459
0.481
0.101
0.352
0.349
0.312
0.318
0.124
0.173
0.538
0.297
0.356
0.498
0.067
0.163
0.145
0.118
0.064
0.089
0.066
0.112
0.408
0.147
0.06
0.092
0.379
0.29
0.33
0.221
0.144
0.241
0.371
0.195
0.159
0.159
0.398
0.28
0.09
0.072
0.055
0.107
0.304
0.271
0.092
0.249
0.147
0.275
0.325
0.222
0.396
0.328
0.286
0.052
0.156
0.104
0.248
0.072
0.27
0.054
0.222
0.128
0.265
0.073
0.2
-0.005
0.189
0.134
0.479
0.312
0.331
0.097
0.257
0.125
0.077
0.227
0.158
0.205
-0.002
0.077
0.329
0.162
0.116
0.144
0.487
0.155
0.149
0.111
0.105
0.238
0.401
0.1
0.029
0.243
0.301
0.197
0.077
0.121
0.343
0.211
0.197
0.228
0.212
0.057
0.075
0.052
0.307
0.422
0.049
0.404
0.132
0.269
0.289
0.112
0.562
0.058
0.424
0.252
0.034
0.065
0.467
0.429
0.373
0.165
0.068
0.198
0.09
0.184
0.099
0.122
0.225
0.069
0.238
0.301
0.065
0.367
0.344
0.167
0.145
0.107
-0.022
0.073
0.233
0.264
0.04
0.011
0.214
0.033
0.224
0.372
0.199
0.182
0.182
0.213
0.167
0.095
0.107
0.188
0.223
0.101
0.363
0.323
0.14
0.41
0.18
0.207
0.224
0.165
0.295
0.187
0.407
0.144
0.486
0.025
0.223
0.13
0.256
0.26
0.07
0.136
0.181
0.239
0.118
0.363
0.154
0.124
0.052
0.165
0.385
0.233
0.08
0.222
0.14
0.182
0.034
0.111
0.167
0.2
0.201
0.189
0.349
0.202
0.252
0.22
-0.015
0.177
0.408
0.096
0.187
0.064
0.177
0.133
0.333
0.303
0.134
0.182
0.272
0.265
0.164
0.25
0.172
0.194
0.193
0.3
0.3
0.24
0.174
0.237
0.363
0.145
0.083
0.282
0.07
0.125
0.328
0.328
0.084
0.244
0.182
0.103
0.214
0.156
0.133
0.135
0.042
0.341
0.147
0.074
0.357
0.083
0.354
0.314
-0.016
0.183
0.095
0.079
0.001
0.308
0.413
0.193
0.018
0.212
0.23
0.11
0.258
0.257
0.286
-0.009
0.154
0.206
0.146
0.247
0.301
0.291
0.337
0.153
0.363
0.257
0.141
0.281
0.217
0.096
0.124
0.136
0.125
0.151
0.233
0.382
0.285
0.088
0.114
0.242
0.402
0.161
-0.021
0.08
0.045
0.261
0.162
0.161
0.105
0.377
0.248
0.162
0.227
0.162
0.132
0.071
0.186
0.202
0.331
0.422
0.198
0.083
0.151
0.036
0.33
0.133
0.237
0.415
0.36
0.149
0.208
0.155
0.247
0.312
-0.031
0.13
0.165
0.365
0.226
0.187
0.335
0.127
0.257
0.348
0.28
0.118
0.147
0.162
0.336
0.34
0.168
-0.013
0.183
0.225
0.318
0.407
0.145
0.341
0.099
0.167
0.252
0.149
0.213
0.081
0.106
0.253
0.062
0.438
0.304
0.221
0.074
0.271
0.163
0.089
0.34
0.152
-0.061
0.049
0.177
0.419
0.499
0.224
0.145
0.232
0.27
0.32
0.174
0.354
0.132
0.177
0.215
0.21
0.062
0.121
0.384
0.267
0.129
0.136
0.306
0.065
0.148
0.156
0.143
0.309
0.189
0.123
0.122
0.19
0.163
0.096
0.13
0.247
0.391
0.1
0.147
0.391
0.055
0.23
0.255
0.059
0.472
0.33
0.213
0.166
0.251
0.243
0.272
0.249
0.17
0.5
0.152
0.106
0.163
0.109
0.163
0.358
0.201
0.143
0.124
0.253
0.152
0.19
0.62
0.071
0.074
0.337
0.177
0.372
0.131
0.215
0.226
0.241
0.238
0.182
0.192
0.224
0.186
0.417
0.209
0.35
0.339
0.371
0.055
0.252
0.057
0.056
0.335
0.215
0.13
0.3
0.067
0.225
0.198
0.236
0.054
0.147
0.19
0.494
0.297
0.33
0.39
0.129
0.287
0.335
0.132
0.234
0.272
0.194
0.276
0.159
0.423
0.099
0.155
0.157
0.237
0.273
0.16
0.021
-0.079
0.21
0.465
0.168
0.077
0.152
0.142
0.13
0.272
0.411
0.508
0.357
0.232
0.081
0.184
0.19
0.132
0.229
0.271
0.117
0.394
0.169
0.407
0.076
0.131
0.151
0.229
0.073
0.271
0.351
0.216
0.258
0.14
0.153
0.368
0.147
0.084
0.1
0.365
0.139
0.22
0.216
0.294
0.242
0.153
0.313
0.286
0.169
0.356
0.135
0.146
0.078
0.403
0.176
0.028
0.124
0.105
0.238
0.153
0.194
0.071
0.235
0.087
0.183
0.185
0.342
0.135
0.441
0.193
0.375
-0.007
0.077
0.284
0.153
0.13
0.229
0.144
0.344
0.214
0.305
0.197
0.414
0.147
0.238
0.418
0.256
0.286
0.221
0.073
0.033
0.2
0.214
0.051
0.216
0.283
0.362
0.318
0.009
0.013
0.314
0.15
0.061
0.122
0.126
0.219
0.429
0.189
0.211
0.32
0.098
0.072
0.188
0.334
0.247
0.255
0.34
0.33
0.13
0.232
0.172
0.084
0.33
0.268
0.377
0.094
0.389
0.282
0.107
0.107
0.305
0.152
0.3
0.292
0.183
0.448
0.191
0.285
0.087
0.092
0.13
-0.014
0.273
0.137
0.34
0.218
0.632
0.241
0.257
0.227
0.353
0.106
0.283
0.195
0.104
0.209
0.072
0.262
0.157
0.142
0.194
0.202
0.231
0.49
0.439
0.045
0.24
0.362
0.141
0.066
0.334
0.309
0.357
0.488
0.311
0.331
0.193
0.415
0.181
0.386
0.2
0.378
0.075
0.279
0.225
0.438
0.266
0.307
0.336
0.054
0.143
0.171
0.097
0.375
0.202
0.161
0.173
0.275
0.116
0.128
0.318
0.208
0.063
0.169
0.288
0.122
0.515
0.237
0.304
0.402
0.389
0.352
0.444
0.114
0.099
0.147
0.225
0.367
0.228
0.268
0.394
0.391
0.173
0.292
0.138
0.181
0.326
0.32
0.272
0.165
0.175
0.211
0.325
0.202
0.331
0.44
0.155
0.193
0.102
0.217
0.129
0.138
0.002
0.369
0.167
0.485
0.295
0.226
0.073
0.351
0.266
0.331
0.003
0.236
0.369
0.167
0.173
0.065
0.2
0.084
0.096
0.206
0.162
0.171
0.15
0.108
0.208
0.193
0.235
0.209
0.289
0.133
0.017
0.066
0.22
0.163
0.324
0.269
0.449
0.099
0.232
0.163
0.146
0.218
0.12
0.051
0.126
0.242
0.087
0.414
0.12
0.065
0.155
0.223
-0.002
0.191
0.092
0.078
0.259
0.237
0.212
0.363
0.11
0.153
0.238
0.081
0.125
0.256
0.151
0.162
0.167
0.081
0.299
0.212
0.42
0.21
0.16
0.387
0.232
0.218
0.067
0.193
0.167
0.322
0.201
0.156
0.197
0.153
0.33
0.12
0.126
0.411
0.33
0.288
0.092
0.11
0.281
0.247
0.247
0.101
0.369
0.313
0.135
-0.042
0.39
0.291
0.07
0.123
0.247
0.189
0.154
0.149
0.253
0.11
0.117
0.304
0.224
0.227
0.292
0.194
0.495
0.16
0.264
0.101
0.187
0.33
0.133
0.498
0.364
0.161
0.332
0.082
0.208
0.321
0.122
0.187
0.103
0.127
0.332
0.09
0.177
0.221
0.264
0.136
0.184
0.267
0.146
0.287
0.127
0.086
0.398
0.09
0.236
0.067
0.159
0.357
0.093
0.018
0.08
0.129
0.13
0.171
-0.021
0.114
0.084
0.196
0.114
0.262
0.176
0.267
0.483
0.131
0.11
0.121
0.057
0.001
0.335
0.173
0.316
0.058
0.224
0.141
0.136
0.088
0.136
0.129
0.12
0.076
0.218
0.267
0.251
0.068
0.129
0.155
0.323
0.139
0.025
0.108
0.256
0.088
0.28
0.367
0.246
0.124
0.118
0.332
0.239
0.117
0.127
0.102
0.08
0.295
0.28
0.315
0.117
0.198
0.13
0.49
0.214
0.065
0.161
0.08
0.331
0.147
0.139
0.258
0.255
-0.008
0.299
0.232
0.269
0.169
0.063
0.054
0.2
0.247
0.063
0.374
0.117
0.208
0.139
0.311
0.052
0.169
0.182
0.202
0.184
0.145
0.03
0.203
0.256
0.205
0.189
0.153
0.27
0.251
0.331
0.119
0.096
0.217
0.146
0.053
0.227
0.18
0.178
0.242
0.245
0.13
0.323
0.094
0.17
0.45
0.132
0.095
0.053
0.372
0.329
0.287
0.012
0.126
0.265
0.083
0.139
0.281
0.262
0.22
0.291
0.445
0.194
0.241
0.317
0.22
0.08
0.186
0.244
0.192
0.201
0.197
0.221
0.401
0.342
0.022
0.11
0.559
0.251
0.291
0.245
0.363
0.281
0.088
0.153
0.309
0.121
0.153
0.247
0.208
0.235
0.073
0.107
0.197
0.195
0.124
0.202
0.142
0.178
0.207
0.158
0.187
0.141
0.268
0.373
0.239
0.136
0.189
0.181
0.27
0.337
0.452
0.241
0.199
0.301
0.252
0.273
0.337
0.256
0.269
0.269
0.109
0.03
0.215
0.179
0.36
0.176
0.366
0.143
0.118
0.14
0.031
0.198
0.318
0.129
0.155
0.173
0.101
0.291
0.182
0.179
0.019
0.193
0.161
0.28
0.283
0.365
0.084
0.262
0.206
-0.053
0.065
0.199
0.38
0.147
0.15
0.247
0.196
0.182
0.231
0.202
0.204
0.062
0.09
0.022
0.042
0.325
0.079
0.274
-0.01
0.097
0.294
0.255
0.606
0.123
0.183
0.131
0.276
0.32
0.118
0.164
0.114
0.285
0.187
0.201
0.381
0.099
-0.062
0.093
0.205
0.111
0.161
0.128
0.255
0.232
0.127
0.303
0.123
0.232
0.12
0.254
0.088
0.561
0.116
0.072
0.522
0.13
0.275
0.14
0.108
0.077
0.113
0.3
0.247
0.12
0.208
0.497
0.331
0.293
0.325
0.11
0.166
0.194
0.09
0.345
0.094
0.272
0.298
0.26
0.345
0.107
0.337
0.138
0.001
0.007
0.343
0.275
-0.009
0.173
0.168
0.19
0.203
0.115
0.309
0.252
0.109
0.367
0.102
0.213
0.368
0.108
0.056
0.105
0.122
0.154
0.174
0.106
0.112
0.093
0.135
0.219
0.114
0.256
0.258
0.323
0.409
0.125
0.34
0.16
0.279
0.159
0.227
0.132
0.245
0.071
0.299
0.113
0.174
0.074
0.178
0.101
0.121
0.2
0.252
0.159
0.033
0.267
0.027
-0.007
0.35
0.127
0.152
0.261
0.288
0.226
0.454
0.575
0.497
0.286
0.135
0.168
0.147
0.32
0.018
0.119
0.18
0.135
0.179
0.195
0.3
0.121
0.145
0.295
0.07
0.15
0.297
0.199
0.008
0.28
0.227
0.195
0.34
0.221
0.332
0.228
0.096
0.242
0.211
0.216
0.139
0.153
0.435
0.169
0.01
0.09
0.053
0.12
0.262
0.343
0.183
0.294
0.129
0.089
0.231
0.141
0.097
0.184
0.142
0.158
0.136
0.183
0.323
0.127
0.066
0.303
0.201
0.247
0.145
0.233
0.258
0.105
0.106
0.297
0.139
0.148
0.453
0.224
0.328
0.156
0.15
0.155
0.105
0.05
0.108
0.224
0.384
0.101
0.083
0.053
0.394
0.277
0.211
0.039
0.147
0.258
0.017
0.139
0.166
0.192
0.249
0.08
0.141
0.324
0.292
0.336
0.19
0.178
0.228
0.183
0.325
0.183
0.179
0.215
0.189
0.308
0.174
0.2
0.24
0.136
0.087
0.228
0.332
0.489
0.227
0.183
0.161
0.188
0.238
0.197
0.202
0.001
0.343
0.198
0.306
0.155
0.299
0.131
0.292
0.246
0.302
0.203
0.438
0.416
0.177
0.116
0.031
0.333
0.38
0.424
0.333
0.169
0.074
0.431
0.366
0.168
0.112
0.001
0.376
0.245
0.281
0.188
0.25
0.355
0.145
0.147
0.169
0.2
0.291
0.461
0.207
0.189
0.194
0.152
0.191
0.193
0.347
0.411
0.227
0.247
0.05
0.289
0.156
0.38
0.306
0.269
0.122
0.205
0.346
0.17
0.048
0.175
0.114
0.276
0.2
0.23
0.326
0.224
0.22
0.188
0.164
0.271
0.231
0.278
0.167
0.032
0.118
0.126
0.368
0.234
0.181
0.225
0.303
0.297
0.294
0.208
0.189
0.255
0.152
0.168
0.225
0.251
0.397
0.207
0.354
0.215
0.211
0.125
0.104
0.152
0.049
0.125
0.436
0.41
0.281
0.322
0.172
0.304
0.266
0.207
0.23
0.304
0.258
0.281
0.171
0.12
0.14
0.241
0.266
0.203
0.427
0.212
0.198
0.187
0.498
0.241
0.047
0.209
0.157
0.249
0.158
0.183
0.347
0.552
0.184
0.502
0.137
0.295
0.181
0.087
0.117
0.214
0.214
0.141
0.202
0.299
0.356
0.27
0.159
0.219
0.222
0.199
0.448
0.259
0.083
0.364
0.162
0.322
0.224
0.133
0.16
0.219
0.227
-0.008
0.247
0.269
0.256
0.222
0.181
-0.07
0.251
0.098
0.346
0.046
0.262
0.201
0.052
0.229
0.145
0.165
0.074
0.301
0.455
0.186
0.203
0.373
0.19
0.19
0.18
0.161
0.185
0.034
0.031
0.074
0.146
0.227
0.011
0.373
0.127
0.414
0.233
0.176
0.421
0.197
0.388
0.246
0.459
0.213
0.367
0.413
0.21
0.257
0.222
0.439
0.236
0.299
0.196
0.313
0.279
0.13
0.033
0.42
0.404
0.167
0.187
0.077
0.237
0.091
0.114
0.138
0.162
0.119
0.169
0.198
0.2
0.201
0.433
0.112
0.445
0.236
0.321
0.179
0.235
0.329
0.26
0.102
0.121
0.464
0.243
0.156
0.22
0.108
0.098
0.276
0.274
0.205
0.242
0.267
0.329
0.271
0.126
0.112
0.252
0.142
0.103
0.236
0.132
0.118
0.235
0.187
0.138
0.173
0.279
0.236
0.377
0.365
-0.005
0.375
0.176
0.38
0.125
0.366
0.203
0.126
0.143
0.278
0.21
0.154
0.229
0.043
0.077
0.198
0.401
0.441
0.232
0.367
0.26
0.182
0.185
0.292
0.275
0.272
0.188
0.411
0.135
0.273
0.449
0.141
0.232
0.258
0.12
0.182
0.03
0.123
0.169
0.115
0.087
0.11
0.305
0.153
0.133
0.068
0.337
0.417
0.277
0.275
0.173
0.127
0.328
0.133
0.344
0.146
0.189
0.313
0.066
0.26
0.153
0.038
0.474
0.356
0.254
0.125
0.25
0.155
0.126
0.411
0.281
0.37
0.069
0.115
0.025
0.349
-0.012
0.127
0.186
0.178
0.182
0.239
0.152
0.427
0.224
0.269
0.302
0.078
0.045
0.348
0.067
0.203
0.438
0.504
0.067
0.376
0.189
0.021
0.196
0.046
0.252
0.204
0.211
0.101
0.046
0.253
0.046
0.195
0.353
0.365
0.073
0.142
0.1
0.128
0.059
0.147
0.328
0.128
0.276
0.217
0.315
0.176
0.241
0.085
0.153
0.186
0.106
0.434
0.244
0.139
0.021
0.239
0.124
0.081
0.159
0.037
0.213
0.076
0.126
0.089
0.27
0.143
0.024
0.091
0.185
0.147
0.157
0.138
0.369
-0.012
0.295
0.015
0.152
0.298
0.498
0.227
0.137
0.051
0.195
0.307
0.278
0.249
0.097
0.163
0.206
0.402
0.355
0.218
0.284
0.32
0.279
0.28
0.107
0.14
0.188
0.168
0.084
0.129
0.278
0.116
0.095
0.136
0.383
0.348
0.214
0.107
0.329
0.101
0.112
0.215
0.329
0.221
0.484
0.194
0.207
0.169
0.05
0.267
0.242
0.078
0.329
0.309
0.361
0.32
0.124
0.19
0.244
0.147
0.046
0.314
0.278
0.161
0.416
0.045
0.114
0.074
0.263
0.177
0.249
0.363
0.099
0.224
0.12
0.15
0.142
0.271
0.041
0.315
0.259
0.118
0.428
0.288
0.268
0.075
0.218
0.547
0.198
0.216
0.162
0.289
0.104
0.068
0.176
0.249
-0.025
0.358
0.457
0.178
0.146
0.161
0.292
0.122
0.109
0.265
0.23
0.163
0.212
0.129
0.228
0.388
0.336
0.172
0.07
0.418
0.353
0.379
0.065
0.141
0.105
0.193
0.365
0.007
0.03
0.154
0.24
0.148
0.132
0.255
0.138
0.205
0.205
0.098
0.082
0.269
0.14
0.214
0.355
0.149
0.245
0.175
0.173
0.453
0.21
0.133
0.225
0.214
0.217
0.116
0.428
0.202
0.026
0.118
0.033
0.243
0.172
0.222
0.081
0.151
0.237
0.205
0.207
0.347
0.305
0.124
0.318
0.105
0.285
0.196
0.022
0.301
0.086
0.057
0.178
0.1
0.148
0.166
0.117
-0.007
0.394
0.127
0.326
0.254
0.122
0.341
0.147
0.284
0.363
0.22
0.29
0.185
0.238
0.549
0.294
0.439
0.103
0.307
0.249
-0.015
0.233
0.314
0.102
0.308
0.422
0.183
0.084
0.202
0.472
0.178
0.26
-0.056
0.106
0.141
0.338
0.128
0.043
0.204
0.19
0.183
0.173
0.005
0.344
0.186
0.2
0.272
0.164
0.256
0.215
0.433
0.105
0.088
0.063
0.333
0.386
0.364
0.482
0.154
0.117
0.474
0.261
0.14
0.134
0.336
0.16
0.116
0.196
0.141
0.222
0.119
0.05
0.176
0.015
0.196
0.349
0.379
0.05
0.352
0.176
0.378
0.163
0.167
0.21
0.224
0.047
0.351
0.194
0.096
0.216
0.223
0.24
0.107
0.129
0.265
0.414
0.076
0.271
0.163
0.088
0.359
0.002
0.418
0.06
0.103
-0.04
0.348
0.138
0.135
0.038
0.074
0.082
0.093
0.137
0.232
0.445
0.192
0.23
0.447
0.16
0.233
0.376
0.249
0.261
0.296
0.121
-0.016
0.203
0.179
0.15
0.43
0.214
0.083
0.048
0.214
-0.002
0.359
0.206
0.321
0.243
0.18
0.403
0.176
0.254
0.534
0.2
0.178
0.114
0.094
0.379
0.192
0.086
0.236
0.153
0.218
0.211
0.16
0.21
0.044
0.206
0.038
0.071
0.324
0.273
0.272
0.219
0.286
0.049
0.15
0.24
0.136
0.26
0.446
0.04
0.223
0.295
0.292
0.019
0.257
0.134
0.366
0.481
0.395
0.23
0.084
0.278
0.121
0.121
0.338
0.01
0.396
0.29
0.166
0.213
0.613
0.093
0.264
0.126
0.358
0.225
0.132
0.393
0.37
0.095
0.304
0.198
0.101
0.21
0.211
0.26
0.164
0.199
-0.017
0.17
0.46
0.196
0.138
0.45
0.069
0.263
0.2
0.046
0.253
0.024
0.108
0.298
0.167
0.172
0.192
0.279
0.08
0.38
0.094
0.316
0.065
0.194
0.304
0.139
0.254
0.093
0.194
0.257
0.207
0.091
0.247
0.163
0.046
0.182
0.35
0.005
0.262
0.255
0.261
0.181
0.312
0.374
0.156
0.107
0.175
0.323
0.181
0.074
0.096
0.254
0.095
0.079
0.125
0.131
0.383
0.378
0.356
0.122
0.112
0.28
0.298
0.241
0.233
0.295
0.301
0.304
0.003
0.256
0.245
0.102
0.407
0.185
0.069
0.301
0.313
0.176
0.258
0.208
0.242
0.295
0.155
0.391
0.116
0.259
0.164
0.141
0.488
0.227
0.35
0.142
0.289
0.204
0.31
0.082
0.276
0.076
0.15
0.211
0.255
0.185
0.415
0.302
0.386
0.193
0.08
0.114
0.188
0.341
0.228
0.146
0.084
0.238
0.003
0.101
0.003
0.113
0.043
0.18
0.518
0.383
0.193
0.241
0.118
0.124
0.107
0.098
0.054
0.294
0.212
0.217
0.136
0.146
0.408
0.436
0.216
0.36
0.291
0.153
0.134
0.104
0.156
0.27
0.145
0.166
0.214
0.209
0.274
0.284
0.19
0.03
0.077
0.119
0.162
0.34
0.204
0.303
0.073
0.157
0.07
0.238
0.104
0.368
0.126
0.094
0.11
0.265
0.101
0.074
0.224
0.184
0.181
0.095
0.397
0.09
0.199
0.272
0.351
0.188
0.188
0.223
0.18
0.1
0.167
0.139
0.1
0.325
0.173
0.153
-0.027
0.514
0.262
0.188
0.27
0.085
0.053
0.253
0.233
0.114
0.205
0.231
0.107
0.079
0.181
0.337
0.231
0.193
0.081
0.217
0.226
0.213
0.352
0.052
0.237
0.044
0.376
0.031
0.141
0.227
0.255
0.142
0.143
0.082
0.189
0.359
0.344
0.28
0.3
0.352
0.239
0.387
0.333
0.426
0.312
0.112
0.109
0.08
0.034
0.253
0.16
0.078
0.25
0.034
0.048
0.091
0.385
0.168
0.358
0.128
0.305
0.072
0.233
0.292
0.178
0.248
0.187
0.247
0.118
0.182
0.079
0.094
0.143
0.135
0.151
0.105
0.323
0.04
0.06
0.212
0.22
0.161
0.276
0.077
0.475
0.541
0.326
0.079
0.27
0.21
0.27
0.0
0.237
0.03
0.545
0.146
0.181
0.08
0.132
0.121
0.275
0.314
0.383
0.357
0.435
0.355
0.056
0.135
0.296
0.345
0.159
0.249
0.142
0.249
0.169
0.095
0.104
0.416
0.179
0.13
0.385
0.348
0.176
0.262
0.284
0.207
0.272
0.191
0.247
0.108
0.294
0.175
0.222
0.136
0.307
0.167
0.469
0.147
0.131
0.238
0.379
0.211
0.053
0.151
0.348
0.18
0.297
0.064
0.021
-0.064
0.239
0.132
0.306
-0.006
0.103
0.188
0.096
0.005
0.263
0.328
0.098
0.173
-0.055
0.254
0.132
0.118
0.316
0.101
0.167
0.193
0.058
0.292
0.024
0.104
0.102
0.216
-0.007
0.533
0.333
0.238
0.292
0.215
0.085
0.126
0.228
0.18
0.059
0.267
0.213
0.193
0.443
0.185
0.203
0.14
0.512
0.271
0.141
0.159
0.277
0.173
0.197
0.379
0.096
0.074
0.21
0.044
0.123
0.249
0.121
0.13
0.237
0.334
0.423
0.156
0.306
0.14
0.104
0.321
0.163
0.081
0.195
0.199
0.081
0.174
0.141
0.246
0.286
0.195
0.268
0.225
0.11
0.187
0.149
0.462
0.31
0.207
0.403
0.161
0.189
0.269
0.026
0.306
0.254
0.189
-0.019
0.012
0.203
0.212
0.026
0.231
0.265
0.261
0.122
0.264
0.131
0.181
0.297
0.123
0.341
-0.027
0.467
0.16
0.151
0.187
0.237
0.237
0.264
0.318
0.104
0.495
0.266
0.357
0.294
0.313
0.342
0.237
0.239
0.034
0.255
0.238
0.187
0.327
0.203
0.166
0.447
0.328
0.076
0.242
0.343
0.289
0.122
0.415
0.273
0.179
0.146
0.552
0.167
0.245
0.176
0.341
0.144
0.218
0.236
0.045
0.256
0.27
0.284
0.241
0.284
0.228
0.056
0.117
0.138
0.275
0.199
0.097
0.36
0.27
0.204
0.129
0.19
0.372
0.495
0.317
0.194
0.178
0.22
-0.039
0.255
0.469
0.039
0.187
0.194
0.132
0.104
0.275
-0.022
0.166
0.278
0.223
0.453
0.209
0.124
0.234
0.101
0.082
0.194
0.148
0.123
0.047
0.322
0.269
0.326
0.075
0.074
0.373
0.186
0.204
0.145
0.268
-0.019
0.073
0.216
0.287
0.139
0.386
0.164
0.212
0.239
0.131
0.156
0.247
0.05
0.255
0.153
0.36
0.336
0.286
0.249
0.375
0.196
0.189
0.276
0.022
0.306
0.248
0.07
0.136
-0.025
0.348
0.291
0.268
0.294
0.398
0.295
0.228
0.189
0.117
0.151
0.313
0.177
0.092
0.172
0.201
0.129
0.328
0.12
0.435
-0.016
0.259
0.182
0.262
0.096
0.098
0.142
0.176
0.042
0.093
0.188
0.407
0.216
0.11
-0.002
0.22
0.083
0.021
0.329
0.397
0.115
0.161
0.303
0.34
0.074
0.471
0.102
0.181
0.183
0.495
0.39
0.449
0.124
0.226
0.153
0.147
0.063
0.38
0.142
0.305
0.113
0.199
0.203
0.08
-0.012
0.443
0.091
0.193
0.028
0.39
0.026
0.315
0.167
0.055
0.24
0.119
0.11
0.252
0.106
0.559
0.299
0.193
0.171
0.067
-0.031
0.342
0.115
0.074
0.128
0.006
0.386
0.373
0.321
0.193
0.121
0.301
0.381
0.068
0.316
0.087
0.243
0.15
0.139
0.222
0.162
0.343
0.054
0.197
0.318
0.433
0.192
0.201
0.255
0.205
0.009
0.343
0.31
0.203
0.071
0.371
0.138
0.104
0.145
0.232
0.159
0.289
0.267
0.104
0.114
0.255
0.422
0.353
0.25
0.313
0.074
0.278
0.149
0.041
0.07
0.058
0.217
0.001
0.317
0.398
0.194
0.167
0.139
0.33
0.248
0.094
0.219
0.269
0.277
0.202
0.142
0.452
0.177
0.419
0.325
0.068
0.233
0.048
0.05
0.061
0.054
0.197
0.306
0.204
0.149
0.371
0.238
0.225
0.192
0.111
0.304
0.327
0.474
0.147
0.272
0.069
0.247
0.122
0.189
0.293
0.132
0.191
0.273
0.28
0.266
0.212
0.283
-0.01
0.223
0.414
0.238
0.245
0.045
0.232
0.336
0.13
0.158
0.132
0.177
0.265
0.205
0.184
0.205
0.174
0.16
0.333
0.262
0.14
0.253
0.257
0.393
0.093
0.083
0.126
0.396
0.16
0.181
0.2
0.101
0.293
0.133
0.214
0.134
0.22
0.03
0.133
0.222
0.16
0.069
0.167
0.413
0.105
0.153
0.285
0.393
0.137
0.28
0.242
0.257
0.232
0.26
0.124
0.253
0.284
0.149
0.346
0.174
0.208
0.188
0.131
0.276
0.119
0.104
0.304
0.274
0.34
0.236
0.322
-0.033
-0.038
0.507
0.256
0.205
0.203
0.088
0.283
0.172
-0.052
0.085
0.153
0.205
0.485
0.103
0.031
0.266
0.05
0.331
0.198
0.407
0.193
0.082
0.2
0.22
0.142
0.176
0.072
0.35
0.097
0.09
0.262
0.177
0.33
0.348
0.074
0.195
0.168
0.114
0.157
0.141
0.242
0.109
0.318
0.229
0.13
0.021
0.247
0.307
0.12
0.343
0.442
0.09
0.17
0.205
0.118
0.216
0.323
0.091
0.116
0.174
0.127
0.28
0.326
0.09
0.048
0.162
0.328
0.114
0.396
0.279
0.169
0.126
0.147
0.198
0.028
0.329
0.03
0.448
0.077
0.383
0.136
0.433
0.159
0.051
0.062
0.134
0.099
0.15
0.095
0.271
0.419
0.25
0.225
0.068
0.037
0.103
0.087
0.4
-0.012
0.262
0.403
0.26
0.214
0.233
0.252
0.171
0.066
0.388
0.274
0.067
0.27
0.228
0.158
0.34
0.075
0.292
0.107
0.131
0.303
0.15
0.136
0.221
0.126
0.133
0.198
0.177
0.258
0.213
0.239
0.258
0.11
0.228
0.12
0.325
0.122
0.03
0.042
0.141
0.251
0.356
0.296
0.088
0.322
0.264
0.155
0.21
0.159
0.264
0.289
0.182
0.105
0.32
0.303
0.159
0.27
0.079
0.312
0.109
0.168
0.159
0.214
0.278
0.366
0.077
-0.042
0.058
0.137
0.409
0.096
0.12
0.133
0.061
0.337
0.195
0.236
0.053
0.278
0.42
0.303
0.168
0.298
0.364
0.387
0.238
0.281
0.15
0.343
0.309
0.238
0.328
0.146
0.032
0.371
0.052
0.363
0.302
0.276
0.308
0.158
0.06
0.307
0.169
0.197
0.177
0.347
0.009
0.149
0.075
0.266
0.21
0.301
0.204
0.144
0.144
0.469
-0.017
0.196
0.039
0.199
-0.014
0.168
0.117
0.265
0.314
0.193
0.153
0.158
0.358
0.397
0.105
0.169
0.191
0.486
0.021
0.305
0.152
0.193
0.024
0.077
0.31
0.11
0.126
0.236
0.343
0.044
-0.01
0.122
0.16
0.199
0.19
0.215
0.072
0.271
0.163
0.091
0.108
0.069
0.187
0.197
0.201
0.088
0.162
0.194
0.477
0.443
0.212
0.368
0.317
0.301
0.263
0.191
0.038
0.267
0.07
0.364
0.251
0.091
0.264
0.134
0.24
0.075
0.078
0.182
0.144
0.152
0.043
0.205
0.181
0.353
0.117
0.122
0.239
0.11
0.156
0.353
0.161
0.203
0.298
0.295
0.124
0.119
0.294
0.243
0.265
0.156
0.142
0.412
0.133
0.126
0.276
0.249
0.23
0.179
0.105
0.105
0.257
0.323
0.109
0.193
0.223
0.123
0.179
0.388
0.326
0.179
0.171
0.324
0.307
0.306
0.286
0.213
0.302
0.09
0.221
0.232
0.067
0.072
0.088
0.386
0.355
0.178
0.279
0.146
0.207
0.136
0.314
0.149
0.1
0.017
0.242
0.291
0.061
0.032
0.116
0.148
0.261
0.198
0.119
0.32
0.158
0.313
0.042
0.058
0.09
0.196
0.066
0.233
0.459
0.363
0.111
0.384
0.16
0.366
0.272
0.438
0.443
0.101
0.449
-0.032
0.161
0.191
0.18
0.259
0.159
0.411
0.517
0.249
0.349
0.293
0.267
0.118
0.177
0.31
0.265
0.175
0.343
0.072
0.256
0.232
0.149
0.306
-0.082
0.226
0.108
0.125
0.168
0.329
0.226
0.314
0.187
0.161
0.19
0.337
0.167
0.227
0.155
0.298
0.164
0.35
0.185
0.074
0.417
0.364
0.051
0.455
0.14
0.08
0.29
0.132
0.116
0.347
0.234
0.183
0.129
0.192
0.207
0.22
0.321
0.185
0.414
0.141
0.133
0.018
0.202
0.173
0.199
0.319
0.409
0.064
0.173
0.422
0.215
0.205
0.172
0.036
0.22
0.204
0.053
0.219
0.116
0.255
0.24
0.265
0.234
0.2
0.443
0.141
0.238
0.22
0.205
0.327
0.311
0.32
0.324
0.171
0.304
0.092
0.314
0.141
0.192
0.115
0.27
0.455
0.169
0.2
0.003
0.25
0.247
0.052
0.071
0.374
0.223
0.185
0.22
0.244
0.111
0.321
0.45
0.148
0.101
0.305
0.168
0.199
0.35
0.442
0.132
0.18
0.037
0.078
0.095
0.152
0.092
0.145
0.139
0.214
0.126
0.125
0.185
0.182
0.202
0.327
0.235
0.301
0.133
0.284
0.248
0.147
0.335
0.326
0.07
-0.021
0.137
0.402
0.359
0.126
0.214
0.125
0.164
0.089
0.24
0.07
0.111
0.19
0.094
0.261
0.22
0.156
0.157
0.168
0.199
0.209
0.208
0.193
0.411
0.227
0.326
0.353
0.055
0.186
0.179
0.095
0.295
0.149
0.219
0.319
0.179
0.321
0.065
0.121
0.17
0.134
0.526
0.475
0.163
0.103
0.12
0.296
0.099
0.177
0.003
0.184
0.066
0.169
0.482
0.209
0.141
0.213
0.156
0.491
0.022
0.22
0.136
0.157
0.469
0.142
0.178
0.136
0.084
0.143
-0.006
0.364
0.11
0.233
0.119
0.213
0.077
0.14
0.094
0.227
0.082
0.365
0.275
0.072
0.082
0.056
0.212
0.308
0.166
0.022
0.411
0.18
0.22
0.425
0.181
0.122
0.269
0.216
0.24
0.228
0.533
0.086
0.248
0.132
0.184
0.157
0.09
0.141
0.113
0.371
0.144
0.132
0.344
0.334
0.227
0.091
0.317
0.163
-0.002
0.254
0.218
-0.009
0.204
0.251
0.225
0.186
0.194
0.151
0.198
0.185
0.217
0.189
0.179
0.152
0.375
0.338
0.098
0.158
0.208
0.121
0.291
0.163
0.357
0.251
0.072
-0.016
0.164
0.468
0.338
0.132
0.301
0.248
0.402
0.202
0.279
0.358
0.332
0.313
0.429
0.286
-0.005

