-0.044
0.089
-0.025
0.12
-0.002
0.018
-0.008
0.067
-0.073
0.052
0.029
0.034
0.043
-0.021
0.091
0.107
-0.012
-0.04
-0.11
0.087
0.042
-0.041
-0.069
-0.013
-0.013
-0.005
0.083
0.067
0.118
0.034
-0.005
0.182
0.157
0.077
0.037
0.064
-0.021
-0.015
-0.046
0.018
0.021
-0.046
0.062
-0.005
0.03
0.063
0.021
-0.005
0.062
0.031
0.008
0.036
-0.011
0.02
-0.011
0.016
0.052
-0.113
0.106
0.017
0.136
0.073
0.133
0.054
0.009
0.123
-0.08
0.135
0.071
0.04
0.004
-0.044
0.165
0.016
0.057
-0.054
0.042
0.016
-0.102
0.05
0.152
0.035
-0.039
-0.013
-0.014
0.097
0.029
0.072
0.117
0.012
0.024
0.122
-0.014
0.002
0.061
0.02
0.029
0.018
-0.053
-0.052
-0.039
-0.027
-0.006
-0.035
0.034
0.049
-0.044
0.143
0.024
0.076
0.052
0.15
-0.001
-0.015
0.108
-0.024
0.015
0.037
0.044
0.007
0.028
0.027
0.029
0.201
0.043
-0.005
0.0
0.006
-0.058
-0.028
0.116
-0.062
0.025
-0.003
0.044
0.034
0.032
0.118
0.023
-0.021
-0.021
0.104
0.141
-0.025
0.117
0.08
-0.015
0.206
0.122
0.025
-0.084
-0.089
-0.049
-0.112
-0.043
0.026
-0.001
0.031
0.1
0.007
0.052
-0.001
-0.067
0.022
0.172
0.027
-0.06
0.152
0.008
-0.002
0.016
0.045
0.08
0.116
-0.025
-0.029
0.027
-0.029
0.049
0.032
0.117
0.064
0.106
0.029
-0.007
-0.061
-0.001
0.051
-0.014
-0.001
0.037
0.008
-0.066
0.001
0.011
0.023
-0.005
0.089
0.103
-0.022
0.046
0.205
-0.026
-0.021
0.088
0.0
0.257
-0.038
-0.042
0.076
0.106
0.005
0.038
0.078
0.081
0.029
-0.045
0.031
0.155
-0.055
0.01
0.042
0.02
0.082
0.113
0.137
-0.088
-0.013
0.011
0.069
0.068
0.002
-0.05
0.022
0.016
0.021
0.0
0.11
0.063
-0.058
0.026
-0.043
0.052
-0.025
-0.009
-0.013
-0.03
0.253
0.007
-0.011
0.066
0.039
0.03
0.096
0.03
0.017
0.138
0.039
-0.006
-0.045
0.001
-0.025
0.04
0.025
0.02
0.038
-0.048
0.091
0.094
-0.045
-0.056
0.031
-0.029
-0.004
-0.039
0.068
0.133
-0.042
-0.065
0.031
0.088
0.043
0.051
0.098
0.202
-0.014
0.009
-0.03
-0.045
0.144
0.086
-0.004
-0.028
0.025
-0.058
-0.059
0.016
-0.026
-0.071
-0.05
0.039
-0.01
0.083
-0.014
0.154
0.096
0.04
0.131
0.064
0.2
0.015
-0.027
-0.022
-0.023
0.068
-0.052
-0.034
-0.025
0.021
-0.037
-0.014
0.154
0.027
-0.023
-0.025
0.038
0.127
0.034
-0.005
-0.023
0.066
-0.026
0.083
-0.065
0.009
0.021
0.051
0.038
0.042
-0.042
0.089
-0.047
0.113
-0.1
0.123
0.149
0.045
0.039
0.014
-0.025
-0.011
-0.03
-0.001
0.113
0.137
0.04
-0.011
-0.031
0.052
-0.003
0.082
0.097
-0.001
0.021
0.044
0.08
-0.016
0.221
-0.029
-0.005
0.011
0.043
0.037
-0.064
-0.003
0.059
-0.035
0.108
-0.033
0.156
-0.021
0.034
0.093
0.022
0.152
-0.028
0.023
0.021
0.063
0.052
0.116
0.004
0.026
-0.004
-0.058
-0.047
0.0
0.097
0.001
0.001
0.077
0.057
0.027
0.029
0.154
-0.035
0.111
0.065
-0.073
-0.033
-0.031
0.027
-0.029
0.024
0.12
0.032
0.204
-0.099
0.152
0.008
0.027
-0.004
0.091
-0.018
0.096
-0.012
0.069
0.069
0.065
0.06
0.054
0.034
-0.089
0.032
-0.026
-0.052
-0.004
0.011
0.117
0.146
0.19
0.03
-0.075
0.063
-0.052
-0.053
0.003
-0.044
0.083
0.046
-0.047
0.078
0.003
-0.014
0.039
0.029
0.027
0.033
0.03
-0.017
0.018
0.045
0.182
0.119
0.119
0.155
-0.014
-0.064
-0.027
0.011
0.065
-0.1
0.012
0.111
0.067
0.098
0.046
-0.016
0.047
0.016
-0.055
0.078
0.02
0.016
-0.054
0.007
0.084
0.049
0.06
0.015
0.028
0.075
0.009
0.066
0.043
-0.01
0.015
0.033
0.006
-0.021
0.067
-0.017
-0.022
0.086
0.041
0.003
-0.039
0.032
-0.083
0.036
0.049
0.175
0.174
0.111
0.075
0.065
-0.031
0.003
0.073
0.05
-0.003
0.032
0.094
-0.001
0.128
0.063
0.053
0.023
0.04
0.117
0.021
-0.027
0.042
0.007
0.024
-0.006
0.027
0.022
0.112
0.013
-0.032
-0.087
-0.036
0.004
0.034
0.005
0.186
0.008
0.109
-0.015
0.107
0.104
0.164
0.019
0.039
0.058
-0.043
0.075
0.081
0.031
0.064
0.061
-0.013
0.009
-0.011
-0.047
-0.006
0.035
0.081
0.038
0.173
0.106
-0.117
0.047
0.009
-0.043
0.006
0.003
0.042
0.008
-0.02
0.08
0.066
0.004
0.037
0.096
0.119
0.035
-0.046
-0.03
0.1
-0.073
0.072
0.014
-0.065
0.08
0.093
0.081
0.079
-0.068
0.003
0.055
0.051
0.066
0.068
0.073
0.036
-0.071
0.007
-0.016
0.064
-0.076
-0.024
0.009
0.01
0.058
0.032
0.015
0.02
0.077
-0.016
-0.075
-0.068
0.008
0.086
-0.008
0.083
-0.023
0.025
0.069
0.155
0.056
0.008
0.072
-0.044
0.051
0.005
0.005
0.098
-0.051
0.057
-0.043
0.053
-0.008
-0.023
0.14
-0.054
0.018
0.005
-0.015
-0.027
0.134
0.034
-0.011
-0.022
0.003
0.049
-0.023
0.171
-0.007
0.019
0.042
-0.006
-0.03
0.024
-0.051
-0.006
0.038
0.073
0.007
0.009
-0.016
0.149
0.005
0.099
-0.027
0.018
0.003
-0.03
0.009
-0.042
-0.023
0.126
0.014
0.002
-0.051
0.01
0.17
-0.089
-0.016
-0.068
0.145
0.034
-0.015
0.055
0.066
0.008
0.153
-0.002
0.013
0.049
-0.02
-0.012
0.107
-0.01
0.041
-0.066
0.101
0.109
0.091
-0.005
0.03
0.051
0.145
0.176
0.074
0.004
0.113
0.081
0.006
-0.054
0.18
-0.066
0.003
0.032
0.152
0.036
0.049
-0.091
-0.008
0.04
0.041
0.05
-0.062
0.071
0.117
0.106
0.081
0.041
0.051
0.138
0.057
0.08
0.028
0.056
-0.001
0.023
0.05
0.064
0.09
0.117
0.037
0.053
0.014
0.084
0.039
0.047
0.146
-0.003
0.059
0.051
0.008
-0.078
-0.075
-0.055
0.111
-0.046
0.003
0.042
0.017
-0.022
-0.068
0.023
-0.008
0.034
0.065
0.014
-0.02
0.015
-0.061
0.007
0.036
0.132
-0.032
0.07
-0.024
0.126
0.07
-0.067
0.036
-0.034
-0.025
0.011
0.01
0.022
0.068
-0.031
0.049
-0.001
0.121
0.023
0.138
0.027
0.061
0.001
0.039
0.103
0.108
0.049
0.007
-0.003
-0.034
0.098
0.021
-0.013
0.015
0.071
-0.034
0.031
0.101
0.035
0.04
0.081
0.003
-0.023
0.005
0.03
0.091
-0.028
-0.007
0.107
-0.077
0.0
0.06
0.053
-0.005
0.004
0.03
-0.045
0.037
0.132
-0.011
0.074
-0.008
0.096
0.048
0.041
-0.109
0.008
0.163
-0.066
0.099
-0.018
0.014
0.037
0.002
0.091
-0.033
0.014
0.086
-0.021
0.047
-0.013
-0.022
-0.063
0.053
0.01
-0.016
0.084
-0.059
0.064
0.09
-0.039
0.046
0.058
-0.042
0.001
0.074
-0.012
-0.004
-0.038
0.121
-0.042
0.077
-0.033
0.017
0.042
-0.056
0.033
-0.051
0.166
-0.031
0.014
-0.005
0.069
0.193
0.031
0.025
0.015
0.114
0.0
0.064
-0.027
0.085
0.04
0.069
0.012
0.102
0.027
0.146
0.073
0.041
0.047
0.101
-0.008
0.007
-0.032
-0.004
0.058
0.006
0.013
-0.043
0.015
0.043
-0.038
-0.05
-0.043
0.058
0.043
0.185
0.011
0.033
0.078
-0.027
0.04
0.022
0.092
-0.084
0.037
0.092
0.124
-0.033
0.145
-0.029
0.044
0.005
0.065
0.22
-0.084
0.057
-0.003
0.103
0.226
-0.083
0.182
-0.017
0.028
-0.058
-0.02
0.091
0.034
-0.035
0.045
-0.047
0.066
0.173
0.061
0.049
-0.031
-0.075
0.007
0.044
-0.109
0.112
-0.034
0.093
-0.081
0.114
-0.05
0.023
-0.013
0.001
-0.096
-0.043
0.048
0.1
0.046
-0.031
-0.048
-0.021
0.042
0.034
0.046
0.145
0.017
0.015
0.01
0.09
0.062
0.062
0.022
-0.027
0.027
-0.027
0.079
0.024
0.062
0.094
0.039
-0.011
-0.037
0.023
0.048
0.072
0.013
0.139
-0.049
-0.019
-0.038
0.11
0.012
0.001
0.034
0.166
-0.001
0.113
0.056
0.025
0.003
0.094
0.056
0.046
0.039
-0.076
-0.049
0.058
0.039
0.002
0.142
0.083
-0.01
-0.082
-0.032
0.021
0.007
0.068
-0.038
0.159
0.031
-0.024
0.169
0.121
-0.014
0.024
0.055
-0.089
0.013
0.002
0.164
-0.002
0.132
0.072
-0.074
0.083
-0.045
0.009
-0.013
-0.058
0.026
0.01
0.064
0.022
0.037
0.182
-0.022
0.025
0.062
-0.011
0.05
0.021
0.033
0.057
-0.049
0.127
0.018
-0.066
-0.022
-0.033
-0.1
-0.082
-0.027
0.017
0.036
-0.034
-0.033
0.099
0.015
-0.001
0.003
0.017
0.024
0.065
-0.072
0.037
0.025
0.049
0.082
0.102
0.047
-0.018
-0.029
0.15
0.087
0.158
0.018
0.11
0.036
-0.035
-0.019
0.015
0.067
0.101
0.026
0.034
0.097
0.036
0.123
0.046
0.077
-0.037
-0.122
0.006
-0.026
0.175
-0.054
0.115
0.165
0.142
0.083
0.007
-0.049
0.167
0.094
0.058
0.037
0.144
0.005
0.05
0.04
0.039
0.022
-0.001
0.077
-0.023
-0.027
0.076
0.009
0.057
0.064
-0.08
-0.009
0.032
0.009
0.078
0.107
0.092
0.082
-0.076
0.105
-0.036
0.218
0.006
0.143
0.036
0.126
0.005
-0.018
0.024
0.018
0.038
0.043
0.037
0.146
0.133
-0.01
0.138
0.022
0.02
0.004
-0.003
0.118
0.077
0.014
-0.103
0.028
0.003
-0.007
-0.061
0.041
0.048
-0.026
-0.034
0.102
0.103
0.063
0.04
-0.098
0.055
0.081
0.153
0.089
0.026
0.119
-0.038
-0.048
0.078
0.08
0.099
0.081
0.051
0.089
0.168
0.019
-0.048
0.026
0.09
0.095
0.029
0.094
0.125
0.025
-0.051
0.086
-0.018
-0.026
0.028
-0.014
0.099
0.273
0.021
-0.037
-0.057
0.153
0.017
-0.086
0.066
0.018
0.078
0.016
0.017
0.114
-0.051
-0.009
-0.126
-0.023
0.072
0.057
0.008
-0.03
-0.002
0.16
0.133
0.001
-0.061
0.093
0.136
0.04
0.173
0.162
-0.043
0.118
0.059
0.143
-0.074
0.0
-0.034
-0.08
0.027
0.004
0.002
0.057
-0.059
0.161
0.124
0.072
0.004
0.12
0.028
-0.028
-0.023
-0.009
0.001
-0.047
0.084
-0.019
0.086
0.022
-0.056
0.091
-0.054
0.054
0.036
-0.005
0.001
0.008
0.047
-0.034
0.05
0.036
-0.063
-0.057
0.103
-0.023
-0.017
0.048
0.106
0.152
0.001
-0.094
0.04
0.023
-0.024
0.052
-0.038
0.042
0.047
0.088
0.005
0.008
0.103
0.093
0.083
0.014
-0.05
0.025
0.006
0.016
0.059
0.0
0.027
0.023
-0.041
0.022
0.047
0.015
0.051
0.066
0.033
0.073
0.038
0.145
0.111
-0.044
0.106
-0.004
-0.035
0.083
0.029
0.06
0.03
-0.012
0.244
0.108
0.155
0.025
0.01
0.003
0.094
0.223
0.02
0.051
0.037
0.225
0.105
0.04
0.037
0.095
-0.006
0.016
-0.056
0.11
-0.034
0.051
0.054
0.001
0.057
0.08
0.093
0.006
0.085
0.066
0.171
0.015
-0.017
0.057
0.054
0.09
0.069
-0.005
0.046
0.047
0.057
0.162
0.143
0.068
0.007
-0.01
0.037
0.149
0.12
0.085
0.078
0.071
-0.037
-0.003
0.012
0.072
0.003
0.042
-0.05
-0.114
0.119
0.089
0.032
0.085
0.041
0.06
0.067
0.051
-0.016
0.094
0.123
0.051
-0.024
0.229
-0.062
0.051
0.007
0.041
0.086
0.01
0.02
0.011
0.022
0.028
0.003
0.073
-0.062
-0.033
0.061
0.05
0.091
-0.117
0.026
-0.047
0.047
0.083
-0.027
0.137
0.073
-0.052
0.114
-0.039
0.063
-0.005
0.07
0.021
0.079
-0.069
0.157
-0.072
0.076
0.033
0.05
0.026
0.069
0.014
-0.024
0.102
0.154
-0.025
0.066
0.041
-0.005
-0.009
0.018
-0.035
-0.026
0.051
0.071
0.069
0.073
0.056
0.039
0.014
0.02
0.037
-0.069
0.071
0.042
-0.052
-0.055
-0.001
0.034
0.078
0.16
0.024
0.092
0.007
-0.053
0.055
0.059
0.069
0.052
-0.017
-0.05
0.2
0.053
0.024
0.007
0.049
0.135
0.0
0.004
0.134
-0.047
0.041
0.001
0.132
-0.111
0.174
0.061
0.06
-0.1
0.15
-0.09
0.043
-0.002
0.011
0.015
0.178
0.042
0.071
0.044
0.021
0.027
0.077
0.03
0.056
-0.043
0.014
0.073
0.171
-0.042
0.034
0.076
-0.021
0.124
0.077
0.031
0.074
0.051
0.011
0.099
0.084
0.049
-0.01
0.06
-0.059
-0.02
0.002
0.158
0.083
0.038
-0.065
0.019
0.015
-0.029
0.02
-0.033
0.122
-0.092
0.037
-0.047
0.069
0.108
0.045
0.036
-0.035
0.064
-0.036
0.016
0.004
-0.029
-0.01
0.048
0.098
0.084
-0.052
-0.022
0.1
0.003
-0.013
0.062
0.022
0.083
0.178
0.161
0.076
-0.007
-0.058
0.024
0.028
0.098
0.067
0.024
0.025
-0.018
0.052
0.116
-0.01
0.054
-0.008
0.102
0.14
0.054
0.12
0.049
0.014
-0.051
0.218
0.091
0.065
-0.016
0.056
0.064
0.076
-0.012
-0.062
-0.042
0.006
-0.049
-0.086
0.057
0.005
0.076
0.021
-0.012
0.081
0.0
0.081
0.079
0.098
-0.002
0.089
-0.011
0.036
0.06
0.083
-0.035
0.083
0.003
0.025
-0.002
-0.024
0.055
0.065
0.001
0.026
0.021
-0.028
0.003
0.046
0.043
-0.016
0.11
0.162
0.085
-0.027
-0.043
0.047
0.024
-0.017
0.075
0.074
-0.016
0.048
0.08
0.013
0.038
0.197
0.102
-0.001
-0.031
0.015
0.086
0.141
0.084
0.032
0.084
0.037
0.07
0.036
0.004
-0.038
0.019
0.007
0.075
-0.005
-0.015
0.007
-0.004
-0.053
-0.033
0.003
-0.027
0.258
0.015
-0.059
-0.046
-0.006
-0.083
-0.078
0.061
0.129
0.048
0.055
0.004
-0.028
0.003
0.126
0.006
0.005
0.024
0.198
-0.058
0.023
-0.04
0.062
0.182
0.029
0.001
-0.017
0.167
-0.048
0.032
-0.004
-0.048
-0.001
0.051
0.062
0.153
-0.034
0.03
0.053
-0.005
-0.056
0.033
-0.06
0.058
-0.031
0.099
0.029
-0.072
0.061
-0.071
0.123
0.025
-0.054
0.136
-0.024
-0.066
0.071
-0.043
0.025
-0.039
0.071
-0.09
0.014
-0.093
0.028
-0.062
0.147
-0.014
0.05
0.071
0.056
0.154
0.064
0.022
0.033
0.135
-0.055
0.115
-0.025
0.057
-0.057
0.177
0.057
0.142
0.06
0.103
0.084
-0.016
0.046
0.037
-0.019
0.099
0.017
0.024
0.02
0.018
0.087
-0.038
0.003
0.169
0.032
0.064
0.013
0.037
0.017
-0.021
0.016
0.259
0.168
0.002
-0.027
-0.09
0.008
0.053
0.031
0.077
-0.102
0.126
0.133
-0.023
-0.033
0.038
0.059
0.116
0.022
0.017
-0.005
-0.013
0.006
0.047
-0.009
0.021
-0.01
0.049
0.062
-0.059
0.05
0.125
0.118
0.074
0.08
-0.045
0.045
-0.002
0.113
0.006
-0.013
-0.006
0.085
0.102
0.025
0.026
0.155
0.049
0.083
-0.001
0.103
-0.002
0.015
0.029
0.009
-0.044
0.08
-0.067
0.006
0.053
0.078
0.006
0.052
0.103
0.064
0.004
0.034
-0.002
-0.005
-0.006
-0.028
0.056
-0.016
0.031
0.016
0.05
0.038
0.108
0.168
0.073
0.112
-0.032
0.076
0.07
0.054
-0.021
0.047
0.0
0.035
0.017
0.007
0.075
0.083
-0.016
0.05
0.061
0.131
0.061
-0.028
0.01
0.157
-0.053
-0.023
0.194
-0.057
-0.048
0.051
-0.029
-0.044
0.192
0.018
0.06
0.103
0.1
0.032
0.071
-0.033
-0.036
0.0
0.002
-0.03
0.115
0.1
0.042
0.047
-0.065
0.158
0.05
-0.08
-0.055
-0.014
-0.022
0.143
0.095
0.015
0.044
-0.007
-0.107
0.03
0.095
0.074
0.154
0.025
-0.022
0.083
0.102
0.154
0.018
0.058
0.164
0.078
0.183
0.069
0.011
0.005
0.04
0.054
-0.024
0.16
0.053
-0.025
-0.019
0.003
0.031
-0.001
-0.021
0.046
-0.002
0.065
0.019
0.103
0.017
0.006
-0.058
0.035
0.023
0.054
0.234
0.052
-0.05
0.022
0.023
-0.025
0.003
-0.015
-0.008
-0.046
0.005
0.091
-0.033
0.037
0.049
0.021
0.043
0.089
0.017
0.05
-0.057
0.081
0.07
0.074
-0.015
0.029
0.062
0.106
-0.017
-0.031
-0.061
0.105
0.094
0.005
0.043
0.074
0.012
-0.002
0.048
0.026
-0.053
0.03
0.128
0.027
-0.019
-0.042
0.066
-0.012
0.016
0.002
-0.039
0.041
0.033
-0.015
0.023
0.174
0.046
-0.051
0.091
-0.04
0.074
-0.037
0.134
0.043
0.107
0.013
0.067
0.09
0.103
-0.002
0.069
-0.027
0.01
-0.031
-0.017
-0.053
0.032
-0.004
0.019
0.078
0.084
-0.022
0.028
0.004
-0.082
0.0
-0.032
-0.019
0.148
-0.064
0.021
-0.014
0.071
-0.011
0.003
0.137
0.021
0.168
0.064
-0.073
-0.004
0.06
-0.039
0.034
0.045
0.122
0.089
0.016
0.107
-0.064
-0.015
0.095
0.109
0.003
0.051
0.024
0.059
0.035
0.055
-0.018
0.077
0.013
0.051
0.066
0.06
0.036
-0.007
0.053
0.029
0.104
0.059
0.084
-0.049
0.014
0.075
0.045
0.01
0.092
0.016
0.004
0.008
-0.016
0.004
-0.009
0.035
-0.062
-0.064
0.067
0.011
-0.018
0.02
0.012
-0.065
0.014
0.019
0.006
0.104
-0.037
-0.013
0.013
0.0
0.005
0.049
0.012
0.117
0.006
-0.115
0.096
-0.035
0.085
0.05
-0.099
0.001
-0.008
0.021
0.001
0.102
0.012
-0.029
0.053
0.006
0.087
0.036
0.04
0.016
0.109
-0.035
0.047
-0.023
0.066
-0.071
-0.006
0.069
0.012
-0.003
0.032
0.116
-0.035
0.126
0.031
0.017
0.045
-0.029
-0.029
-0.03
-0.045
-0.003
0.006
0.027
0.044
0.057
0.116
-0.041
0.042
0.036
0.016
0.073
0.08
0.092
0.091
0.043
0.056
0.001
-0.024
-0.029
-0.015
0.037
-0.03
0.049
0.094
-0.06
0.102
-0.085
0.109
0.062
-0.063
0.041
0.088
0.04
0.088
-0.036
0.024
0.05
0.027
0.004
0.064
0.084
0.003
0.06
0.012
0.08
0.099
0.054
0.193
0.067
-0.041
-0.01
-0.054
0.125
-0.035
0.027
-0.041
0.051
0.02
-0.04
-0.003
0.001
0.015
0.006
0.009
-0.035
-0.085
-0.02
0.156
0.019
0.078
-0.045
0.038
0.052
0.176
0.0
0.001
0.045
0.049
0.009
-0.007
0.08
0.093
0.021
0.042
-0.041
0.019
0.055
0.056
-0.039
0.005
0.007
0.074
-0.037
-0.023
-0.027
0.043
0.039
-0.032
0.173
-0.075
0.018
0.052
0.053
-0.02
0.0
-0.012
0.032
-0.022
0.123
0.035
-0.046
-0.034
0.107
0.019
0.033
0.015
0.004
-0.044
-0.02
-0.046
0.053
0.014
0.019
-0.001
-0.092
0.222
-0.006
0.0
0.206
-0.001
0.016
0.064
0.08
0.092
0.006
0.086
-0.024
-0.002
0.05
0.14
0.031
0.013
0.058
-0.114
-0.016
0.074
0.019
0.02
0.063
-0.029
0.055
-0.087
0.037
0.005
0.016
0.024
0.03
0.064
0.155
0.07
-0.045
0.025
-0.036
0.156
-0.038
0.064
-0.002
0.084
0.036
0.134
0.077
0.076
0.149
0.013
0.157
0.089
0.009
0.013
0.064
0.008
-0.005
0.045
-0.006
-0.008
0.008
0.093
0.068
-0.005
-0.061
0.007
0.011
0.025
0.043
0.043
-0.084
-0.024
0.045
0.027
0.151
0.0
-0.047
0.051
0.018
0.023
0.038
-0.018
0.028
0.041
-0.042
0.039
-0.066
0.026
0.072
0.051
-0.023
0.013
0.195
0.137
0.049
0.129
-0.026
0.001
0.131
0.008
0.017
0.073
-0.013
-0.013
-0.022
0.017
0.146
-0.101
-0.076
0.002
-0.013
0.006
0.018
0.108
-0.002
0.042
-0.031
-0.05
0.005
-0.014
0.108
0.074
-0.03
-0.072
0.012
0.044
0.162
0.136
-0.022
0.042
0.013
0.042
0.071
0.088
0.034
0.077
-0.036
0.099
0.149
0.131
0.059
-0.057
0.032
-0.028
0.049
-0.024
0.154
-0.082
0.125
0.045
-0.014
0.066
0.015
0.018
-0.059
-0.02
0.001
-0.055
0.044
0.021
0.045
-0.006
0.008
-0.045
-0.042
-0.023
0.028
0.049
-0.01
0.163
-0.001
0.056
0.068
0.034
0.051
0.052
0.039
-0.128
0.081
-0.003
0.152
0.024
0.028
0.033
0.01
0.081
0.023
0.152
-0.042
-0.017
0.096
-0.013
0.068
0.01
0.124
0.032
0.06
-0.004
0.012
0.047
0.076
0.085
0.052
0.115
0.025
0.063
0.022
-0.051
0.077
0.093
-0.021
-0.029
0.0
0.01
0.069
-0.008
0.084
0.045
0.008
0.068
-0.064
-0.059
-0.002
0.053
-0.015
-0.056
0.055
0.06
0.079
0.152
-0.019
0.023
0.107
0.015
0.001
-0.007
0.074
0.126
-0.014
-0.024
-0.041
0.091
0.006
0.023
-0.036
0.173
0.235
0.0
0.016
0.007
-0.154
0.108
0.059
0.152
0.08
-0.042
-0.005
0.12
-0.023
-0.017
0.025
0.082
0.106
0.073
0.075
0.042
0.103
0.067
0.011
0.017
0.044
0.065
0.047
-0.095
-0.005
0.026
0.042
-0.021
-0.013
0.032
0.087
0.002
0.062
0.21
0.041
-0.046
0.105
-0.098
-0.045
0.082
0.026
-0.038
-0.037
0.13
0.027
0.123
0.044
0.058
0.079
0.022
-0.033
0.04
-0.008
0.099
-0.067
0.037
0.008
-0.046
-0.035
-0.045
0.055
-0.043
-0.003
-0.032
0.14
0.038
0.019
0.136
0.024
-0.01
0.036
0.013
-0.036
0.089
0.051
0.06
0.118
0.163
0.081
0.142
0.101
0.153
-0.028
0.022
0.06
-0.029
0.0
0.031
0.215
-0.021
0.043
-0.116
0.113
-0.044
0.049
0.036
0.052
-0.015
-0.025
0.09
-0.018
-0.017
-0.022
0.135
-0.046
0.072
0.002
0.033
0.153
0.108
0.147
0.137
0.003
0.046
-0.029
0.051
-0.013
0.013
0.011
0.038
-0.072
-0.031
-0.022
0.161
0.021
0.077
0.03
-0.029
0.006
0.012
-0.063
0.028
-0.01
-0.041
-0.023
-0.019
0.035
0.042
0.073
0.148
0.052
0.112
0.057
-0.033
0.01
0.026
-0.01
0.014
-0.003
-0.02
0.183
0.079
-0.054
0.08
0.008
0.036
0.177
0.164
0.083
0.071
-0.047
-0.006
-0.029
-0.014
0.088
0.016
-0.05
0.036
0.119
0.067
-0.02
0.034
0.111
0.037
-0.018
-0.011
-0.068
0.066
0.054
0.038
-0.089
0.08
-0.082
0.021
0.057
-0.058
-0.006
-0.027
0.134
0.101
0.134
0.165
0.064
-0.049
-0.037
0.08
0.027
-0.053
0.021
0.006
-0.002
0.174
0.086
0.059
-0.094
0.075
0.061
-0.07
0.029
-0.012
-0.048
0.08
0.035
0.119
0.16
0.152
0.039
0.05
0.008
0.127
-0.011
-0.021
0.059
-0.012
0.065
0.195
-0.006
0.119
-0.004
0.115
-0.065
-0.059
0.053
0.001
0.175
0.081
-0.04
-0.075
0.058
0.189
0.105
0.01
0.022
-0.061
0.12
0.056
0.03
0.088
0.045
0.001
0.044
-0.029
-0.022
0.011
0.095
0.057
0.065
-0.012
-0.009
0.025
-0.029
-0.014
-0.026
0.071
-0.032
0.104
0.01
0.032
0.118
0.134
0.126
0.061
-0.016
0.015
0.157
0.055
0.062
-0.04
0.023
0.052
-0.007
0.171
0.114
-0.013
0.042
0.119
-0.01
0.046
0.082
-0.011
-0.051
-0.055
-0.069
0.052
0.086
0.08
-0.066
0.012
-0.056
0.154
0.228
-0.019
-0.002
0.079
0.049
0.052
0.057
0.005
-0.024
0.021
0.059
0.146
0.036
-0.001
0.01
-0.042
0.017
0.132
0.135
0.078
0.01
0.006
0.017
-0.017
-0.003
-0.003
-0.018
-0.017
0.063
-0.04
0.018
0.011
-0.018
0.115
0.013
0.111
-0.006
0.038
-0.02
0.008
0.137
-0.011
0.078
0.224
0.021
0.022
-0.106
0.033
0.081
0.017
-0.03
-0.003
0.041
0.047
0.104
-0.036
-0.002
-0.015
-0.013
0.072
0.123
-0.037
0.002
0.058
0.014
-0.072
-0.1
0.06
0.011
-0.002
0.086
-0.104
-0.027
-0.045
-0.007
0.061
0.069
0.02
0.06
0.003
-0.016
0.06
0.123
-0.054
0.011
0.017
-0.024
0.054
-0.047
0.028
-0.023
-0.05
0.057
0.051
0.037
0.176
-0.036
-0.013
-0.107
0.084
0.042
0.012
0.085
0.029
0.002
-0.036
0.099
0.072
0.073
0.017
0.025
0.077
0.047
0.007
0.052
0.042
0.096
0.075
0.08
0.001
0.05
-0.004
0.062
-0.015
0.053
-0.066
-0.05
0.011
0.047
0.103
0.007
-0.006
0.105
-0.01
0.019
0.017
-0.015
0.113
0.094
0.158
-0.038
0.059
-0.024
-0.034
0.045
0.063
0.064
-0.007
0.022
-0.033
-0.041
0.09
0.093
0.046
0.028
-0.014
0.119
-0.118
0.158
0.027
0.024
-0.012
0.254
0.08
-0.068
-0.012
0.096
0.101
0.053
0.083
0.06
-0.061
0.013
0.146
-0.001
0.033
-0.04
0.109
0.061
-0.042
-0.004
-0.007
-0.015
0.048
0.013
-0.028
-0.079
0.019
-0.02
0.009
-0.02
-0.035
-0.07
0.014
0.013
0.049
0.03
0.028
0.014
0.029
0.017
-0.007
-0.022
0.007
-0.025
0.061
0.041
0.039
0.224
-0.021
0.04
-0.039
-0.006
0.117
0.003
0.017
0.0
-0.069
-0.06
0.053
0.016
-0.029
-0.05
-0.052
0.016
-0.019
0.026
0.025
0.05
0.049
0.052
0.057
0.11
0.064
0.069
-0.009
-0.13
0.01
0.123
-0.017
-0.01
-0.002
0.002
0.038
-0.047
-0.098
0.028
-0.068
-0.055
0.022
0.088
0.031
0.104
0.031
0.101
0.02
-0.01
0.051
0.006
-0.037
0.04
-0.055
0.073
0.021
0.021
0.021
0.015
0.0
0.047
0.144
0.051
-0.008
-0.016
0.086
0.035
0.05
-0.102
0.056
0.057
0.054
-0.075
0.089
0.163
0.053
0.084
-0.09
0.07
-0.012
-0.014
-0.015
0.053
-0.019
-0.046
0.06
0.035
0.028
0.004
0.063
0.084
0.003
-0.051
0.034
0.073
0.072
0.02
0.094
0.102
0.02
-0.028
0.02
-0.021
0.045
0.082
0.013
0.011
0.035
-0.03
-0.064
-0.051
0.026
0.042
-0.005
0.034
0.086
-0.056
0.091
-0.09
0.103
0.101
0.008
0.133
0.112
-0.044
-0.017
0.065
0.071
-0.009
0.016
0.134
0.018
0.025
0.04
-0.043
0.081
0.064
-0.115
0.095
0.078
-0.019
-0.011
0.085
-0.007
-0.042
0.064
-0.038
0.107
0.043
0.0
0.067
0.072
-0.025
0.033
0.045
0.09
0.057
0.119
0.086
0.014
0.025
-0.11
-0.011
0.011
-0.057
-0.004
-0.045
0.121
0.04
0.059
0.02
0.059
0.053
-0.081
0.016
0.009
0.096
0.057
0.088
0.06
0.049
0.031
0.01
-0.011
-0.025
0.061
0.024
-0.014
0.057
0.019
-0.012
0.053
-0.04
0.07
0.004
-0.02
-0.003
0.057
0.016
0.095
0.033
0.063
0.075
-0.106
0.071
0.019
0.122
0.035
0.019
0.072
0.028
0.052
0.031
0.006
0.07
0.153
0.063
0.083
0.029
-0.05
-0.018
0.095
-0.04
0.023
-0.004
0.016
-0.013
-0.014
0.18
-0.047
-0.016
0.047
-0.031
0.073
0.072
-0.038
-0.005
0.037
0.108
0.128
0.017
0.047
0.033
0.223
0.017
0.02
-0.046
0.041
0.06
-0.07
0.053
0.002
0.161
0.02
-0.014
0.115
-0.009
0.002
0.003
0.066
0.021
0.131
-0.021
-0.058
-0.057
-0.03
-0.028
0.091
0.052
0.1
0.025
-0.023
0.029
0.014
0.239
-0.061
-0.012
0.042
-0.005
0.105
-0.018
0.009
-0.045
0.064
-0.038
0.01
0.01
0.005
0.028
-0.016
-0.064
-0.02
-0.032
0.139
0.139
0.025
0.065
0.136
0.068
0.098
-0.014
0.067
-0.029
0.033
-0.043
0.061
0.13
0.023
0.042
-0.003
-0.002
0.063
0.01
0.027
0.078
0.08
0.025
-0.029
-0.005
0.194
0.256
0.053
-0.004
-0.032
0.213
0.182
0.018
0.043
0.015
-0.024
0.012
0.03
-0.013
-0.082
-0.038
0.009
0.052
-0.023
0.095
0.002
0.117
0.015
0.029
-0.011
0.03
0.077
-0.07
-0.05
0.017
-0.007
0.097
0.016
0.01
0.047
-0.03
0.047
-0.017
0.016
-0.067
0.033
0.07
0.006
0.167
0.057
0.037
0.059
-0.002
0.004
-0.1
-0.137
-0.047
0.037
0.048
0.027
0.009
0.003
0.066
-0.009
-0.045
0.152
0.08
0.051
-0.074
0.045
-0.037
0.008
0.029
-0.038
-0.023
0.034
-0.038
0.162
0.059
0.092
0.067
-0.047
0.049
0.037
-0.007
0.054
0.046
-0.071
0.059
-0.061
0.07
-0.068
0.097
-0.003
0.067
0.013
0.041
0.091
0.088
0.028
0.09
0.142
0.028
-0.042
-0.058
0.075
-0.017
0.064
-0.064
0.036
0.061
0.061
-0.042
0.155
0.005
0.023
0.044
-0.004
0.115
0.162
0.094
0.023
0.006
-0.006
0.047
-0.078
0.08
0.051
0.049
0.006
0.022
-0.033
0.054
0.111
0.108
0.097
-0.005
-0.053
0.065
-0.052
-0.047
0.027
0.0
0.125
0.034
0.156
0.053
0.012
-0.037
0.012
0.085
0.054
0.034
0.047
-0.004
0.058
0.012
0.075
0.091
-0.028
0.063
0.167
-0.012
-0.005
-0.027
0.071
-0.056
-0.029
-0.022
0.028
0.012
-0.087
0.033
-0.04
0.06
0.147
0.092
0.119
0.04
0.006
0.063
-0.021
0.077
0.043
0.028
-0.082
0.289
0.024
0.022
-0.078
0.137
-0.003
-0.023
0.076
-0.012
0.023
0.211
0.089
-0.072
0.001
-0.04
0.207
0.037
0.072
-0.07
0.006
-0.028
0.108
0.096
-0.023
0.036
0.044
0.042
-0.002
0.03
0.046
0.061
0.133
0.039
-0.023
0.039
0.02
-0.016
0.039
-0.011
0.076
0.014
0.038
0.054
-0.012
0.023
0.077
0.022
0.053
-0.029
0.119
0.061
0.038
0.074
0.052
-0.031
0.038
-0.037
0.028
0.014
-0.004
0.091
-0.009
0.056
0.0
-0.062
0.035
0.001
-0.044
-0.003
0.043
0.047
0.224
0.031
-0.038
0.074
-0.101
0.071
0.014
-0.015
-0.057
-0.039
-0.006
0.001
-0.135
0.001
0.178
0.066
0.018
0.048
-0.003
0.147
0.051
-0.028
-0.043
0.02
0.032
-0.076
0.047
0.039
0.08
0.001
0.027
-0.111
-0.026
0.1
-0.034
0.081
0.083
0.115
-0.029
0.033
0.08
0.188
0.107
0.076
0.108
0.034
-0.103
0.056
0.036
0.018
0.013
0.007
0.12
0.046
-0.029
0.091
-0.023
0.028
0.094
0.072
0.132
-0.067
0.054
0.074
0.04
0.096
0.018
0.125
0.025
0.178
0.109
-0.004
0.027
-0.017
0.009
0.104
0.022
-0.041
0.068
0.041
0.066
-0.017
0.027
-0.001
0.05
0.061
0.042
-0.053
-0.024
-0.042
0.206
0.007
0.109
0.055
-0.022
0.04
0.004
0.037
-0.083
0.011
-0.007
0.129
0.0
-0.025
0.032
0.002
-0.016
-0.007
0.018
0.028
0.024
0.045
-0.012
0.043
-0.073
0.071
0.069
0.25
0.028
0.136
-0.067
0.014
0.057
0.033
0.061
-0.041
-0.024
0.027
-0.067
-0.044
-0.041
0.096
0.118
-0.038
0.067
0.088
0.04
-0.042
0.097
0.004
0.097
0.03
0.01
0.077
0.025
0.055
-0.004
0.054
0.182
0.12
-0.029
0.112
0.048
0.018
0.011
-0.052
0.048
-0.092
-0.042
0.072
0.087
-0.007
0.039
0.017
0.039
0.118
-0.022
-0.029
0.017
-0.003
-0.04
-0.012
-0.008
0.0
0.066
-0.035
0.107
0.029
0.028
0.047
0.027
-0.031
0.049
0.107
0.023
0.021
0.144
0.116
-0.002
-0.022
0.049
-0.057
0.098
-0.013
-0.078
0.074
0.032
0.028
0.069
-0.029
0.015
0.097
0.086
0.136
0.057
-0.1
0.076
-0.035
-0.015
0.004
0.043
-0.013
0.092
0.172
-0.08
-0.026
0.014
0.003
0.091
-0.024
0.043
0.026
-0.003
-0.046
0.013
0.013
-0.001
0.126
0.132
-0.02
0.034
-0.005
0.018
0.049
0.078
-0.005
0.045
0.081
0.042
-0.015
-0.058
-0.045
0.185
0.001
0.006
0.051
0.09
-0.004
-0.003
0.039
0.015
0.163
0.014
0.066
0.087
0.014
-0.03
0.042
0.041
0.042
-0.02
0.094
0.022
0.126
0.039
0.153
0.105
-0.077
0.033
0.15
-0.022
-0.05
0.16
0.019
-0.043
0.022
0.016
-0.066
0.01
-0.091
-0.032
0.111
0.026
0.207
-0.006
-0.035
0.288
0.057
-0.04
-0.041
0.002
0.025
0.033
0.009
0.099
0.002
0.063
0.09
-0.003
-0.013
0.054
0.049
0.015
-0.043
-0.051
-0.023
0.035
0.035
0.038
0.091
0.016
-0.021
0.01
0.003
0.05
0.041
-0.001
0.005
-0.032
0.024
0.062
0.054
-0.005
0.04
-0.012
0.061
0.151
0.077
0.075
0.054
0.032
0.011
-0.005
0.047
0.081
0.046
0.178
-0.055
-0.028
-0.006
-0.047
-0.021
0.089
-0.021
-0.082
-0.054
0.002
-0.026
-0.051
-0.004
0.018
-0.016
-0.007
0.059
0.035
-0.068
0.12
-0.051
0.028
0.096
0.016
0.031
0.078
0.034
0.042
-0.023
0.134
0.066
-0.016
0.058
-0.031
0.0
-0.04
-0.009
0.068
-0.02
0.023
0.005
-0.016
0.02
0.054
0.133
0.094
-0.005
0.0
0.025
-0.057
0.053
0.051
0.038
-0.013
-0.018
-0.056
0.056
-0.002
-0.04
0.055
-0.03
0.112
0.065
-0.01
0.05
0.037
0.094
-0.076
0.027
-0.005
0.096
-0.022
0.052
-0.005
0.136
-0.014
-0.044
-0.047
0.085
-0.015
0.066
0.048
0.093
0.025
0.04
-0.034
-0.004
0.066
-0.015
0.012
0.028
0.057
0.081
-0.001
0.046
-0.021
-0.044
0.05
-0.051
-0.073
0.025
-0.034
0.212
0.06
0.135
-0.046
0.001
-0.05
-0.106
-0.078
0.021
0.016
0.094
-0.035
0.102
0.04
-0.087
-0.048
0.042
0.066
0.125
-0.093
-0.046
0.16
0.058
0.114
0.115
0.053
0.038
0.02
-0.018
-0.038
0.038
0.065
0.018
0.028
0.092
0.123
0.083
-0.008
-0.05
0.058
0.113
-0.002
-0.035
0.031
0.006
0.012
0.081
0.013
-0.009
-0.043
-0.096
0.088
0.037
-0.03
0.079
-0.033
0.047
0.019
0.081
0.09
-0.007
-0.001
0.048
0.069
0.11
0.123
-0.001
0.03
0.031
0.011
0.077
0.014
0.065
-0.038
0.09
0.036
0.075
0.03
-0.07
0.099
0.004
0.055
-0.002
-0.022
0.062
0.038
-0.019
0.101
-0.002
-0.001
-0.016
0.031
0.066
0.017
0.122
-0.028
-0.03
0.005
0.059
0.13
0.048
0.034
0.1
-0.059
-0.083
0.032
0.024
-0.011
-0.01
-0.013
0.202
-0.058
0.049
0.088
0.043
-0.096
0.019
-0.047
0.022
0.099
0.047
-0.039
0.139
-0.091
0.1
-0.136
0.093
-0.045
0.081
0.028
0.007
-0.031
0.017
0.027
0.016
0.001
0.051
0.08
-0.032
-0.046
0.096
-0.058
0.006
-0.015
0.022
0.019
-0.007
0.017
-0.026
0.15
0.004
0.036
0.102
0.043
0.069
-0.002
0.013
0.008
0.103
0.077
0.026
0.04
0.103
0.029
0.02
0.168
0.195
-0.056
0.023
0.095
-0.039
0.073
-0.063
-0.026
0.074
0.145
-0.037
-0.002
-0.016
0.01
0.101
0.166
0.053
-0.016
0.06
0.121
0.017
0.093
0.013
0.024
-0.043
0.137
-0.044
0.046
0.067
-0.036
0.027
-0.048
-0.086
0.014
0.0
-0.015
0.051
0.083
0.059
0.005
-0.008
0.006
0.094
-0.052
-0.083
-0.038
-0.07
0.03
0.004
-0.005
0.053
-0.007
0.003
0.029
0.042
0.081
-0.042
-0.02
0.179
0.008
0.016
-0.003
0.105
-0.065
0.042
0.194
0.009
0.015
-0.011
-0.014
0.057
0.08
0.0
0.009
0.027
0.039
0.001
-0.01
-0.042
0.015
-0.019
-0.014
0.008
0.015
0.012
-0.022
0.122
0.061
0.02
-0.083
0.078
0.0
-0.122
0.099
-0.011
0.015
0.076
0.17
0.044
0.001
0.079
0.152
0.055
0.073
-0.04
0.112
0.086
0.007
0.058
0.079
0.107
0.205
0.03
0.02
-0.08
0.052
0.097
0.024
0.094
0.074
0.012
0.111
-0.029
0.026
0.027
0.154
-0.01
0.033
0.029
0.231
0.038
0.024
0.056
0.011
0.033
0.037
0.034
0.03
0.1
0.032
-0.021
0.098
0.101
0.047
0.05
0.058
-0.031
0.081
-0.074
0.002
-0.039
-0.059
-0.038
0.004
-0.037
0.091
0.01
0.136
0.036
0.075
0.004
0.021
0.073
0.036
0.061
0.042
0.01
0.074
0.108
0.007
0.074
0.005
-0.021
0.006
-0.048
0.114
0.092
0.123
0.044
0.025
0.033
0.01
-0.003
-0.03
0.03
0.052
0.022
0.008
0.003
0.058
0.114
0.141
0.017
-0.127
0.028
0.066
0.069
0.004
-0.05
-0.061
0.026
0.052
0.034
-0.01
-0.055
-0.018
0.021
-0.092
0.011
0.018
0.17
0.085
0.086
-0.027
0.07
0.07
-0.009
0.024
0.033
-0.036
0.048
0.018
0.058
-0.045
-0.033
0.008
0.012
0.045
-0.032
0.016
0.134
0.054
0.13
0.049
0.055
0.008
0.029
-0.065
0.003
-0.021
0.273
-0.038
0.07
0.071
-0.046
0.056
-0.083
0.054
0.09
0.098
0.025
-0.032
0.052
0.039
0.066
0.071
0.049
0.066
-0.015
0.139
0.137
-0.022
0.073
0.096
-0.045
-0.011
0.011
-0.035
0.013
0.038
0.007
0.016
0.057
0.223
0.012
0.075
-0.022
0.039
0.04
0.006
0.113
0.03
-0.023
0.11
0.035
0.09
0.028
0.022
0.058
0.125
0.114
0.002
0.035
0.062
0.028
0.009
0.065
0.043
-0.113
0.031
0.033
0.119
0.131
0.036
0.074
0.027
-0.048
-0.041
-0.076
0.033
0.044
0.126
0.054
0.017
0.056
-0.061
0.123
0.084
-0.008
-0.11
-0.035
0.081
-0.022
-0.027
-0.024
0.01
0.131
-0.031
0.102
0.039
-0.044
0.045
0.082
-0.021
0.012
-0.019
0.03
-0.027
0.088
-0.014
0.052
0.024
-0.02
0.053
0.03
0.01
0.08
-0.032
0.022
0.036
0.191
0.032
-0.018
-0.005
-0.012
0.004
0.022
0.053
0.01
-0.007
0.143
0.006
-0.006
-0.059
0.046
0.004
0.024
0.046
0.101
-0.055
0.069
0.024
-0.021
0.155
-0.011
0.012
0.038
-0.057
0.006
0.051
0.092
-0.001
0.027
0.006
0.117
-0.104
0.05
0.118
-0.022
0.195
0.144
-0.003
0.067
0.05
0.08
0.054
-0.003
-0.047
0.067
0.048
0.169
0.089
0.089
0.114
0.05
0.055
0.054
0.094
0.155
0.04
-0.07
-0.021
0.144
-0.046
-0.02
-0.037
0.03
0.043
0.0
0.026
0.013
0.16
0.036
0.065
0.012
0.015
0.016
0.062
0.039
0.045
-0.021
-0.023
-0.062
0.024
-0.01
0.029
0.077
0.09
0.019
0.013
-0.001
0.065
0.027
0.119
0.097
-0.045
0.01
0.074
0.096
0.209
0.196
0.047
0.073
0.047
0.072
0.17
-0.01
-0.038
0.048
-0.029
0.064
0.095
-0.003
-0.048
0.068
0.113
0.018
0.114
-0.087
-0.028
-0.023
-0.089
0.05
0.076
-0.003
-0.023
0.102
0.024
0.02
0.013
-0.004
-0.008
0.012
0.0
0.119
0.028
0.079
0.045
-0.048
-0.039
-0.024
0.115
0.054
0.042
0.108
0.003
0.041
0.088
-0.05
0.017
0.044
-0.012
0.001
0.028
0.104
0.042
0.028
0.071
0.106
0.049
0.193
0.09
0.049
0.019
-0.017
0.005
0.033
-0.039
0.071
0.034
0.08
0.099
-0.085
0.034
0.111
0.167
0.005
0.033
-0.009
0.052
0.187
0.029
-0.038
-0.103
0.049
-0.012
0.083
0.004
0.068
0.001
-0.061
-0.007
0.04
-0.036
0.036
-0.031
0.021
-0.067
0.027
0.13
0.027
0.122
0.088
0.029
0.223
0.002
0.08
0.176
0.076
-0.016
-0.007
-0.013
0.023
0.088
0.049
-0.061
0.033
0.214
-0.041
0.115
-0.018
0.079
0.09
0.067
-0.045
0.114
-0.013
-0.018
0.017
0.062
0.039
0.036
0.075
0.132
-0.076
0.064
0.056
-0.097
-0.015
0.094
0.072
0.063
0.065
0.017
0.02
-0.005
0.076
-0.076
0.037
0.018
0.025
0.022
0.118
0.047
0.013
-0.053
0.173
0.098
0.102
0.13
-0.035
0.095
0.009
-0.069
-0.07
-0.025
-0.079
0.236
0.038
0.059
0.034
0.128
-0.055
0.014
-0.055
0.106
0.194
0.105
0.061
-0.019
0.049
0.068
0.099
-0.024
-0.068
0.017
0.017
0.052
-0.005
0.093
-0.012
0.027
0.002
0.021
0.014
0.015
0.018
-0.006
-0.062
0.119
-0.052
-0.037
0.017
0.155
0.08
0.029
-0.043
-0.005
-0.065
-0.063
0.08
0.019
0.107
0.063
-0.073
0.014
-0.077
0.02
0.018
0.094
0.023
0.092
0.038
-0.111
0.007
-0.019
0.04
0.013
0.073
0.043
0.005
-0.038
0.024
-0.013
-0.081
0.041
0.114
0.055
0.062
0.068
-0.037
0.019
0.073
0.062
0.044
0.004
0.105
0.023
0.073
0.024
0.042
0.114
0.103
0.073
0.054
0.046
-0.052
0.033
-0.023
-0.028
-0.084
0.002
0.059
0.061
-0.096
-0.003
0.042
0.051
0.013
0.074
0.116
-0.071
0.022
-0.008
0.045
0.0
0.025
-0.073
-0.034
-0.011
-0.019
0.063
-0.057
0.046
0.076
0.093
0.042
0.016
-0.021
0.153
0.099
0.032
0.086
0.099
0.129
0.056
-0.004
0.091
-0.019
0.019
0.037
0.025
0.011
0.003
0.016
0.098
0.093
-0.036
-0.036
-0.012
-0.051
0.022
-0.022
0.033
0.011
0.015
0.083
0.002
0.043
0.027
-0.038
0.049
0.069
0.0
-0.069
0.023
0.04
0.02
-0.025
-0.047
-0.018
0.023
0.035
0.035
-0.026
-0.026
0.123
0.063
0.094
-0.004
-0.064
-0.012
0.099
0.007
-0.051
-0.041
-0.011
0.088
-0.028
0.033
0.113
-0.072
0.064
0.16
0.014
0.061
-0.039
0.047
0.091
-0.013
0.005
-0.015
0.025
0.008
-0.019
0.041
0.009
0.035
0.013
-0.012
0.004
-0.028
-0.066
-0.045
0.037
-0.058
0.023
-0.097
0.006
0.03
-0.02
0.044
0.041
-0.027
0.051
0.126
0.057
0.059
-0.029
0.017
-0.004
0.139
0.027
0.086
0.056
-0.008
-0.045
0.007
0.039
-0.015
0.015
0.188
0.0
-0.004
0.051
0.079
-0.022
0.063
-0.016
0.026
-0.005
0.012
0.18
0.084
0.053
0.019
-0.095
-0.036
0.078
0.062
0.072
0.113
0.118
-0.01
-0.045
0.034
0.084
0.015
0.007
0.056
0.043
0.102
-0.021
0.195
-0.003
0.089
0.081
0.04
0.025
-0.012
-0.001
0.091
-0.061
0.147
0.057
-0.004
-0.073
0.028
-0.027
-0.03
0.018
0.0
0.11
-0.12
-0.032
0.046
-0.09
-0.055
-0.004
-0.037
0.041
0.082
0.031
0.026
0.047
0.031
0.056
0.108
-0.091
0.123
-0.011
0.108
0.011
0.028
0.057
0.15
0.001
0.04
0.011
-0.017
0.017
-0.034
0.083
-0.09
-0.001
-0.076
0.069
-0.089
0.011
-0.036
-0.015
0.164
0.083
0.186
0.128
0.098
-0.022
0.006
0.064
0.073
-0.078
0.03
0.042
-0.002
-0.003
0.051
0.052
0.031
0.007
0.014
0.02
0.127
0.011
-0.051
-0.003
0.036
-0.043
0.03
0.002
-0.014
0.012
-0.012
0.022
-0.025
0.094
0.06
-0.009
0.126
0.08
0.052
0.106
-0.066
-0.038
0.027
0.027
0.014
-0.069
-0.031
0.213
0.001
0.08
-0.024
0.12
0.001
0.01
-0.051
0.17
-0.021
0.038
0.11
0.08
0.073
0.122
0.055
0.198
-0.032
-0.043
0.167
-0.063
-0.048
0.109
0.069
-0.002
0.031
0.083
0.084
0.05
0.079
0.073
0.008
0.004
-0.014
-0.042
0.062
-0.052
-0.079
0.018
-0.003
-0.014
0.02
0.0
0.087
0.038
0.125
0.054
-0.074
0.079
0.064
0.14
0.014
0.1
0.028
-0.05
0.039
0.012
0.184
0.013
-0.009
-0.018
-0.007
-0.062
0.021
0.032
-0.035
0.107
-0.04
-0.022
0.056
-0.03
0.038
0.096
0.093
-0.012
0.007
-0.023
0.015
0.043
0.062
0.051
0.076
0.058
0.004
-0.011
0.043
-0.003
0.037
-0.03
0.085
0.021
0.006
0.027
0.093
-0.024
0.072
0.022
0.012
0.047
0.035
-0.088
0.006
0.05
0.0
0.018
0.01
0.006
-0.04
-0.013
0.04
-0.026
-0.021
-0.051
-0.033
0.119
0.097
-0.036
-0.005
-0.003
0.044
0.149
-0.001
0.053
0.098
0.022
0.006
0.163
0.036
-0.005
-0.054
-0.066
0.016
-0.009
0.137
0.105
0.005
0.002
0.049
-0.065
0.022
0.053
0.061
0.088
0.098
0.183
-0.017
-0.116
0.125
0.013
-0.064
-0.038
-0.029
-0.004
0.144
0.004
0.037
-0.075
0.034
0.08
0.088
-0.062
0.264
0.093
0.077
0.082
0.043
0.019
0.029
-0.01
-0.033
0.031
-0.09
-0.08
0.063
0.2
0.034
0.034
0.072
0.042
0.174
0.006
0.008
-0.001
0.093
-0.01
-0.057
0.025
0.063
0.021
-0.012
-0.096
-0.004
0.086
-0.066
0.052
0.016
0.003
0.029
-0.021
0.015
0.006
-0.071
0.081
0.013
0.012
0.092
0.049
-0.01
-0.003
-0.004
-0.037
0.113
0.05
0.098
0.023
-0.052
0.044
-0.07
0.004
0.025
0.019
0.041
0.002
0.053
0.088
0.104
-0.01
-0.066
0.02
0.086
0.078
0.03
-0.103
-0.057
0.08
0.037
-0.045
0.01
0.139
0.044
0.021
-0.007
0.064
0.132
-0.015
0.002
-0.027
0.002
-0.011
0.059
0.0
0.118
0.143
0.056
0.141
0.034
-0.02
0.092
-0.001
0.063
0.054
0.003
0.057
-0.047
0.03
0.018
0.079
0.022
0.065
-0.013
-0.013
0.078
0.086
0.015
0.105
0.14
-0.08
0.038
0.048
-0.013
0.001
-0.062
-0.005
0.053
-0.056
-0.062
0.089
0.033
-0.003
0.027
-0.053
-0.022
0.056
-0.064
0.04
0.017
0.011
-0.028
0.038
-0.059
0.131
0.065
0.004
0.057
0.009
0.095
-0.042
0.032
-0.034
-0.08
0.019
0.047
0.06
0.07
-0.008
0.072
-0.037
-0.003
0.019
0.021
-0.016
-0.031
0.004
0.026
0.064
0.096
0.057
0.05
0.061
-0.002
-0.065
-0.07
0.05
0.004
0.109
0.042
0.04
0.163
0.089
-0.002
0.037
0.006
-0.015
-0.089
0.009
-0.066
0.013
0.05
-0.023
-0.029
0.03
0.056
-0.045
-0.02
0.024
0.012
-0.133
-0.005
-0.019
0.003
-0.034
0.186
-0.036
-0.092
0.068
0.206
0.067
0.08
-0.035
0.076
0.103
0.061
0.038
0.044
0.046
-0.006
0.006
0.059
0.026
-0.028
-0.028
0.149
0.053
0.201
0.09
0.024
-0.009
0.03
0.048
0.045
0.077
0.042
-0.082
0.038
-0.012
-0.053
-0.005
0.082
-0.033
0.038
0.011
0.022
0.117
0.055
0.031
-0.037
0.044
0.001
0.017
-0.007
0.108
-0.004
0.029
0.002
0.166
0.033
0.011
0.108
0.091
-0.078
0.092
0.064
-0.012
-0.063
0.047
0.059
0.154
0.08
-0.004
0.155
0.003
-0.03
-0.021
0.031
0.058
-0.006
0.04
-0.025
0.05
-0.006
0.059
0.078
0.006
-0.063
0.009
-0.035
0.12
-0.007
-0.018
0.085
0.038
0.028
0.01
-0.107
-0.061
-0.051
0.059
0.047
0.085
-0.045
0.006
-0.02
-0.043
-0.001
0.009
0.151
0.106
-0.03
0.054
-0.026
0.033
-0.107
0.015
0.176
0.063
0.012
-0.044
0.236
0.041
0.027
0.168
0.041
0.069
-0.032
-0.136
-0.04
-0.041
0.028
0.087
0.035
0.024
0.034
0.04
0.214
-0.04
0.006
0.063
-0.008
-0.008
0.003
0.045
0.049
-0.023
0.009
0.087
0.054
0.015
-0.039
-0.05
0.115
0.037
0.089
0.007
0.06
0.003
0.075
0.018
0.058
-0.044
0.004
0.062
-0.027
0.079
0.112
-0.003
-0.038
0.178
-0.002
0.063
0.049
0.065
0.01
0.177
0.128
0.099
0.117
0.037
0.018
-0.067
-0.007
-0.013
0.063
-0.027
-0.04
-0.022
0.047
-0.031
0.075
0.122
0.108
-0.007
0.095
0.111
0.025
0.015
0.018
0.074
0.073
-0.044
0.047
-0.101
-0.01
-0.052
0.095
-0.045
-0.005
-0.014
0.021
0.138
0.022
-0.034
0.113
0.102
0.03
0.037
-0.019
0.1
-0.014
0.151
0.059
0.05
0.005
0.083
0.048
-0.049
0.001
-0.009
0.016
-0.064
0.045
-0.044
-0.024
-0.037
-0.055
0.036
0.15
-0.025
0.027
-0.025
0.196
0.078
-0.057
-0.037
0.029
0.017
0.003
-0.026
-0.079
0.19
-0.023
0.041
0.042
0.006
-0.002
-0.031
0.007
-0.072
0.037
0.02
0.127
0.093
0.045
0.026
0.048
0.006
0.009
0.017
0.039
0.024
0.03
-0.008
0.084
0.019
0.16
-0.004
0.078
0.082
0.087
0.083
0.053
0.028
0.062
-0.054
-0.032
-0.058
0.056
-0.04
0.133
-0.045
-0.034
0.076
0.235
0.009
-0.035
0.13
0.056
0.157
0.046
0.001
-0.006
0.015
0.032
0.054
0.072
-0.013
0.084
-0.025
0.036
0.038
0.126
0.045
0.084
0.096
-0.004
0.133
-0.025
-0.064
0.017
0.118
0.044
-0.009
0.066
-0.014
0.065
0.042
0.119
-0.029
0.131
-0.019
0.093
0.015
-0.011
0.069
0.075
0.006
0.045
-0.017
0.029
-0.023
0.059
0.085
0.159
-0.026
0.024
-0.042
0.027
0.003
-0.039
0.083
0.019
-0.015
0.079
-0.007
-0.069
0.099
-0.018
0.101
0.025
0.204
-0.05
0.07
0.039
-0.036
0.116
0.112
0.012
-0.01
-0.019
0.148
0.012
0.002
-0.027
0.021
0.106
0.158
-0.061
0.031
0.114
0.02
0.116
-0.028
0.128
0.032
0.074
-0.061
-0.028
-0.074
0.14
-0.003
0.082
0.026
0.011
-0.034
-0.05
0.059
0.082
-0.045
-0.04
0.064
0.009
0.076
-0.113
0.087
0.018
-0.034
0.004
0.004
-0.028
0.09
0.112
0.042
0.072
0.128
0.086
-0.036
-0.007
0.025
0.036
0.126
0.091
0.032
-0.079
0.122
0.084
0.075
0.009
0.022
0.083
0.03
-0.007
0.06
0.093
0.18
-0.062
-0.033
-0.008
0.018
0.007
0.05
-0.009
0.066
0.023
0.02
0.03
-0.085
0.02
0.021
0.065
-0.024
-0.033
0.016
0.046
0.011
-0.009
-0.001
0.052
-0.034
-0.021
0.238
-0.029
0.033
-0.029
0.041
-0.001
0.134
-0.016
0.004
0.033
-0.08
0.025
0.067
-0.023
-0.012
0.075
0.039
0.047
0.048
0.071
0.037
0.049
-0.006
-0.001
0.042
0.142
0.027
-0.042
-0.021
-0.005
-0.008
-0.058
-0.045
0.221
-0.07
0.073
-0.023
0.077
-0.086
0.003
-0.001
0.028
-0.011
0.061
0.055
0.072
-0.014
-0.001
0.051
-0.069
-0.003
0.097
-0.005
0.001
-0.008
0.029
0.039
0.174
0.124
0.058
0.202
-0.029
-0.043
0.006
0.063
-0.01
0.083
-0.059
-0.023
0.072
0.029
0.043
0.088
0.048
0.088
0.008
0.029
0.065
0.103
0.006
0.072
0.119
-0.015
0.025
0.039
0.097
0.056
-0.085
0.051
-0.001
0.06
0.073
0.084
0.058
0.086
-0.044
-0.031
0.062
-0.089
0.085
0.053
-0.035
0.067
0.017
0.086
-0.027
0.139
-0.013
0.104
0.02
-0.042
-0.005
0.061
-0.064
0.104
-0.044
-0.037
0.065
-0.054
0.037
0.098
0.097
0.063
0.192
0.028
0.0
-0.005
0.068
-0.001
0.021
0.012
0.053
-0.054
-0.085
0.004
0.063
0.066
-0.003
0.093
0.068
0.068
0.117
0.035
-0.025
0.088
0.072
-0.004
0.014
0.054
0.049
0.002
-0.012
0.08
0.004
-0.008
-0.041
-0.002
0.04
-0.025
0.02
0.137
-0.023
0.061
0.058
0.06
0.054
0.014
0.019
0.052
0.006
-0.008
0.065
0.149
0.014
0.081
0.005
0.047
0.069
-0.021
0.028
-0.003
-0.053
0.079
0.031
-0.003
-0.007
0.175
-0.061
0.003
0.048
0.072
-0.061
0.038
0.029
-0.081
0.066
0.092
-0.011
0.049
-0.036
0.024
0.044
0.022
0.08
-0.026
0.125
-0.001
-0.009
0.032
-0.046
0.03
0.047
0.064
0.194
0.008
0.06
0.044
0.014
0.199
-0.048
-0.01
0.119
0.138
0.049
0.138
0.022
-0.037
0.004
-0.007
0.029
-0.012
-0.081
-0.033
0.194
0.035
-0.015
-0.012
-0.021
0.018
0.101
0.026
0.037
-0.026
0.032
0.082
-0.024
0.029
0.043
0.035
-0.085
0.058
-0.002
0.014
-0.012
0.105
0.139
0.111
0.06
0.004
0.147
0.006
0.065
0.022
0.019
0.048
0.086
-0.017
0.154
0.007
0.045
0.01
0.021
0.1
-0.031
0.035
-0.002
-0.002
0.031
0.002
0.179
0.092
0.04
0.102
0.113
0.113
0.022
-0.039
-0.071
0.079
-0.012
-0.032
0.017
0.061
0.121
-0.008
-0.063
0.004
0.049
-0.025
0.056
0.152
0.044
0.002
0.001
0.132
0.087
0.02
0.003
-0.003
0.096
0.027
0.021
-0.073
-0.011
0.072
-0.058
0.113
-0.001
0.09
-0.002
0.229
0.039
0.039
0.051
-0.019
-0.008
-0.014
0.149
0.154
-0.052
-0.031
-0.011
0.042
0.103
0.044
-0.004
-0.034
0.069
0.039
0.021
-0.036
-0.025
0.011
0.002
0.002
0.05
0.055
0.051
0.073
-0.061
0.074
0.114
0.015
-0.009
0.098
-0.04
-0.005
0.028
-0.02
0.044
0.054
0.117
0.042
0.058
0.051
0.031
-0.026
0.042
-0.095
0.057
-0.004
0.072
0.069
0.045
0.116
-0.013
-0.087
0.032
0.075
-0.043
0.037
0.099
0.072
0.002
0.101
0.066
0.154
-0.023
0.07
0.021
0.008
-0.062
0.029
-0.064
-0.056
-0.013
0.073
0.073
0.028
0.21
-0.085
0.079
0.056
0.072
-0.064
-0.066
-0.068
-0.04
0.046
0.089
-0.051
0.111
-0.005
-0.052
0.048
0.061
0.09
0.08
0.038
-0.014
0.0
0.061
0.023
0.136
0.054
-0.046
-0.016
-0.016
0.105
-0.039
0.028
0.003
-0.069
-0.023
-0.063
0.04
0.162
0.108
0.035
0.171
0.034
0.027
0.168
0.019
-0.052
0.079
0.046
0.005
-0.023
0.164
0.067
0.146
0.026
0.02
0.163
-0.018
0.085
0.198
-0.025
-0.015
-0.023
0.012
-0.077
-0.054
0.01
-0.028
-0.006
0.067
-0.072
0.082
-0.002
-0.045
0.063
0.057
-0.022
-0.023
0.217
0.076
-0.03
0.011
-0.018
0.022
0.106
0.094
0.061
0.052
-0.016
0.035
-0.063
-0.038
-0.019
0.029
-0.03
0.025
0.025
0.054
0.09
0.146
0.275
0.104
-0.015
-0.011
0.009
0.141
0.032
-0.029
-0.061
0.037
0.163
0.008
-0.033
0.018
0.08
0.03
0.103
-0.013
-0.001
-0.065
-0.055
-0.062
0.008
0.039
-0.041
0.024
0.002
-0.035
-0.047
-0.057
-0.013
0.043
0.242
0.119
0.06
0.01
0.078
0.094
0.059
0.001
0.049
0.075
0.102
0.107
0.007
0.029
0.035
0.037
0.048
-0.034
0.072
-0.025
-0.018
-0.085
-0.023
-0.061
-0.05
0.016
0.077
0.059
0.036
-0.047
0.082
-0.021
0.015
-0.02
-0.011
0.037
-0.003
-0.067
0.144
-0.023
0.006
0.117
-0.001
-0.043
0.093
0.005
0.053
0.151
0.147
-0.101
0.018
0.033
0.154
0.129
0.083
0.064
-0.009
0.004
0.054
-0.004
0.064
0.071
0.004
-0.015
-0.017
0.034
0.053
0.04
-0.043
-0.049
0.061
-0.005
0.001
0.07
0.061
-0.022
-0.011
0.106
-0.055
0.044
0.035
0.036
0.057
0.073
0.034
0.141
-0.046
0.061
0.044
-0.086
0.085
0.099
-0.105
0.151
0.143
0.118
0.041
-0.071
0.024
-0.061
-0.102
-0.036
0.113
0.098
0.017
0.003
0.008
-0.04
0.002
0.003
-0.076
0.014
-0.019
0.064
-0.024
0.092
-0.005
-0.059
0.033
-0.023
0.011
0.085
-0.01
0.097
0.053
0.0
-0.023
0.117
0.012
-0.034
0.12
-0.026
0.073
0.053
0.135
0.157
0.051
0.015
-0.082
0.004
-0.079
0.005
0.019
-0.01
-0.02
0.043
-0.034
0.053
-0.06
-0.004
0.069
0.144
0.119
0.014
0.054
0.066
0.001
0.004
0.149
-0.048
0.068
0.004
0.011
-0.031
0.031
-0.015
-0.052
-0.016
0.023
-0.028
0.041
-0.031
0.102
0.175
0.016
0.091
-0.028
-0.036
0.137
0.081
0.025
0.167
-0.004
0.082
-0.03
0.038
-0.048
0.028
0.074
-0.015
-0.07
0.065
-0.043
0.109
0.052
0.066
0.089
0.128
-0.118
0.128
0.071
0.054
0.092
0.014
0.012
0.208
0.007
0.04
-0.032
0.036
0.05
-0.074
0.018
-0.07
-0.009
-0.043
0.144
-0.02
-0.005
0.012
0.007
-0.074
0.022
0.025
-0.009
-0.011
0.054
0.0
0.026
-0.005
0.108
-0.012
-0.057
-0.039
-0.007
0.042
0.198
0.068
0.079
0.072
0.062
0.052
0.003
0.145
-0.006
0.01
-0.042
-0.015
0.01
0.14
-0.006
0.021
-0.008
0.062
0.01
0.085
-0.07
0.001
-0.006
-0.041
0.106
-0.066
-0.087
0.098
0.068
0.072
-0.033
0.02
0.041
0.007
0.005
-0.023
0.011
0.006
0.004
-0.051
0.063
0.025
0.065
0.019
0.044
0.036
-0.006
-0.07
0.025
-0.046
-0.043
0.062
0.074
-0.067
0.059
0.02
0.039
0.088
0.165
0.031
0.109
0.084
0.064
0.161
0.1
0.004
-0.031
0.055
0.103
0.019
0.173
0.012
0.049
0.1
-0.032
-0.024
-0.038
0.043
0.032
0.009
0.174
0.003
0.006
0.015
0.082
-0.053
0.041
-0.032
0.055
-0.025
0.038
0.066
-0.022
0.013
0.067
0.072
0.043
-0.027
0.099
-0.008
0.113
0.125
-0.016
0.046
0.064
-0.004
0.189
0.009
0.021
0.045
0.025
-0.031
0.022
0.06
0.012
-0.035
-0.139
0.0
0.051
-0.012
0.098
-0.035
-0.056
-0.013
0.004
0.134
-0.011
0.126
0.02
0.041
0.062
0.044
0.022
0.066
0.111
0.026
-0.011
-0.063
0.004
-0.019
0.168
-0.003
0.134
0.012
0.052
-0.042
0.186
0.033
-0.011
-0.058
0.072
0.095
0.017
0.079
0.01
0.183
-0.091
0.159
0.073
-0.011
0.076
0.168
0.032
0.098
0.123
0.02
0.098
0.11
0.057
0.074
-0.059
0.054
0.05
0.012
-0.004
0.097
-0.012
-0.003
-0.011
0.115
-0.064
0.107
-0.104
-0.015
0.078
0.072
-0.017
0.09
0.062
-0.052
0.033
0.058
0.08
-0.05
0.004
0.007
0.108
0.058
0.129
0.035
0.003
0.044
-0.029
0.027
0.11
0.014
-0.017
0.052
-0.121
0.014
0.059
0.103
0.038
-0.017
0.056
0.015
0.12
-0.064
-0.012
0.067
0.023
0.036
-0.016
0.056
-0.024
-0.078
0.004
0.048
-0.001
0.006
0.002
0.072
0.103
0.028
0.073
-0.002
-0.108
-0.043
0.042
0.132
-0.08
0.011
0.051
0.129
0.075
-0.008
0.085
0.064
0.079
-0.014
0.072
0.0
-0.093
0.029
-0.007
-0.012
0.08
-0.001
0.053
0.112
-0.011
0.069
0.178
0.153
-0.008
0.088
0.014
0.083
-0.037
-0.01
0.045
-0.026
0.046
-0.06
0.063
0.113
0.056
-0.086
0.111
0.087
-0.035
-0.015
-0.003
0.043
0.121
0.14
0.062
-0.064
-0.038
-0.067
0.07
0.073
0.22
0.076
0.034
0.048
0.046
0.027
-0.03
-0.019
0.073
0.062
0.017
0.069
0.11
0.04
0.006
0.072
0.032
-0.012
0.109
-0.01
0.016
-0.053
0.167
-0.007
0.1
0.029
0.111
0.0
-0.024
0.069
-0.058
-0.018
0.089
0.015
-0.042
-0.011
0.033
0.196
0.014
-0.016
0.004
-0.016
0.052
0.095
0.02
-0.042
0.17
-0.049
-0.056
0.177
-0.027
0.018
0.081
-0.061
-0.009
0.025
0.007
0.053
0.067
0.053
0.065
0.023
0.077
-0.002
0.005
0.144
0.037
0.05
-0.018
0.004
-0.019
0.053
-0.019
0.029
0.126
0.08
-0.048
-0.027
-0.085
0.006
0.006
-0.05
0.011
-0.009
0.055
-0.014
0.113
-0.024
0.005
0.012
-0.005
0.016
0.04
0.102
0.034
0.023
0.03
0.063
-0.017
0.184
0.015
-0.051
0.011
0.072
0.066
0.056
-0.048
0.087
0.006
0.005
0.0
0.035
0.086
0.009
-0.009
-0.05
0.11
-0.03
0.084
-0.058
0.08
0.003
-0.034
-0.011
-0.072
0.04
0.001
0.045
0.033
-0.005
-0.029
0.045
0.091
0.062
0.027
-0.065
-0.02
0.088
0.069
-0.036
0.0
-0.042
-0.038
0.031
-0.016
-0.046
-0.045
0.119
0.045
0.027
-0.026
0.02
0.057
0.084
0.022
0.018
0.029
0.145
0.123
0.045
-0.028
-0.011
-0.016
0.05
0.079
0.088
0.088
-0.02
0.004
0.093
0.008
0.152
0.071
0.016
0.095
-0.096
0.179
0.005
0.051
-0.018
0.056
0.181
0.059
-0.05
0.034
0.126
0.109
0.154
0.012
0.059
0.132
-0.068
-0.002
0.101
-0.03
0.03
0.03
-0.032
0.034
0.074
0.003
-0.001
-0.011
-0.04
0.006
0.123
-0.085
0.055
0.046
0.001
-0.017
0.025
0.038
0.067
-0.014
-0.037
-0.009
0.053
0.122
0.041
0.098
-0.092
0.108
0.015
-0.029
0.023
0.093
-0.042
0.125
-0.002
-0.023
0.05
-0.054
-0.072
0.042
-0.016
-0.057
-0.018
-0.055
-0.03
-0.024
0.201
0.022
-0.004
-0.05
-0.019
0.038
0.118
0.013
0.032
0.074
0.068
0.009
0.071
0.193
-0.032
0.155
-0.011
0.065
0.05
0.051
0.081
-0.021
-0.002
0.059
-0.009
0.087
0.024
0.033
0.017
-0.079
0.036
0.034
0.032
0.074
-0.059
-0.009
0.035
0.146
-0.027
0.018
0.074
0.098
-0.067
-0.048
-0.036
-0.009
0.045
0.115
0.026
0.069
0.047
0.098
0.111
0.029
0.028
-0.027
0.008
-0.012
0.004
0.028
-0.021
0.101
-0.051
0.073
0.03
-0.097
-0.038
-0.025
-0.033
0.021
0.079
0.06
0.051
0.007
-0.037
0.071
0.062
0.033
0.023
-0.107
0.138
0.013
0.108
0.012
0.032
0.025
0.039
-0.118
0.041
0.021
0.029
-0.038
-0.064
0.099
0.163
-0.044
-0.049
0.073
0.058
0.069
0.034
-0.052
0.034
0.024
-0.032
0.093
-0.05
-0.017
0.035
-0.041
0.063
0.107
0.057
0.134
-0.041
-0.08
0.203
0.04
0.032
-0.009
-0.038
-0.025
0.007
-0.048
-0.039
0.025
-0.017
0.079
-0.063
0.034
0.071
0.086
0.154
-0.035
0.119
-0.047
0.105
0.002
0.022
-0.064
0.049
-0.121
0.024
0.048
-0.035
0.016
0.125
0.053
-0.048
0.017
0.071
-0.077
-0.08
0.022
0.075
-0.014
0.064
-0.028
-0.003
0.137
0.097
-0.027
0.223
0.016
0.145
0.284
-0.089
0.09
0.117
-0.075
-0.001
-0.045
0.04
0.083
-0.041
-0.043
0.085
0.063
0.05
0.057
-0.05
-0.076
0.025
0.015
0.096
0.076
0.056
-0.008
0.021
0.167
0.023
0.024
-0.061
0.039
-0.003
-0.015
0.009
0.068
0.089
-0.003
0.029
-0.04
-0.042
-0.001
0.068
0.214
-0.006
0.104
0.097
-0.033
0.024
0.023
0.091
-0.022
-0.08
0.044
-0.01
-0.053
0.088
-0.04
-0.022
-0.053
0.002
0.119
0.071
0.021
-0.027
0.089
0.004
0.079
0.018
0.023
0.165
0.022
0.097
-0.079
0.011
-0.073
0.145
0.08
0.06
0.02
0.036
-0.044
0.054
-0.022
0.023
-0.079
0.034
-0.056
-0.105
0.08
-0.003
0.061
0.063
-0.005
-0.004
0.04
-0.057
0.079
0.069
0.028
0.034
0.096
0.029
0.104
0.1
0.107
-0.032
-0.007
-0.004
0.064
0.086
-0.007
0.001
-0.057
0.005
0.015
0.087
0.095
-0.08
0.096
0.056
-0.031
-0.02
0.034
0.08
-0.004
-0.001
0.061
0.058
0.068
0.057
0.014
0.009
0.032
0.097
0.048
0.083
-0.017
0.015
0.002
-0.006
0.098
0.104
-0.004
0.162
-0.044
0.065
0.043
0.045
0.042
0.077
-0.063
0.136
0.165
0.021
0.033
0.067
0.061
-0.059
0.117
0.104
0.048
-0.008
0.074
0.041
0.13
0.064
0.091
-0.105
0.088
0.156
0.076
0.072
0.03
-0.013
0.035
-0.066
0.092
0.106
0.026
-0.011
0.092
0.161
0.037
-0.063
0.034
-0.041
-0.038
0.002
0.079
0.088
0.073
0.057
0.058
0.013
0.079
0.022
0.104
0.005
0.041
-0.011
0.056
-0.006
0.066
0.272
0.074
0.032
0.089
-0.024
0.036
-0.004
0.0
0.03
-0.053
0.069
0.005
0.104
0.083
0.078
-0.098
0.043
-0.001
0.029
-0.053
0.049
0.12
0.08
-0.004
0.024
0.071
0.074
0.005
0.079
0.096
-0.015
0.053
0.015
0.076
-0.011
0.049
-0.044
0.005
-0.043
0.074
0.111
0.072
0.044
0.034
0.102
0.03
0.024
-0.124
-0.018
0.037
0.047
0.076
0.147
0.103
0.019
0.029
0.031
-0.098
0.089
-0.111
-0.054
0.046
0.003
0.006
-0.013
0.027
-0.047
0.022
0.075
0.026
0.056
-0.04
0.141
0.042
-0.088
0.018
0.012
0.003
-0.051
0.076
-0.008
0.034
0.179
-0.04
0.047
0.071
0.064
0.03
-0.016
0.026
0.096
-0.003
0.048
0.051
0.04
0.033
0.027
-0.003
0.058
0.047
0.016
0.083
0.178
-0.054
0.038
0.162
0.035
-0.012
-0.047
0.0
0.051
0.069
-0.034
-0.021
-0.06
0.023
-0.022
0.011
-0.029
0.051
0.062
0.006
-0.022
0.007
0.06
-0.081
0.101
0.144
-0.001
0.079
-0.027
-0.009
0.107
0.178
0.119
0.085
-0.029
0.008
0.048
0.082
0.005
0.098
0.196
-0.008
0.009
-0.05
-0.01
0.065
-0.024
0.075
0.082
0.084
0.012
-0.021
-0.025
0.172
0.051
0.109
0.145
-0.108
0.075
0.087
0.054
0.029
0.137
0.046
0.009
0.133
-0.026
0.005
0.1
0.058
-0.006
0.028
0.016
-0.006
0.082
-0.013
0.134
0.014
-0.034
0.018
0.022
-0.008
0.111
-0.014
-0.033
0.083
0.039
0.118
0.021
0.015
0.035
0.033
0.053
0.056
-0.046
0.028
0.007
0.007
0.011
0.146
-0.014
-0.051
0.038
0.167
0.047
-0.076
0.022
0.057
0.132
0.029
0.12
0.017
0.012
0.108
-0.021
0.025
0.039
0.054
0.119
0.05
-0.047
0.053
-0.058
0.049
0.114
0.005
0.019
0.171
0.061
0.058
-0.038
0.004
0.004
0.024
-0.078
-0.004
0.067
0.068
0.022
-0.068
0.051
0.034
0.145
-0.043
-0.059
0.098
0.088
0.076
-0.037
0.009
0.211
0.099
-0.041
-0.001
0.02
0.029
0.15
0.021
0.054
0.02
0.058
-0.018
0.018
0.047
0.212
0.093
0.034
-0.052
0.113
0.087
0.012
0.087
0.078
0.047
0.068
0.127
0.026
0.056
0.146
0.079
0.05
0.124
0.002
-0.037
-0.017
-0.094
0.185
-0.001
-0.073
0.01
0.046
0.029
0.071
-0.005
0.071
0.011
0.017
0.103
0.011
0.028
0.068
0.049
0.215
0.111
0.029
-0.039
-0.01
-0.009
0.012
-0.033
0.113
0.118
0.032
-0.017
0.016
0.051
0.201
-0.049
0.037
0.07
0.07
0.033
-0.002
0.047
-0.049
-0.003
0.002
-0.038
0.003
-0.004
0.037
-0.038
0.034
-0.12
0.086
-0.064
-0.074
0.026
0.067
0.056
0.154
0.062
0.116
0.032
0.059
0.005
0.115
0.037
0.012
0.025
-0.053
-0.02
-0.002
0.067
-0.007
0.124
0.08
0.057
0.101
0.093
0.032
0.079
-0.004
0.014
-0.098
-0.098
-0.004
-0.026
0.039
0.096
-0.027
0.039
0.028
0.165
-0.023
0.065
0.038
0.021
0.044
0.111
0.028
0.177
0.022
0.022
0.088
0.021
0.008
0.022
0.068
-0.003
0.029
0.031
-0.028
-0.021
-0.014
0.091
-0.022
0.056
0.079
-0.023
0.116
0.043
0.033
0.073
0.136
0.03
0.225
0.047
-0.04
0.078
-0.019
0.011
0.01
-0.045
0.016
-0.004
0.014
0.082
0.055
0.019
-0.025
-0.003
0.056
0.041
0.084
-0.004
0.094
-0.026
0.145
0.055
0.123
0.007
0.097
0.001
0.012
0.067
-0.002
0.05
-0.018
0.113
0.006
0.02
0.025
0.045
0.191
-0.011
0.088
0.171
-0.021
-0.091
0.019
0.015
0.052
0.137
-0.043
0.092
0.031
0.049
0.095
0.012
0.025
-0.014
0.072
0.017
0.038
-0.065
-0.054
0.006
-0.024
-0.009
-0.018
0.071
-0.019
0.017
0.105
0.218
-0.059
0.054
0.026
0.043
0.082
-0.002
0.027
-0.043
0.033
0.124
0.172
0.044
0.044
0.006
0.034
0.113
0.076
-0.018
0.015
-0.052
-0.067
0.012
-0.006
0.026
-0.063
-0.025
0.098
-0.002
0.053
0.004
0.019
0.047
0.101
0.017
-0.094
0.041
0.02
0.001
0.005
-0.044
-0.06
0.196
-0.081
-0.029
0.04
0.062
0.063
-0.035
0.073
0.153
-0.05
0.009
-0.045
0.011
0.053
0.16
0.031
0.115
0.082
0.08
-0.066
0.026
-0.041
0.104
0.045
-0.055
-0.027
0.064
0.045
0.164
0.223
-0.032
0.02
0.001
0.089
0.042
-0.018
0.017
0.027
0.043
0.027
0.016
-0.054
-0.005
0.057
0.016
0.0
-0.134
0.105
0.071
0.142
0.041
-0.066
0.138
-0.016
0.086
-0.008
-0.015
0.0
0.159
0.062
-0.032
0.118
0.003
0.037
0.086
0.02
-0.015
0.057
0.006
0.075
-0.107
0.09
-0.023
0.02
0.014
0.038
0.039
0.081
-0.021
0.148
0.04
0.049
0.172
0.046
0.094
0.047
0.183
0.134
0.083
0.102
0.037
-0.016
-0.076
0.061
0.071
0.053
-0.117
0.07
0.069
0.081
0.136
-0.041
0.017
-0.005
0.226
0.003
0.119
-0.082
0.061
0.059
0.073
-0.015
0.07
0.014
-0.024
-0.006
-0.006
-0.039
0.057
0.09
0.212
0.093
-0.046
-0.021
0.02
0.135
0.073
0.164
0.031
0.116
-0.04
0.16
0.057
0.053
0.025
0.043
-0.001
0.002
-0.02
0.071
0.153
0.024
0.072
0.003
-0.05
0.011
0.113
-0.003
0.164
0.055
0.004
-0.009
0.026
0.157
0.014
0.031
0.089
0.024
-0.021
0.01
0.03
0.065
-0.024
0.032
-0.074
0.001
0.095
0.019
0.062
0.155
-0.058
0.038
-0.019
-0.031
0.149
0.047
0.12
0.031
0.041
0.047
0.108
0.055
0.047
0.037
0.067
0.049
0.053
-0.069
-0.064
-0.034
0.034
0.034
0.16
-0.087
0.027
0.125
-0.003
0.011
0.091
-0.012
-0.043
-0.053
0.017
0.12
0.063
0.058
0.174
-0.045
0.056
0.023
0.045
0.101
-0.032
0.063
0.105
0.111
-0.044
-0.102
0.016
-0.025
0.069
0.067
-0.017
0.042
0.02
0.111
0.037
0.029
0.022
-0.054
0.09
0.195
0.217
0.053
0.002
0.053
-0.013
0.09
0.001
0.038
-0.036
-0.047
0.244
-0.043
0.064
0.202
-0.003
0.062
-0.062
-0.032
0.0
0.121
0.099
-0.03
0.013
0.009
-0.046
0.059
0.028
0.046
-0.057
0.01
-0.021
0.149
0.031
0.111
0.007
0.085
0.005
-0.009
-0.011
0.08
0.118
0.074
0.024
0.021
0.003
-0.087
0.072
-0.061
0.011
0.034
0.018
-0.021
0.023
-0.031
-0.014
-0.065
0.077
0.026
0.062
0.069
0.19
-0.071
-0.025
0.078
-0.006
0.057
0.121
0.132
-0.105
0.158
0.006
0.015
0.132
-0.033
0.177
0.067
-0.014
0.024
0.058
0.056
0.071
-0.048
0.08
0.093
0.019
0.006
0.077
-0.031
0.063
0.062
0.02
0.008
-0.092
0.0
-0.038
0.027
0.022
0.02
-0.051
-0.052
-0.008
0.047
0.015
-0.019
0.221
0.073
0.052
0.089
0.034
0.088
0.01
-0.005
0.031
0.079
0.026
0.038
0.041
-0.112
0.119
0.046
0.003
0.161
0.152
-0.05
0.019
0.032
-0.005
0.037
-0.025
0.024
-0.007
0.064
0.055
0.027
-0.044
-0.005
0.085
-0.02
0.064
0.084
0.014
0.052
-0.003
0.024
-0.02
-0.004
0.032
0.014
0.031
-0.018
-0.034
0.009
-0.02
-0.057
-0.02
0.116
-0.065
-0.053
0.161
0.042
-0.003
0.046
0.029
-0.044
-0.01
0.061
-0.007
0.008
-0.029
-0.035
0.094
0.007
-0.02
0.002
-0.038
0.263
0.068
0.08
0.055
0.037
-0.011
0.004
0.162
-0.01
-0.038
0.082
-0.097
-0.007
-0.073
0.139
-0.025
0.05
0.148
-0.029
-0.002
0.012
0.068
-0.024
0.039
-0.001
0.247
-0.085
0.005
0.106
0.059
0.041
-0.014
-0.01
0.013
0.007
0.028
0.186
0.009
0.015
0.09
0.174
0.038
0.146
0.129
0.006
-0.065
-0.018
0.081
0.024
0.074
-0.075
0.105
-0.045
-0.026
0.002
-0.007
-0.056
0.081
0.052
0.004
0.07
0.027
-0.061
-0.095
0.097
0.031
-0.018
-0.006
0.033
0.062
0.012
0.057
-0.05
0.071
-0.046
-0.035
-0.074
-0.006
0.033
-0.057
0.111
0.11
-0.087
0.02
0.079
0.064
-0.065
0.014
0.011
0.03
0.059
-0.01
-0.018
0.091
0.017
-0.042
-0.031
-0.042
0.048
-0.005
0.086
0.062
0.052
0.028
-0.075
0.064
0.056
0.083
0.081
0.089
-0.032
-0.025
0.049
0.124
0.107
0.007
0.141
0.04
-0.021
0.067
0.127
-0.002
0.059
0.054
0.109
0.046
0.052
0.062
0.01
0.093
-0.048
0.045
0.163
0.04
-0.009
0.027
-0.032
0.004
0.147
0.046
0.037
-0.044
0.069
0.15
-0.043
-0.015
-0.047
-0.031
0.023
0.069
-0.047
0.084
-0.001
-0.006
-0.008
0.038
0.011
-0.048
-0.024
0.039
-0.01
-0.06
-0.039
-0.012
-0.029
-0.095
-0.08
-0.032
0.066
0.017
0.034
0.112
0.015
0.027
0.16
-0.072
0.004
-0.016
0.011
0.048
0.082
0.036
0.071
0.088
-0.069
0.04
0.079
0.029
-0.024
0.144
0.033
-0.001
0.061
0.209
0.096
0.035
0.021
0.032
0.015
-0.063
0.193
0.082
0.05
0.02
0.069
0.056
0.108
-0.041
0.022
-0.013
0.07
0.076
0.068
-0.046
0.058
-0.102
0.0
-0.03
-0.031
0.035
-0.102
0.079
0.039
0.019
-0.06
0.018
0.073
0.143
0.08
0.046
0.081
0.031
0.078
0.113
0.029
0.077
-0.016
-0.048
0.051
-0.063
0.037
0.03
0.044
-0.073
0.092
-0.024
0.043
-0.02
0.005
0.083
0.113
0.042
-0.037
-0.044
0.025
0.057
0.101
0.068
0.16
0.086
-0.001
0.11
-0.044
0.06
0.025
0.026
0.151
0.043
-0.012
0.104
0.067
0.083
0.117
0.065
0.013
-0.009
0.032
0.1
0.052
0.012
0.195
0.035
0.058
0.031
0.076
0.075
0.083
0.015
0.073
0.065
0.017
0.072
0.083
0.034
0.165
0.053
0.031
0.04
-0.015
0.044
-0.017
-0.048
0.032
0.053
0.077
0.022
-0.066
0.026
0.057
-0.029
-0.001
-0.065
0.165
0.08
-0.061
-0.001
-0.064
-0.044
0.162
0.015
0.041
0.171
0.041
-0.052
-0.021
-0.022
-0.041
0.029
0.205
-0.013
0.03
0.074
0.007
-0.031
-0.039
0.052
-0.114
0.085
0.013
0.181
0.025
0.093
0.006
0.027
0.022
0.065
0.068
0.004
0.005
0.053
0.192
-0.017
-0.039
-0.051
0.062
0.034
-0.135
-0.046
0.01
-0.014
-0.045
0.095
0.099
-0.022
0.048
0.075
-0.045
0.086
0.0
0.012
0.107
0.029
-0.025
0.008
0.114
0.078
-0.004
-0.018
0.144
-0.048
-0.051
-0.027
0.074
0.108
-0.027
-0.007
0.032
0.07
0.0
-0.041
-0.058
-0.035
0.1
-0.024
-0.007
0.051
0.181
-0.043
0.032
0.072
-0.023
-0.007
-0.035
-0.008
0.076
0.027
0.125
-0.024
0.068
-0.018
-0.05
0.13
0.007
-0.011
0.119
0.044
0.021
-0.009
0.042
-0.01
0.103
-0.028
0.051
0.007
0.086
0.127
0.031
-0.034
0.055
0.062
-0.107
-0.083
0.04
0.0
0.015
-0.025
0.102
0.041
0.074
-0.006
0.154
0.079
0.015
-0.001
0.065
0.002
0.093
0.143
0.08
-0.014
0.046
-0.018
0.058
0.008
-0.047
0.076
-0.05
0.072
0.171
0.073
-0.013
0.077
0.033
0.046
0.008
0.06
0.018
0.039
0.048
0.1
0.035
-0.005
0.089
-0.074
0.022
0.115
-0.076
0.097
0.169
-0.007
-0.013
0.016
-0.021
0.053
-0.034
0.017
0.024
0.068
0.042
-0.014
0.054
0.164
0.058
-0.028
0.181
0.095
0.041
0.052
0.063
0.11
0.074
-0.003
0.218
-0.036
-0.001
-0.006
0.113
-0.03
-0.066
0.0
-0.041
0.0
0.003
0.015
0.022
0.116
-0.051
0.151
0.088
-0.044
0.035
0.012
0.034
0.009
-0.069
0.013
0.015
-0.015
-0.043
-0.014
0.022
-0.018
0.078
-0.004
0.068
-0.025
-0.011
-0.057
0.045
0.024
0.062
0.004
0.068
-0.005
0.118
0.012
0.001
0.03
0.064
0.003
0.006
0.042
0.039
0.009
-0.042
0.003
0.082
0.026
0.014
0.05
0.033
-0.046
0.051
0.045
-0.057
0.078
-0.053
-0.014
0.007
0.055
0.071
0.152
0.069
0.026
0.004
0.081
-0.03
0.037
-0.035
0.014
0.042
-0.022
0.004
-0.016
0.09
0.042
-0.038
0.026
-0.038
0.063
0.04
0.157
0.025
0.029
0.027
0.039
0.02
0.145
0.001
-0.059
0.119
-0.036
0.065
-0.079
0.036
0.045
0.095
0.065
0.04
-0.017
0.039
0.075
0.055
0.06
-0.005
0.108
-0.017
0.181
0.005
0.013
0.012
0.134
0.064
-0.056
0.048
0.019
0.1
0.005
0.019
0.116
0.107
0.102
0.065
0.108
0.017
0.056
0.131
0.076
0.012
0.118
0.058
0.058
0.066
-0.073
0.016
-0.016
-0.037
0.249
0.147
-0.018
-0.029
0.134
0.063
-0.055
-0.026
0.0
0.075
0.006
-0.053
0.028
-0.029
0.01
0.056
0.008
0.032
0.038
0.091
0.062
0.0
0.018
0.136
0.014
0.021
-0.015
0.048
0.051
0.045
0.037
-0.027
-0.021
-0.001
0.005
0.046
0.04
-0.054
0.037
0.047
-0.028
0.075
-0.054
0.029
0.031
0.04
0.159
-0.047
-0.008
0.145
0.056
0.032
0.14
0.099
0.05
0.077
0.037
0.195
0.038
-0.025
-0.013
-0.099
0.109
0.035
0.053
0.055
-0.025
0.005
-0.032
0.057
0.079
0.069
0.071
0.042
0.035
-0.005
0.004
-0.052
0.152
0.109
0.003
-0.027
0.078
0.076
0.149
-0.002
-0.045
-0.075
0.126
0.067
-0.011
0.037
0.106
0.032
0.088
0.014
-0.051
0.044
0.061
-0.039
0.091
-0.039
0.087
0.005
-0.038
0.099
0.034
0.016
0.036
-0.036
0.045
0.061
-0.013
-0.017
0.078
0.065
0.092
0.05
0.045
0.034
-0.082
0.047
0.049
-0.069
-0.013
-0.081
0.015
-0.027
0.0
0.151
-0.034
-0.039
-0.048
-0.033
0.073
-0.001
0.073
-0.041
-0.003
-0.036
-0.026
0.062
0.074
0.073
0.082
0.135
-0.077
0.0
-0.012
-0.055
0.078
-0.04
0.023
0.001
0.141
0.006
0.053
0.064
0.0
0.021
0.04
0.007
0.069
0.18
0.005
0.036
-0.085
-0.071
0.026
-0.036
0.026
-0.002
0.021
0.016
0.038
0.045
0.011
-0.006
0.004
0.038
0.171
-0.008
0.049
0.097
0.095
0.055
-0.008
0.019
0.051
0.072
0.035
-0.045
-0.001
-0.034
-0.011
0.049
0.056
0.074
0.014
0.018
0.008
0.027
-0.006
0.096
0.063
-0.016
-0.029
0.089
0.036
0.178
-0.018
0.023
0.027
0.027
-0.007
0.028
-0.038
-0.007
0.013
-0.028
-0.009
0.136
0.003
-0.067
0.059
0.0
0.011
0.15
0.046
0.024
0.05
0.101
-0.009
0.013
0.025
0.049
-0.001
0.174
0.039
0.032
0.003
-0.028
-0.002
-0.025
0.149
-0.052
0.091
-0.007
0.004
0.014
0.104
0.039
-0.01
-0.031
-0.062
0.039
-0.057
-0.022
0.026
-0.069
0.052
0.059
0.084
-0.064
-0.014
-0.079
0.091
0.11
-0.031
0.006
0.039
0.059
0.009
-0.002
-0.024
-0.04
0.072
0.002
0.094
0.046
0.025
0.053
0.13
-0.014
-0.018
0.172
0.155
0.04
0.088
0.036
0.168
0.01
0.038
-0.07
0.039
-0.057
0.046
-0.079
-0.009
0.015
-0.016
0.024
0.049
0.074
0.066
-0.011
0.041
-0.088
-0.036
0.121
0.069
0.118
0.04
0.027
-0.003
0.202
0.0
0.01
0.097
0.018
0.124
0.026
0.013
0.025
0.047
-0.019
0.102
0.049
0.032
0.003
0.034
0.063
0.057
-0.003
0.15
0.051
0.07
0.042
0.024
0.094
0.169
0.052
0.114
0.044
0.081
0.07
0.091
0.035
0.027
-0.042
-0.007
0.164
0.049
0.006
-0.035
0.04
0.082
0.047
-0.115
0.026
0.038
-0.016
0.061
0.013
0.016
-0.039
0.025
-0.049
-0.019
0.082
0.122
0.026
0.062
0.143
0.135
-0.013
-0.054
0.022
0.018
0.004
-0.029
0.064
0.035
-0.032
0.116
0.034
0.107
-0.004
0.099
0.092
0.001
-0.049
0.026
0.098
-0.05
0.069
0.059
0.087
-0.001
0.017
0.046
0.036
-0.031
0.039
-0.071
0.054
-0.004
-0.009
0.02
-0.034
0.035
-0.031
-0.015
-0.076
-0.064
0.025
-0.043
0.114
-0.004
0.119
0.013
0.007
-0.014
0.055
0.067
0.028
-0.002
0.059
-0.007
-0.026
0.096
0.017
0.016
0.011
0.038
0.054
0.057
-0.024
0.011
0.011
0.035
0.06
-0.026
0.124
0.016
0.038
0.096
0.035
0.001
0.07
-0.022
0.006
0.015
0.104
0.048
-0.093
0.013
0.123
0.096
0.027
0.022
0.109
-0.042
0.02
0.022
-0.011
0.0
0.032
-0.005
-0.04
0.0
0.069
0.072
0.068
0.061
0.076
0.116
-0.04
0.138
-0.023
0.12
-0.04
0.106
-0.045
-0.068
-0.007
-0.061
0.049
-0.059
0.024
-0.012
-0.074
-0.065
0.103
0.142
0.27
0.037
-0.024
-0.008
0.047
-0.007
-0.066
0.023
0.054
0.013
-0.09
0.07
0.069
-0.05
-0.033
-0.027
0.097
-0.061
0.011
-0.016
0.028
0.013
-0.026
0.051
0.034
0.046
0.016
0.076
0.232
0.048
0.076
0.081
0.013
-0.041
0.153
0.073
0.145
-0.019
0.0
0.188
0.017
-0.067
-0.014
-0.027
-0.058
0.04
-0.045
-0.023
-0.016
-0.126
0.125
0.019
0.041
-0.042
-0.014
0.026
0.026
-0.048
0.009
-0.059
0.007
0.008
0.021
0.0
-0.002
-0.042
-0.012
0.091
-0.026
-0.015
0.094
-0.015
0.08
0.07
-0.054
-0.018
-0.018
-0.008
0.025
0.226
0.048
0.095
0.013
0.159
0.1
-0.071
0.136
0.053
-0.036
-0.008
0.027
0.051
0.02
-0.006
0.054
-0.044
0.047
-0.078
0.033
-0.05
-0.011
-0.013
0.046
-0.064
0.026
0.045
0.035
0.037
0.074
0.0
0.102
0.015
0.033
-0.013
-0.033
0.017
0.017
-0.05
0.197
-0.027
0.014
0.071
-0.049
-0.021
0.071
0.004
-0.047
-0.019
0.045
0.074
-0.024
0.032
-0.023
0.093
0.053
0.03
0.09
0.17
0.076
-0.038
-0.037
0.014
-0.043
-0.02
0.017
0.015
0.09
0.02
0.073
0.024
-0.016
-0.026
-0.061
0.161
-0.026
-0.057
0.048
-0.001
-0.046
-0.019
0.064
0.031
-0.03
-0.044
-0.071
0.098
0.04
0.015
-0.026
0.127
0.095
0.094
0.049
0.027
0.094
-0.004
-0.109
0.06
0.111
0.134
0.034
0.046
-0.01
0.042
0.122
0.077
0.045
0.109
0.058
0.132
0.038
0.071
0.074
0.072
-0.023
0.069
0.098
0.042

