-0.021
0.025
-0.04
0.025
-0.05
-0.05
0.061
-0.117
-0.018
-0.067
-0.052
-0.069
-0.031
-0.036
-0.028
-0.075
-0.037
-0.067
-0.02
-0.105
-0.06
0.043
-0.075
-0.036
0.0
0.022
-0.158
-0.029
0.02
-0.065
0.009
0.006
-0.057
-0.044
-0.061
-0.039
-0.043
0.001
0.021
-0.089
-0.019
-0.059
-0.034
-0.06
-0.035
-0.101
-0.056
-0.049
-0.085
0.013
-0.025
-0.044
0.02
-0.087
-0.075
-0.014
-0.108
-0.048
0.031
-0.075
-0.076
0.024
-0.01
-0.073
-0.054
-0.009
-0.092
-0.102
0.01
-0.045
-0.069
-0.03
-0.037
0.001
-0.116
-0.089
-0.058
-0.023
0.01
-0.06
-0.034
0.019
-0.066
-0.012
-0.08
-0.01
-0.048
0.024
0.012
-0.012
-0.009
0.051
0.003
-0.029
0.053
-0.006
0.031
-0.098
0.005
0.047
0.001
-0.034
-0.033
0.001
-0.026
-0.017
-0.043
-0.029
-0.058
0.029
-0.109
-0.061
-0.098
-0.054
-0.075
0.032
-0.029
-0.062
0.001
-0.054
-0.056
-0.04
-0.009
-0.01
-0.054
-0.014
-0.026
0.008
-0.078
-0.07
-0.032
-0.054
-0.05
-0.094
-0.052
-0.054
-0.037
0.0
0.057
-0.034
-0.004
-0.04
0.032
-0.046
-0.061
-0.03
-0.003
0.047
-0.032
0.056
-0.079
-0.059
-0.088
-0.024
-0.082
0.024
-0.012
-0.075
-0.127
-0.058
-0.062
-0.033
-0.049
-0.042
-0.051
0.062
-0.071
-0.029
-0.009
-0.026
0.018
-0.047
-0.03
-0.015
-0.002
-0.018
-0.087
-0.043
-0.112
-0.133
0.036
-0.094
-0.045
-0.02
-0.05
-0.043
0.011
0.013
-0.054
-0.033
-0.133
0.034
-0.077
-0.012
-0.045
-0.133
-0.082
-0.079
-0.056
-0.078
-0.013
-0.037
-0.08
-0.008
-0.097
-0.055
-0.052
0.039
-0.059
0.024
-0.012
-0.04
-0.045
-0.046
-0.038
-0.006
-0.082
-0.089
-0.082
-0.089
-0.071
0.001
-0.043
-0.02
-0.05
-0.111
-0.055
-0.02
-0.053
-0.059
-0.058
-0.081
-0.075
-0.029
-0.105
-0.045
-0.018
-0.065
-0.043
-0.012
-0.067
-0.033
-0.068
-0.07
0.023
-0.118
-0.005
-0.082
-0.037
-0.046
-0.016
-0.094
-0.03
-0.11
-0.05
-0.016
0.022
0.028
0.004
-0.052
-0.029
-0.026
-0.024
0.002
-0.084
0.037
-0.054
-0.092
-0.059
-0.032
-0.083
0.0
0.015
-0.003
-0.06
-0.088
-0.032
-0.059
-0.08
-0.033
-0.034
-0.029
-0.055
-0.074
-0.076
0.031
-0.028
-0.013
-0.103
-0.029
-0.036
0.049
-0.13
-0.02
-0.053
0.002
-0.01
0.015
-0.017
0.062
-0.074
-0.057
-0.003
-0.059
-0.054
-0.064
-0.02
-0.076
0.016
-0.087
-0.059
0.006
-0.073
-0.115
-0.079
-0.036
0.018
-0.03
-0.058
-0.004
-0.004
-0.107
0.031
-0.032
-0.073
-0.047
-0.045
-0.012
-0.028
-0.042
-0.071
-0.051
0.013
-0.05
-0.051
-0.03
0.028
-0.052
-0.067
0.007
-0.022
-0.031
0.029
-0.063
-0.041
-0.016
-0.012
-0.064
-0.06
-0.013
0.008
-0.075
-0.1
-0.033
-0.008
-0.088
-0.074
0.003
-0.044
-0.013
-0.018
-0.063
-0.048
-0.02
0.007
0.01
-0.04
0.004
-0.024
-0.001
-0.035
-0.085
-0.036
-0.031
0.032
-0.016
0.0
0.013
-0.025
-0.024
-0.071
-0.074
-0.089
-0.027
-0.077
-0.073
-0.003
-0.058
-0.058
0.035
-0.033
0.01
-0.042
-0.076
0.008
-0.085
-0.063
-0.056
-0.082
-0.009
0.001
-0.069
-0.014
-0.019
0.032
0.032
-0.02
0.083
-0.051
-0.021
-0.037
-0.053
-0.085
-0.075
-0.052
-0.056
0.005
-0.009
-0.073
-0.071
-0.124
-0.022
-0.007
-0.062
-0.042
-0.067
0.005
-0.028
-0.033
-0.012
-0.011
-0.045
-0.071
-0.066
-0.049
-0.014
-0.004
-0.071
-0.088
-0.034
-0.009
-0.092
0.002
-0.107
-0.074
-0.032
-0.032
-0.106
-0.054
-0.027
-0.058
-0.102
-0.058
-0.073
-0.006
-0.018
0.011
0.006
-0.067
-0.045
-0.117
-0.076
-0.052
-0.021
-0.043
-0.099
-0.012
-0.013
-0.047
-0.035
-0.009
-0.005
-0.063
-0.047
-0.042
-0.008
-0.066
-0.055
-0.026
-0.019
-0.043
-0.009
-0.055
-0.052
-0.076
-0.13
-0.063
-0.103
0.039
-0.016
-0.062
-0.053
-0.055
-0.054
-0.013
0.01
-0.078
-0.071
-0.034
-0.052
0.008
-0.028
0.023
-0.054
-0.014
-0.043
-0.059
-0.068
-0.016
0.012
0.015
0.005
0.021
-0.051
-0.063
0.003
-0.059
-0.065
-0.035
-0.023
-0.049
-0.003
-0.014
-0.096
-0.037
-0.051
-0.018
-0.093
-0.098
-0.039
-0.088
-0.035
0.011
0.007
-0.026
-0.099
-0.032
-0.08
0.013
-0.009
-0.038
0.033
-0.033
-0.102
-0.108
-0.028
-0.039
-0.024
-0.014
-0.044
0.048
-0.042
-0.063
0.007
-0.029
-0.03
0.041
-0.074
-0.035
-0.07
0.025
-0.023
-0.058
-0.089
-0.024
-0.049
-0.062
-0.032
0.024
0.005
-0.068
-0.022
-0.05
0.023
-0.078
0.086
-0.037
-0.007
-0.053
-0.01
-0.133
-0.046
-0.024
-0.093
-0.02
-0.044
-0.031
0.007
-0.083
-0.053
-0.011
-0.043
-0.038
-0.01
0.029
-0.089
-0.05
-0.05
-0.023
-0.05
-0.047
-0.12
0.031
-0.074
0.005
-0.037
-0.02
-0.04
-0.016
0.008
-0.096
0.009
-0.035
0.005
-0.074
-0.073
-0.024
0.035
-0.003
-0.061
0.003
-0.027
-0.056
-0.073
-0.004
-0.004
0.004
-0.042
-0.023
-0.024
-0.034
-0.014
0.002
0.051
-0.047
-0.071
0.016
0.012
-0.051
-0.059
-0.024
-0.096
0.068
-0.007
-0.023
-0.079
-0.071
-0.082
-0.082
-0.043
-0.059
-0.003
-0.003
-0.005
-0.071
-0.037
-0.056
-0.012
-0.078
0.051
-0.054
-0.022
-0.08
0.011
-0.016
-0.011
-0.013
0.017
-0.074
-0.054
0.015
-0.043
-0.01
-0.104
0.015
-0.012
-0.049
-0.053
-0.059
-0.093
-0.021
-0.136
-0.029
0.044
-0.003
-0.02
-0.086
-0.047
-0.019
-0.08
-0.024
0.026
-0.065
-0.061
0.054
0.015
0.012
-0.085
0.02
-0.028
-0.045
-0.012
-0.044
0.019
-0.105
-0.014
-0.025
0.014
-0.012
0.022
-0.14
-0.074
-0.018
-0.094
-0.105
-0.062
0.011
0.095
-0.023
-0.035
-0.018
-0.035
-0.049
-0.112
-0.01
-0.042
-0.061
-0.084
-0.043
-0.099
-0.023
-0.002
-0.023
-0.012
-0.059
-0.036
-0.014
-0.025
0.054
-0.057
-0.026
-0.017
-0.022
-0.007
-0.05
-0.095
-0.051
-0.02
-0.057
-0.035
-0.091
0.02
-0.069
-0.106
0.017
-0.024
-0.119
-0.074
0.023
-0.029
-0.065
-0.007
-0.136
-0.118
-0.042
-0.03
0.071
-0.048
-0.026
-0.052
-0.073
-0.058
0.004
-0.04
0.077
-0.059
0.0
-0.018
-0.119
-0.06
-0.046
-0.056
-0.071
-0.059
-0.034
-0.007
-0.024
-0.068
0.023
-0.103
-0.059
-0.032
-0.022
-0.024
0.029
-0.025
0.003
-0.053
0.016
-0.075
-0.008
-0.041
-0.057
-0.033
-0.075
-0.038
-0.045
0.011
-0.011
0.016
-0.113
-0.044
-0.121
-0.065
-0.021
-0.022
-0.111
-0.066
-0.05
-0.112
-0.055
-0.044
-0.111
-0.046
-0.043
-0.036
-0.084
0.015
-0.026
-0.047
-0.089
-0.043
-0.029
-0.072
-0.033
-0.008
-0.044
0.057
-0.105
-0.012
-0.016
-0.004
-0.074
-0.032
-0.063
-0.005
-0.088
-0.076
-0.105
-0.036
-0.01
0.009
-0.024
-0.023
-0.075
-0.024
-0.018
-0.112
-0.01
-0.06
-0.084
-0.017
-0.002
-0.018
-0.017
-0.096
-0.043
-0.105
0.015
0.009
-0.088
-0.051
-0.074
0.025
-0.106
-0.015
-0.01
-0.085
-0.045
-0.049
-0.026
-0.013
-0.026
-0.078
0.01
-0.032
-0.026
-0.041
-0.005
-0.046
-0.064
-0.005
-0.05
-0.066
-0.02
-0.025
0.001
-0.062
0.006
-0.055
-0.03
-0.053
-0.089
0.005
-0.054
-0.056
-0.016
-0.021
-0.092
-0.025
-0.076
-0.005
-0.054
-0.069
-0.03
0.03
-0.05
-0.087
0.041
-0.072
-0.011
-0.117
-0.064
0.051
-0.078
0.0
0.025
-0.04
0.006
-0.063
-0.082
-0.073
-0.05
0.014
-0.036
-0.053
-0.078
-0.07
-0.005
-0.043
0.02
-0.147
-0.05
-0.063
0.032
-0.053
-0.002
-0.058
-0.109
-0.011
0.008
-0.035
0.065
-0.029
0.051
-0.014
-0.088
-0.006
-0.042
-0.122
-0.033
-0.106
0.032
-0.079
-0.116
-0.005
-0.031
-0.036
-0.12
-0.071
-0.041
-0.099
-0.059
-0.092
0.009
-0.016
-0.049
-0.053
-0.073
-0.062
0.036
-0.074
-0.052
-0.014
-0.062
0.042
-0.093
-0.059
-0.058
-0.023
-0.045
-0.006
0.01
-0.051
0.05
-0.051
-0.015
-0.01
-0.057
0.006
-0.074
-0.085
-0.073
-0.058
-0.085
-0.114
-0.004
-0.015
-0.006
-0.031
-0.045
0.066
0.043
-0.015
-0.105
-0.079
-0.02
-0.048
-0.14
-0.039
-0.083
0.017
-0.06
0.011
-0.025
-0.062
-0.079
-0.034
-0.037
-0.075
-0.029
0.002
-0.061
-0.119
-0.046
-0.009
-0.027
0.0
-0.053
0.002
-0.049
-0.034
-0.043
-0.062
0.019
0.023
-0.037
-0.151
-0.008
-0.018
0.052
-0.013
-0.058
-0.05
-0.097
-0.009
-0.031
-0.078
0.032
-0.046
-0.058
-0.002
0.017
-0.027
-0.014
-0.085
-0.034
-0.161
0.001
0.0
-0.035
-0.028
-0.046
0.018
-0.035
-0.033
-0.022
-0.059
0.002
-0.043
-0.132
-0.081
0.019
-0.041
-0.089
-0.02
-0.012
-0.06
-0.061
-0.006
-0.066
0.026
-0.084
-0.014
-0.037
-0.044
-0.039
0.024
-0.073
-0.009
0.015
-0.008
-0.004
-0.03
-0.03
-0.03
-0.12
0.026
-0.08
0.086
-0.043
-0.114
-0.051
-0.003
-0.041
0.041
-0.014
-0.008
-0.045
-0.032
0.061
0.004
-0.032
-0.065
-0.01
0.027
-0.049
-0.173
0.022
-0.018
0.023
-0.017
0.005
-0.018
-0.018
-0.122
-0.116
-0.014
-0.063
-0.115
-0.045
-0.066
-0.039
-0.03
-0.064
0.024
-0.047
-0.049
-0.091
-0.045
-0.077
-0.064
-0.004
-0.035
-0.063
-0.029
-0.048
0.045
-0.042
-0.036
-0.032
0.002
-0.076
-0.082
0.012
0.011
0.037
-0.059
0.036
-0.088
-0.055
-0.043
-0.036
-0.014
-0.027
-0.057
-0.105
0.044
-0.061
-0.067
0.025
-0.073
-0.051
-0.047
-0.026
0.075
-0.018
-0.041
-0.011
-0.033
0.043
-0.013
-0.103
-0.05
-0.059
-0.036
0.023
-0.078
-0.055
-0.001
-0.107
-0.041
-0.015
-0.024
-0.163
-0.073
-0.078
0.085
-0.061
0.029
0.037
-0.104
-0.007
-0.092
-0.045
-0.097
0.035
-0.024
-0.014
-0.065
-0.032
0.008
-0.05
-0.058
-0.153
-0.08
-0.114
-0.071
-0.064
0.053
-0.069
0.039
-0.056
-0.011
-0.067
-0.121
0.006
-0.027
0.03
-0.052
-0.048
-0.084
0.001
-0.022
-0.129
-0.052
-0.055
-0.037
-0.043
-0.061
-0.077
-0.11
-0.082
-0.02
-0.032
-0.054
0.012
-0.04
-0.029
-0.055
0.023
-0.045
-0.092
-0.1
-0.058
-0.07
-0.017
-0.024
-0.062
-0.059
-0.04
-0.074
-0.055
-0.074
-0.15
-0.075
-0.066
-0.085
0.04
0.012
-0.073
0.009
0.008
-0.066
-0.037
-0.045
-0.116
-0.004
-0.038
-0.046
-0.051
-0.023
-0.116
-0.152
-0.053
-0.003
-0.112
-0.029
-0.016
-0.048
-0.016
-0.025
-0.059
-0.022
-0.016
-0.016
-0.067
-0.063
-0.026
-0.017
-0.03
-0.026
-0.007
0.004
-0.063
0.03
0.011
-0.055
-0.079
0.026
-0.003
-0.048
0.067
-0.03
-0.062
0.002
-0.071
0.011
0.004
-0.024
0.008
-0.039
0.079
-0.012
-0.067
0.004
-0.004
-0.032
-0.005
-0.04
-0.041
-0.012
-0.169
-0.104
-0.058
-0.079
-0.042
-0.055
0.017
-0.093
-0.056
-0.034
-0.009
-0.016
-0.044
0.011
0.016
-0.053
-0.06
0.052
-0.026
-0.009
-0.005
-0.022
-0.077
-0.002
-0.029
-0.059
0.014
-0.041
-0.169
-0.021
0.025
-0.004
-0.081
-0.077
-0.016
0.012
-0.037
-0.006
-0.068
-0.034
-0.07
-0.045
-0.014
-0.063
-0.009
-0.021
-0.041
0.0
-0.014
-0.006
-0.053
-0.04
0.001
-0.03
0.052
-0.071
0.025
0.034
0.022
-0.086
-0.028
-0.076
-0.014
-0.013
-0.029
-0.023
-0.043
-0.079
-0.084
-0.069
-0.03
0.007
-0.054
0.008
0.014
0.026
-0.003
0.033
-0.046
0.031
0.046
-0.005
-0.03
-0.038
-0.065
-0.014
-0.086
-0.078
0.008
-0.057
-0.026
-0.118
-0.017
-0.034
-0.032
-0.075
0.012
-0.035
0.022
-0.031
-0.012
-0.01
0.012
-0.014
-0.075
-0.069
-0.085
-0.042
-0.035
0.007
-0.022
-0.081
-0.073
0.031
-0.085
-0.035
-0.039
-0.018
-0.02
0.003
-0.064
-0.043
-0.054
-0.034
-0.048
-0.129
-0.041
0.011
-0.026
-0.032
0.002
-0.066
-0.038
-0.042
-0.09
-0.087
-0.041
-0.038
-0.012
-0.066
-0.066
-0.056
-0.133
-0.042
0.002
-0.044
-0.049
-0.023
0.0
-0.036
0.042
-0.003
-0.059
-0.055
-0.022
-0.024
-0.003
0.001
-0.019
-0.001
-0.073
-0.017
-0.01
-0.033
-0.021
-0.024
-0.1
-0.052
-0.009
0.015
-0.062
-0.066
-0.037
-0.1
-0.023
-0.036
-0.017
-0.038
-0.025
-0.063
-0.026
-0.056
-0.008
-0.02
-0.027
-0.134
0.041
-0.029
-0.014
-0.058
-0.06
-0.086
0.023
-0.094
-0.006
-0.052
-0.019
0.01
0.021
-0.017
-0.14
0.001
-0.003
0.004
0.047
-0.019
-0.082
0.029
-0.101
0.03
-0.139
-0.034
-0.037
-0.051
-0.072
-0.023
-0.035
-0.065
-0.086
-0.004
-0.059
0.04
-0.04
-0.013
-0.009
-0.031
0.016
-0.079
0.009
-0.036
-0.039
-0.043
-0.083
-0.02
-0.078
-0.022
-0.055
-0.064
0.046
-0.042
-0.017
-0.104
-0.013
-0.02
-0.068
-0.011
-0.068
0.008
0.006
-0.001
-0.048
-0.04
-0.025
-0.024
-0.001
-0.063
-0.085
-0.031
-0.044
-0.043
-0.015
-0.04
-0.01
0.047
-0.063
-0.002
0.067
-0.005
-0.051
-0.11
-0.071
-0.073
-0.006
-0.059
-0.01
-0.096
-0.058
-0.088
0.045
-0.003
-0.054
-0.113
0.041
0.0
0.022
-0.1
-0.025
-0.057
-0.005
-0.042
-0.06
-0.016
0.018
-0.081
0.0
-0.139
0.001
-0.068
0.009
-0.07
-0.1
-0.025
0.017
0.082
-0.008
-0.026
-0.012
-0.006
-0.069
-0.043
-0.016
-0.077
0.026
-0.051
-0.039
-0.001
-0.043
-0.052
-0.063
-0.065
-0.041
-0.09
0.004
-0.001
-0.031
-0.012
0.018
0.006
-0.089
-0.021
-0.037
-0.081
-0.049
-0.081
-0.033
-0.035
-0.078
-0.018
-0.058
-0.113
-0.042
-0.006
-0.098
-0.03
-0.072
-0.076
-0.073
-0.018
-0.041
-0.032
-0.052
-0.006
-0.015
-0.034
-0.067
-0.066
-0.064
-0.052
-0.005
-0.049
-0.016
0.019
-0.121
-0.069
-0.091
-0.021
-0.071
-0.034
0.0
-0.067
-0.033
-0.105
-0.063
-0.052
-0.032
0.018
-0.142
-0.062
-0.094
-0.114
0.013
-0.019
-0.003
0.0
-0.017
-0.071
-0.1
-0.025
-0.068
-0.033
-0.096
-0.053
0.003
-0.055
-0.122
-0.068
-0.029
-0.061
0.0
0.015
-0.059
-0.004
-0.05
-0.039
-0.056
-0.12
-0.101
-0.055
-0.055
-0.056
-0.122
-0.036
0.002
-0.029
-0.074
-0.038
-0.048
0.065
-0.014
-0.002
-0.06
-0.043
-0.01
-0.13
-0.024
0.019
-0.064
-0.029
-0.045
-0.078
-0.016
-0.032
-0.178
-0.117
-0.019
0.008
0.013
-0.069
0.007
0.035
0.008
0.029
-0.027
-0.054
-0.022
-0.006
-0.057
-0.082
-0.169
-0.008
-0.085
-0.019
-0.057
-0.056
-0.102
0.07
-0.041
-0.067
-0.059
-0.08
-0.031
-0.078
-0.009
-0.021
-0.11
-0.089
-0.001
-0.098
0.004
-0.07
-0.107
0.001
-0.031
-0.036
-0.09
-0.021
-0.001
-0.04
-0.054
-0.098
-0.018
-0.019
-0.06
-0.039
-0.016
-0.065
-0.096
0.003
-0.04
-0.083
0.023
-0.046
-0.02
-0.021
-0.008
-0.017
-0.067
-0.101
0.044
0.037
-0.012
-0.001
-0.096
-0.007
-0.023
0.031
-0.029
-0.052
-0.063
0.004
-0.122
-0.053
-0.073
-0.03
-0.046
0.012
-0.089
-0.088
-0.093
-0.049
-0.052
-0.104
0.065
-0.101
-0.067
-0.033
-0.061
0.076
-0.122
-0.077
0.007
-0.103
-0.079
-0.109
-0.066
-0.001
-0.059
-0.091
-0.023
-0.069
-0.001
-0.078
-0.033
-0.031
0.005
-0.042
-0.023
-0.083
-0.06
-0.096
-0.045
-0.088
-0.129
0.02
-0.051
-0.007
-0.053
-0.056
-0.093
-0.112
0.039
-0.074
-0.087
0.041
-0.007
-0.089
-0.118
0.123
-0.027
-0.067
-0.063
-0.016
-0.069
0.011
-0.031
-0.073
-0.044
0.021
-0.022
-0.051
-0.075
-0.003
0.01
-0.006
0.042
-0.052
-0.072
-0.046
-0.04
-0.064
0.014
-0.008
-0.038
-0.038
-0.043
-0.002
-0.045
-0.026
-0.007
-0.006
-0.035
-0.093
0.013
-0.002
0.03
-0.002
-0.047
-0.056
-0.063
0.009
-0.104
-0.041
-0.022
-0.095
-0.028
-0.03
-0.018
-0.034
-0.06
-0.042
-0.09
-0.012
-0.07
-0.056
0.011
0.027
0.011
-0.038
-0.028
-0.106
-0.016
-0.039
-0.012
-0.031
0.009
-0.088
0.04
-0.1
-0.029
0.061
0.007
-0.028
-0.088
-0.018
-0.034
-0.039
-0.008
-0.053
-0.079
-0.041
-0.023
-0.028
-0.055
-0.051
-0.015
-0.06
-0.07
-0.003
-0.008
-0.09
-0.013
-0.057
-0.023
-0.096
-0.101
-0.015
-0.026
0.012
-0.08
-0.063
0.002
-0.035
-0.098
0.04
-0.026
-0.06
0.03
0.019
-0.103
-0.05
-0.062
0.018
-0.126
0.004
0.078
-0.064
-0.076
0.016
-0.081
-0.004
0.013
0.039
0.047
-0.015
-0.055
-0.039
-0.006
-0.012
-0.028
-0.064
-0.027
0.016
-0.073
-0.016
-0.055
-0.051
-0.028
-0.052
-0.08
0.008
-0.04
-0.051
-0.048
-0.113
-0.11
-0.081
-0.043
-0.038
-0.075
-0.049
0.031
-0.073
0.042
-0.029
-0.021
0.004
-0.009
-0.093
-0.027
-0.042
0.002
-0.036
-0.003
-0.045
-0.055
-0.104
-0.109
0.008
-0.053
-0.095
-0.022
-0.07
-0.08
-0.076
-0.043
0.001
0.015
-0.071
-0.008
-0.111
-0.01
-0.039
-0.034
-0.059
-0.001
-0.017
0.034
-0.054
-0.067
-0.037
-0.051
-0.058
-0.003
-0.083
-0.054
-0.104
-0.092
-0.036
0.032
-0.077
-0.068
-0.005
-0.072
-0.042
0.0
-0.036
-0.005
-0.067
0.011
-0.028
0.001
-0.052
-0.049
-0.016
-0.044
-0.008
-0.002
-0.084
-0.05
-0.058
0.026
0.01
-0.045
-0.046
-0.115
0.031
-0.073
-0.139
-0.007
-0.012
-0.029
0.015
-0.069
-0.09
-0.007
-0.004
-0.051
-0.089
0.01
-0.016
-0.031
-0.031
0.028
-0.086
-0.021
-0.012
-0.078
-0.022
-0.034
-0.103
-0.074
-0.006
-0.07
-0.047
-0.06
0.003
0.007
-0.099
-0.115
-0.092
0.043
-0.057
-0.026
-0.108
-0.083
-0.066
0.0
0.064
-0.013
-0.068
0.031
-0.055
-0.087
-0.028
0.057
-0.019
-0.079
-0.048
-0.025
-0.001
-0.079
-0.059
-0.02
-0.057
-0.071
-0.054
-0.016
0.02
-0.001
-0.056
-0.081
0.021
-0.066
-0.087
-0.075
-0.011
0.001
-0.073
-0.004
-0.036
-0.04
-0.016
-0.046
-0.03
-0.068
-0.038
0.005
-0.001
-0.028
0.032
-0.013
-0.084
-0.031
-0.121
-0.032
-0.079
-0.106
-0.03
-0.013
-0.039
-0.023
0.032
-0.02
-0.064
-0.035
-0.029
-0.057
-0.071
-0.093
-0.028
-0.036
-0.092
-0.016
0.03
-0.064
-0.053
-0.013
-0.08
-0.043
0.007
0.024
0.03
-0.027
-0.082
-0.086
-0.051
-0.067
-0.084
-0.011
-0.051
-0.025
0.039
-0.104
-0.033
-0.057
-0.024
-0.051
-0.072
-0.093
-0.03
0.004
-0.069
-0.045
-0.02
-0.094
-0.085
0.009
-0.046
-0.035
-0.026
-0.011
-0.011
-0.017
-0.067
-0.069
-0.072
-0.041
-0.14
-0.025
-0.026
-0.035
-0.071
-0.065
-0.144
0.025
0.009
-0.064
-0.019
-0.073
-0.075
-0.066
-0.003
-0.098
0.025
-0.082
0.014
-0.065
-0.059
-0.115
-0.004
-0.085
-0.08
-0.012
-0.024
-0.115
-0.054
-0.132
-0.077
0.003
-0.105
-0.074
-0.029
-0.017
-0.054
-0.018
-0.04
-0.05
-0.006
-0.051
-0.075
-0.028
-0.041
0.003
-0.025
-0.004
-0.054
-0.038
0.014
-0.033
-0.061
-0.003
-0.037
-0.063
-0.03
-0.018
-0.074
-0.066
-0.078
-0.029
-0.061
-0.042
-0.035
-0.029
-0.032
0.01
-0.069
-0.138
-0.056
0.024
-0.042
-0.012
-0.074
-0.001
-0.119
-0.02
-0.115
0.029
-0.018
0.008
-0.105
-0.056
-0.06
-0.053
-0.076
-0.049
-0.014
-0.035
-0.094
-0.041
-0.002
-0.1
-0.043
-0.106
-0.056
-0.058
-0.082
0.093
-0.098
-0.036
0.003
-0.073
-0.036
0.007
-0.05
0.001
0.036
-0.063
0.04
-0.007
-0.048
-0.084
-0.026
-0.033
-0.011
-0.04
-0.077
-0.034
0.023
-0.023
-0.102
-0.075
-0.031
-0.067
-0.063
-0.005
-0.049
-0.054
-0.057
-0.009
0.062
-0.029
-0.027
-0.056
-0.027
-0.024
-0.085
-0.068
-0.045
-0.009
-0.039
-0.079
-0.04
-0.112
-0.044
-0.094
-0.022
-0.093
0.027
-0.035
-0.022
0.025
0.004
-0.085
0.004
-0.069
-0.04
-0.035
-0.042
-0.032
-0.13
0.004
-0.006
-0.094
-0.098
-0.004
0.019
-0.079
-0.045
-0.088
-0.064
-0.038
0.001
-0.061
-0.031
-0.024
0.009
-0.079
-0.088
-0.076
-0.087
-0.072
-0.076
-0.048
-0.086
0.015
-0.014
-0.027
0.006
-0.035
-0.073
-0.029
-0.093
-0.026
-0.019
-0.02
-0.024
-0.054
-0.068
-0.067
-0.054
-0.052
-0.027
-0.079
-0.05
-0.024
-0.016
-0.028
-0.063
-0.002
-0.066
-0.027
-0.061
0.071
-0.034
-0.034
0.011
-0.082
-0.053
0.005
-0.097
-0.121
0.002
-0.034
-0.001
-0.099
0.044
-0.01
-0.087
-0.063
-0.043
0.012
-0.052
-0.022
-0.011
-0.05
-0.012
-0.011
0.005
-0.086
-0.062
-0.052
-0.024
0.009
0.0
-0.066
-0.05
-0.037
-0.062
-0.03
0.017
-0.109
0.003
0.004
-0.075
-0.077
-0.044
-0.07
-0.023
-0.011
-0.019
-0.062
-0.078
0.012
-0.045
-0.069
-0.019
0.034
-0.018
-0.059
0.041
0.013
-0.105
-0.09
-0.046
-0.004
-0.017
0.05
-0.07
0.003
-0.047
0.042
-0.076
-0.096
-0.02
-0.114
-0.078
-0.018
-0.033
-0.051
-0.119
-0.035
-0.071
-0.037
-0.059
-0.017
-0.077
-0.059
-0.018
-0.057
-0.026
-0.044
-0.026
-0.093
-0.029
-0.052
-0.118
-0.097
0.014
0.049
-0.027
-0.061
-0.047
-0.023
-0.029
-0.054
-0.07
0.008
-0.021
0.011
-0.002
0.049
-0.003
-0.043
-0.019
-0.056
-0.016
-0.07
-0.031
-0.089
-0.038
-0.053
0.002
-0.084
-0.106
-0.044
-0.065
-0.031
-0.017
-0.137
-0.027
-0.042
-0.052
-0.007
-0.008
-0.031
-0.052
-0.002
0.022
-0.073
0.003
-0.108
0.0
-0.044
-0.131
-0.018
-0.01
0.009
-0.072
-0.039
-0.055
-0.062
-0.07
-0.026
-0.036
0.028
-0.021
-0.038
-0.097
-0.096
-0.113
-0.067
-0.008
-0.031
-0.028
0.021
-0.042
-0.02
0.001
-0.073
-0.069
-0.083
0.0
-0.066
-0.039
-0.013
-0.016
0.003
-0.12
-0.096
-0.074
0.064
-0.111
-0.037
-0.073
-0.029
0.011
-0.074
0.026
-0.049
-0.031
0.038
-0.049
-0.023
-0.106
-0.141
-0.03
-0.044
-0.053
-0.062
-0.043
0.034
0.051
-0.057
-0.018
-0.054
0.051
-0.065
-0.097
-0.017
-0.006
-0.007
-0.071
-0.076
0.052
-0.015
-0.036
-0.01
-0.014
-0.052
0.014
-0.011
-0.145
-0.062
-0.046
-0.023
-0.052
0.02
-0.044
-0.068
-0.016
-0.053
-0.073
-0.054
0.03
-0.024
-0.039
-0.037
-0.018
0.02
-0.029
-0.015
-0.044
-0.019
-0.078
-0.055
-0.01
-0.073
-0.086
-0.034
-0.023
-0.065
-0.033
-0.133
-0.017
-0.075
-0.115
-0.04
-0.095
-0.02
-0.093
-0.11
-0.087
0.024
-0.019
-0.031
0.011
0.063
-0.013
-0.011
-0.036
-0.05
-0.065
-0.055
-0.052
-0.092
-0.028
-0.085
-0.068
-0.021
-0.064
-0.027
-0.029
-0.088
-0.038
-0.035
-0.08
-0.055
-0.065
-0.028
-0.045
-0.043
-0.06
0.031
-0.061
-0.012
-0.07
-0.018
-0.001
-0.012
0.022
0.0
-0.092
-0.058
-0.013
-0.016
-0.096
-0.032
-0.04
-0.06
-0.018
-0.114
0.026
-0.054
-0.059
-0.047
-0.095
-0.057
0.038
-0.05
-0.023
-0.034
-0.053
-0.047
-0.093
-0.059
-0.017
-0.058
-0.029
-0.036
-0.052
0.056
-0.101
-0.081
-0.045
-0.03
-0.067
-0.029
0.088
-0.124
-0.021
-0.047
-0.006
0.01
-0.002
-0.031
-0.017
-0.028
-0.044
-0.008
-0.067
-0.031
-0.047
-0.012
-0.04
-0.055
0.026
-0.035
-0.066
-0.063
-0.07
-0.029
-0.082
-0.112
-0.007
-0.069
0.033
-0.026
-0.007
0.001
-0.042
-0.122
-0.004
-0.07
-0.042
-0.062
-0.067
-0.064
-0.034
-0.087
-0.016
-0.063
-0.102
-0.045
0.02
-0.04
-0.124
-0.106
-0.006
-0.063
0.047
-0.038
-0.02
-0.109
-0.055
0.044
-0.046
-0.04
-0.109
-0.046
-0.019
-0.059
-0.119
0.003
-0.111
-0.049
-0.013
-0.06
-0.013
-0.04
-0.083
-0.105
-0.023
-0.059
-0.033
0.017
0.03
-0.009
-0.007
-0.057
-0.122
-0.055
-0.028
-0.033
-0.028
-0.072
0.063
-0.001
-0.006
-0.028
0.069
-0.021
-0.036
0.024
-0.016
-0.063
-0.024
-0.028
0.004
0.031
-0.055
-0.053
-0.043
-0.111
-0.029
-0.059
-0.06
-0.085
-0.068
0.044
-0.094
-0.055
-0.063
-0.054
-0.014
-0.032
-0.103
-0.031
-0.096
-0.053
-0.092
0.003
-0.004
-0.091
-0.067
-0.083
-0.027
-0.058
-0.045
-0.032
-0.016
-0.031
0.015
-0.079
-0.04
-0.086
-0.06
-0.072
-0.066
0.002
-0.047
-0.042
-0.02
-0.04
-0.056
-0.033
-0.033
-0.047
-0.06
0.073
-0.031
-0.019
-0.008
-0.071
-0.047
0.003
-0.014
-0.082
-0.081
-0.08
-0.122
-0.096
-0.117
-0.117
-0.084
-0.03
-0.059
-0.02
0.056
-0.032
-0.074
-0.051
-0.077
-0.033
-0.053
-0.08
0.0
-0.037
-0.127
-0.066
-0.134
-0.056
-0.043
-0.042
-0.023
-0.022
-0.015
0.009
0.008
0.038
-0.076
-0.025
-0.091
-0.016
0.009
0.022
0.017
0.003
-0.054
-0.087
-0.035
-0.071
-0.033
-0.092
0.015
-0.069
0.017
0.001
-0.011
-0.083
-0.061
-0.085
-0.128
-0.12
-0.094
-0.005
-0.062
-0.04
0.013
-0.038
-0.071
-0.047
-0.018
-0.026
-0.07
0.019
0.002
-0.076
-0.012
0.145
-0.048
-0.031
-0.029
-0.033
0.0
-0.054
-0.096
0.004
-0.003
-0.073
-0.054
-0.067
-0.011
-0.024
-0.024
-0.115
-0.037
-0.008
-0.066
-0.034
-0.047
0.004
0.123
0.018
-0.08
-0.077
-0.069
-0.049
-0.019
-0.095
-0.074
-0.08
-0.026
-0.016
-0.028
-0.093
-0.024
-0.052
-0.071
-0.077
-0.045
-0.061
0.011
-0.059
-0.099
-0.012
-0.042
-0.038
-0.055
-0.015
-0.057
-0.057
-0.089
-0.061
-0.018
-0.078
-0.1
-0.1
-0.13
-0.069
-0.006
0.005
-0.014
-0.031
-0.042
-0.005
-0.102
-0.085
-0.02
-0.073
-0.08
-0.06
-0.046
-0.076
-0.061
-0.013
-0.053
-0.011
-0.112
-0.104
-0.052
-0.03
-0.066
-0.06
-0.116
-0.045
-0.025
-0.015
0.004
0.048
0.011
-0.056
-0.044
0.045
0.002
-0.078
-0.047
-0.011
-0.062
-0.084
-0.059
-0.106
-0.091
-0.027
-0.004
-0.096
-0.047
0.016
-0.087
-0.015
-0.07
-0.029
-0.106
-0.013
-0.113
0.008
0.005
-0.125
-0.049
-0.075
-0.012
0.01
0.07
-0.063
-0.063
-0.097
-0.11
0.013
-0.066
-0.049
-0.052
-0.079
-0.056
-0.046
-0.086
-0.078
-0.1
-0.049
-0.053
-0.038
-0.091
-0.04
-0.083
-0.144
0.017
-0.048
0.0
-0.087
-0.005
-0.028
-0.109
0.005
-0.038
-0.036
-0.025
-0.068
0.013
-0.141
0.026
-0.032
0.02
-0.001
-0.083
-0.012
-0.034
-0.079
-0.071
-0.006
-0.058
-0.071
-0.123
-0.076
-0.047
-0.065
-0.048
-0.002
0.001
-0.068
-0.095
0.016
-0.055
-0.043
-0.058
-0.085
-0.09
-0.032
-0.138
-0.01
-0.053
-0.021
-0.086
-0.058
-0.01
-0.073
-0.03
-0.076
0.012
0.005
0.04
-0.064
-0.007
0.011
0.047
-0.01
-0.025
-0.021
-0.028
-0.015
-0.055
-0.048
-0.015
-0.006
-0.02
-0.029
-0.003
0.042
0.013
-0.11
-0.131
0.002
-0.012
-0.003
-0.021
0.066
-0.078
-0.068
-0.015
-0.048
-0.043
-0.068
-0.035
-0.069
-0.03
-0.045
-0.065
-0.13
-0.079
0.03
0.018
-0.035
0.051
-0.111
0.056
-0.076
-0.072
-0.053
-0.036
-0.006
-0.078
-0.034
-0.017
-0.06
-0.028
-0.074
0.023
-0.021
-0.036
0.01
-0.049
-0.081
0.015
-0.012
-0.061
0.018
0.012
-0.104
-0.095
-0.05
-0.089
-0.056
-0.081
-0.06
0.073
-0.006
-0.057
-0.062
-0.012
-0.054
0.077
-0.011
-0.105
0.015
-0.007
-0.019
-0.014
-0.061
0.022
-0.047
-0.086
0.049
-0.042
-0.073
-0.115
-0.044
-0.053
0.019
-0.169
0.012
-0.007
0.051
-0.06
-0.126
-0.05
-0.046
-0.087
-0.069
-0.043
-0.048
0.003
0.004
-0.089
-0.06
-0.024
-0.053
-0.028
-0.05
-0.057
-0.07
-0.062
0.021
-0.092
-0.072
0.018
-0.052
0.027
-0.045
0.024
-0.032
0.064
-0.087
-0.066
0.042
-0.02
0.003
-0.037
0.009
-0.071
-0.058
-0.077
-0.055
-0.022
-0.045
-0.04
0.041
-0.087
0.031
-0.061
0.0
-0.05
-0.054
-0.03
0.018
-0.038
-0.035
-0.02
-0.058
0.007
0.02
-0.068
0.006
-0.051
-0.027
-0.047
-0.053
-0.09
-0.089
-0.051
-0.086
0.01
-0.028
-0.017
-0.051
-0.004
-0.008
-0.005
0.051
-0.048
0.01
-0.036
-0.086
0.001
-0.05
-0.039
-0.044
-0.022
-0.041
-0.068
0.007
-0.038
-0.044
-0.039
-0.086
-0.045
-0.09
-0.113
-0.09
-0.044
-0.051
-0.093
-0.079
-0.041
-0.012
-0.052
-0.028
-0.112
-0.008
-0.082
-0.007
-0.11
-0.013
-0.106
0.045
-0.163
-0.007
-0.015
-0.055
-0.056
-0.131
-0.089
-0.123
-0.051
-0.034
-0.011
-0.056
-0.114
-0.056
-0.074
-0.117
0.0
-0.022
-0.007
-0.006
-0.031
-0.098
-0.091
0.015
0.017
-0.008
-0.059
0.018
-0.026
-0.045
0.006
-0.023
-0.089
0.004
-0.092
-0.013
-0.071
0.029
-0.044
-0.02
0.017
0.029
-0.082
-0.085
0.002
-0.098
-0.028
-0.049
-0.009
-0.046
0.009
-0.049
-0.046
0.015
-0.041
-0.068
0.016
-0.076
-0.074
0.009
-0.014
-0.027
-0.081
-0.017
-0.048
-0.006
-0.082
-0.076
-0.052
-0.063
-0.029
-0.003
-0.036
0.072
-0.047
-0.024
-0.04
-0.038
0.011
-0.037
-0.023
0.034
-0.035
0.052
-0.058
-0.098
-0.006
0.008
-0.045
-0.078
-0.079
0.016
-0.104
-0.076
-0.073
0.046
-0.055
-0.022
-0.017
-0.106
0.0
-0.014
-0.001
-0.086
-0.058
-0.049
-0.093
-0.003
-0.009
-0.048
-0.082
0.028
-0.054
0.035
-0.081
0.005
-0.074
-0.112
-0.077
0.049
0.045
-0.083
-0.014
0.008
-0.027
-0.083
0.019
-0.037
-0.035
-0.127
-0.04
-0.085
-0.057
-0.051
-0.001
0.001
0.017
0.012
-0.052
-0.027
-0.006
0.009
-0.105
-0.105
-0.011
-0.035
0.02
-0.089
0.013
-0.011
0.003
-0.04
-0.063
-0.034
-0.018
-0.007
-0.115
0.021
-0.005
-0.042
-0.049
0.022
0.064
-0.077
-0.138
0.025
-0.026
-0.101
-0.035
-0.037
-0.059
0.019
-0.009
-0.051
-0.094
-0.035
-0.068
-0.05
-0.111
-0.008
-0.032
-0.053
0.035
-0.004
-0.025
-0.028
-0.059
-0.069
-0.032
-0.102
-0.082
-0.005
-0.005
0.007
0.008
-0.04
-0.027
-0.126
-0.048
-0.029
-0.074
-0.006
0.025
-0.031
0.009
-0.036
0.006
0.007
-0.061
-0.057
-0.062
-0.043
-0.077
0.009
-0.019
-0.117
-0.018
-0.04
0.028
0.034
-0.082
-0.038
-0.027
-0.008
-0.074
-0.078
-0.049
0.03
-0.023
0.001
0.004
-0.059
-0.084
0.014
-0.031
0.005
-0.084
0.005
-0.069
0.0
-0.008
-0.025
-0.075
-0.062
-0.018
-0.068
0.019
-0.026
-0.052
-0.011
0.018
-0.005
0.002
-0.057
-0.047
0.074
-0.146
-0.033
0.016
-0.057
-0.107
-0.051
-0.088
-0.065
-0.015
-0.054
-0.004
-0.089
0.028
-0.067
0.042
-0.082
-0.058
-0.115
-0.058
-0.013
-0.031
-0.054
-0.036
0.0
-0.064
-0.086
-0.077
-0.002
-0.009
-0.029
-0.124
-0.088
0.006
-0.014
-0.037
-0.046
0.012
0.002
-0.009
-0.016
-0.036
-0.036
-0.013
0.013
-0.008
-0.079
-0.072
-0.07
-0.066
-0.083
0.001
-0.059
-0.027
-0.038
-0.072
-0.048
-0.161
0.015
-0.087
-0.114
-0.08
0.001
0.002
-0.12
-0.022
-0.027
-0.005
-0.056
-0.099
0.004
0.011
-0.09
0.018
-0.048
-0.028
-0.117
-0.076
-0.05
0.014
-0.044
-0.064
-0.03
-0.027
-0.069
-0.095
-0.09
-0.026
-0.07
-0.009
0.005
-0.015
-0.05
0.017
-0.006
-0.07
0.062
-0.047
-0.052
-0.086
-0.038
0.003
0.036
-0.041
-0.037
-0.081
-0.035
-0.067
-0.037
-0.074
0.045
-0.01
-0.018
-0.07
0.064
0.016
-0.04
-0.038
0.021
-0.08
0.045
-0.014
0.004
-0.083
0.01
-0.012
-0.036
-0.032
-0.001
-0.065
-0.001
-0.075
-0.059
0.033
-0.059
-0.07
0.009
-0.055
0.034
-0.026
-0.055
0.034
-0.078
-0.044
-0.078
0.001
-0.03
-0.095
-0.098
-0.039
0.023
-0.028
0.004
0.005
0.012
-0.043
0.063
-0.049
-0.052
-0.105
0.018
-0.087
-0.01
0.029
-0.022
-0.011
-0.003
0.067
-0.034
-0.071
-0.04
-0.058
-0.055
0.03
0.004
0.035
-0.036
-0.116
-0.019
-0.093
0.001
-0.022
-0.051
-0.032
-0.066
0.021
-0.075
-0.06
0.007
-0.049
-0.084
-0.038
-0.015
-0.026
-0.012
-0.025
0.038
-0.027
-0.019
-0.058
-0.083
-0.055
-0.018
-0.079
-0.022
-0.019
0.063
-0.009
-0.078
-0.091
0.011
-0.006
-0.091
-0.07
-0.022
-0.051
-0.044
-0.036
-0.067
-0.063
-0.004
-0.003
-0.115
-0.037
-0.001
0.017
-0.021
-0.004
-0.106
-0.017
-0.034
0.013
0.015
-0.094
0.04
-0.062
-0.069
-0.066
-0.008
-0.114
-0.038
-0.042
0.034
0.001
-0.015
-0.041
-0.027
-0.049
-0.081
-0.047
-0.09
-0.061
-0.059
-0.032
-0.034
-0.039
-0.048
-0.005
-0.043
-0.023
-0.003
-0.028
-0.009
-0.079
-0.095
-0.072
-0.001
-0.002
0.027
0.019
-0.016
-0.06
-0.019
-0.098
-0.035
-0.102
-0.088
-0.089
-0.034
0.022
-0.05
-0.091
-0.004
-0.076
-0.078
-0.086
-0.06
-0.07
0.001
-0.09
0.04
-0.001
-0.075
-0.036
-0.121
-0.051
0.063
-0.059
-0.072
0.046
0.0
-0.019
-0.024
-0.045
-0.024
-0.001
-0.088
-0.034
-0.074
0.002
-0.051
0.0
-0.024
-0.036
-0.08
-0.038
-0.072
-0.07
-0.051
0.003
-0.117
-0.012
-0.013
-0.041
-0.004
-0.083
-0.155
-0.044
0.028
-0.063
-0.03
-0.002
-0.082
-0.008
-0.025
-0.122
-0.009
0.01
-0.12
0.057
0.0
-0.127
-0.061
-0.021
-0.058
0.004
-0.049
-0.031
-0.08
0.072
0.038
-0.052
-0.037
-0.083
-0.034
-0.053
-0.04
-0.036
-0.042
-0.063
-0.12
-0.083
-0.014
-0.048
-0.052
-0.092
-0.033
0.015
-0.042
-0.05
-0.062
-0.022
-0.116
0.009
-0.063
0.02
-0.058
-0.063
-0.097
-0.03
0.012
-0.076
-0.031
-0.007
-0.078
-0.02
-0.08
-0.098
-0.041
-0.057
-0.084
-0.085
-0.079
-0.016
0.013
-0.017
-0.007
-0.048
0.045
-0.072
-0.055
0.007
-0.031
-0.048
0.008
-0.013
-0.109
-0.02
-0.042
-0.045
0.023
-0.05
-0.085
-0.008
-0.04
-0.028
-0.067
-0.049
0.029
0.023
-0.074
-0.048
-0.03
-0.03
-0.132
-0.104
-0.063
-0.096
-0.014
-0.028
-0.079
-0.048
0.013
-0.013
-0.065
-0.082
-0.051
-0.048
-0.116
-0.019
-0.041
-0.06
-0.058
-0.029
-0.095
0.005
-0.075
-0.046
-0.08
-0.059
-0.019
-0.062
-0.045
0.013
-0.019
-0.107
-0.043
-0.011
0.0
-0.042
-0.021
0.017
-0.079
-0.017
-0.018
-0.1
-0.076
-0.035
-0.02
-0.079
-0.054
-0.067
-0.124
-0.051
-0.047
-0.087
-0.054
-0.069
0.0
-0.035
-0.082
-0.018
0.029
-0.093
-0.03
-0.067
-0.058
0.038
0.003
-0.084
0.008
-0.037
0.002
0.027
-0.07
-0.019
-0.047
-0.067
-0.11
-0.013
-0.039
-0.095
-0.053
-0.016
-0.061
0.008
0.019
-0.033
0.022
-0.021
-0.085
0.0
-0.051
-0.015
-0.05
-0.015
-0.04
-0.01
-0.015
-0.023
-0.097
-0.107
-0.022
-0.125
0.034
0.029
0.013
-0.083
0.007
0.0
-0.066
-0.059
-0.027
-0.065
-0.077
-0.021
-0.054
-0.009
-0.069
0.019
-0.055
-0.051
-0.121
-0.038
-0.1
-0.054
-0.059
-0.066
-0.055
-0.079
-0.032
-0.031
-0.091
-0.028
-0.063
-0.036
-0.089
-0.006
-0.028
-0.067
-0.07
-0.025
-0.107
0.0
0.042
-0.016
-0.003
-0.016
-0.094
-0.074
-0.01
-0.065
-0.085
0.018
-0.005
-0.037
0.064
-0.068
-0.014
-0.143
0.012
-0.061
-0.057
-0.011
-0.007
-0.02
-0.091
-0.056
-0.001
-0.09
0.01
-0.001
-0.002
-0.047
-0.033
-0.052
0.015
-0.022
-0.018
0.036
-0.043
-0.029
-0.018
-0.035
0.017
0.024
-0.033
-0.04
-0.016
-0.056
-0.008
-0.086
-0.083
-0.047
-0.033
-0.071
-0.017
-0.018
-0.025
-0.074
-0.069
-0.005
-0.012
-0.041
0.031
0.065
-0.084
-0.084
-0.027
-0.02
-0.101
-0.031
-0.047
0.058
-0.057
-0.114
-0.05
-0.018
-0.082
-0.091
-0.053
-0.006
-0.031
-0.009
-0.052
-0.032
-0.061
-0.075
0.014
-0.011
0.053
-0.089
-0.086
-0.043
-0.044
0.024
-0.101
-0.069
-0.046
-0.119
-0.002
-0.088
-0.071
-0.035
-0.058
0.032
-0.024
-0.05
-0.034
-0.082
-0.057
-0.069
0.013
-0.081
-0.036
0.003
-0.025
0.026
-0.016
-0.066
-0.06
-0.127
0.037
-0.056
-0.004
0.055
-0.069
-0.091
-0.09
0.025
0.018
-0.082
0.004
-0.101
-0.014
0.004
-0.01
-0.055
-0.031
-0.011
-0.015
0.017
-0.051
-0.084
-0.027
-0.053
0.108
-0.045
-0.025
-0.064
-0.051
-0.013
-0.093
-0.043
-0.063
-0.002
-0.07
-0.039
-0.022
-0.084
-0.038
-0.015
-0.048
0.015
-0.08
-0.061
-0.024
0.001
0.04
-0.034
-0.052
-0.031
-0.055
-0.097
-0.095
-0.009
-0.088
-0.087
-0.06
-0.083
-0.023
-0.068
0.004
-0.048
-0.07
-0.059
-0.067
-0.077
-0.057
0.023
0.042
-0.028
-0.022
0.009
-0.03
0.015
-0.105
-0.019
-0.043
-0.038
-0.056
-0.162
-0.059
-0.112
0.008
-0.033
-0.011
-0.075
0.063
0.021
-0.092
-0.015
-0.031
0.021
-0.068
-0.017
-0.021
-0.077
-0.057
0.012
-0.063
-0.091
-0.067
-0.018
-0.049
-0.07
0.0
-0.069
-0.096
-0.047
-0.075
-0.071
-0.031
0.026
-0.039
-0.044
-0.042
0.0
-0.079
-0.152
-0.043
-0.009
-0.024
-0.082
-0.038
-0.034
-0.049
-0.09
-0.038
-0.007
-0.06
0.013
-0.048
-0.033
0.006
-0.051
-0.082
-0.053
0.002
-0.042
-0.081
-0.068
0.057
-0.108
-0.056
-0.052
-0.06
-0.053
0.005
-0.047
0.024
-0.126
-0.063
-0.079
-0.026
-0.066
-0.012
0.007
-0.047
-0.089
-0.076
0.02
0.053
-0.091
-0.061
-0.003
0.002
-0.063
-0.058
-0.008
0.011
0.022
-0.008
-0.017
-0.002
-0.048
-0.04
-0.065
-0.091
0.016
0.035
-0.03
-0.099
0.008
-0.039
-0.02
-0.053
-0.026
-0.023
0.028
0.0
-0.084
-0.151
-0.136
-0.018
-0.024
0.067
0.003
-0.007
-0.005
-0.019
-0.006
-0.071
-0.127
-0.131
0.01
-0.154
0.006
-0.01
-0.03
-0.046
0.0
0.0
-0.123
-0.11
0.001
0.011
-0.069
0.007
-0.027
-0.024
0.041
-0.036
-0.07
-0.023
-0.053
0.028
-0.103
-0.102
-0.012
-0.044
-0.064
-0.028
-0.028
-0.07
-0.042
-0.091
-0.035
-0.058
-0.088
-0.04
-0.035
-0.15
-0.026
-0.027
0.004
-0.054
-0.099
-0.013
-0.048
-0.057
0.011
-0.078
-0.036
-0.006
0.001
-0.076
-0.016
-0.084
-0.082
-0.01
0.031
-0.091
-0.091
-0.085
-0.025
-0.016
-0.102
-0.032
-0.012
0.002
-0.051
-0.087
-0.08
-0.084
-0.056
-0.044
-0.083
-0.04
-0.081
-0.043
-0.109
0.051
0.004
-0.047
-0.015
-0.068
0.066
-0.044
-0.063
-0.013
-0.039
-0.056
-0.071
0.003
-0.026
-0.039
-0.013
-0.067
-0.069
0.029
-0.011
-0.087
-0.044
-0.026
-0.002
-0.001
0.024
-0.086
-0.004
0.002
-0.05
-0.024
0.047
-0.135
0.01
0.027
-0.051
0.054
0.016
-0.047
0.005
-0.021
-0.054
-0.072
-0.055
-0.046
-0.047
-0.048
-0.003
-0.049
-0.076
-0.053
-0.022
-0.04
-0.001
-0.034
-0.056
-0.049
-0.14
-0.082
-0.021
-0.118
-0.047
-0.014
-0.006
-0.074
-0.081
0.042
0.031
-0.018
-0.016
-0.075
0.084
-0.056
0.015
-0.052
-0.046
-0.061
-0.087
-0.069
-0.075
0.035
-0.095
-0.049
-0.098
-0.097
-0.029
-0.016
0.023
0.001
0.034
-0.068
-0.052
-0.101
-0.058
0.057
0.058
-0.093
0.027
-0.026
-0.071
-0.058
-0.038
-0.037
-0.146
-0.103
-0.053
-0.021
-0.037
-0.001
-0.022
0.004
-0.112
-0.067
-0.051
-0.008
0.007
-0.004
0.055
0.067
-0.014
-0.041
-0.033
-0.079
-0.049
-0.036
-0.042
-0.067
-0.017
0.033
-0.038
0.006
-0.014
-0.027
-0.064
-0.066
-0.057
-0.015
-0.009
-0.07
-0.047
-0.09
-0.037
0.047
0.018
0.022
0.013
0.029
-0.056
-0.059
-0.05
-0.058
-0.07
-0.015
-0.047
0.014
-0.107
-0.023
-0.019
-0.099
-0.016
-0.044
-0.069
-0.019
-0.008
-0.05
0.024
-0.062
-0.025
-0.072
-0.003
-0.038
-0.059
-0.084
0.018
-0.076
-0.055
-0.126
-0.079
-0.079
-0.06
-0.069
-0.006
-0.039
-0.012
-0.064
-0.046
-0.055
-0.101
-0.004
-0.03
-0.059
0.011
-0.089
-0.017
-0.056
-0.035
-0.041
-0.053
-0.086
-0.025
-0.101
-0.01
-0.1
-0.032
-0.101
-0.054
-0.049
-0.068
-0.016
-0.02
-0.017
-0.075
0.003
-0.038
-0.066
-0.036
-0.06
-0.003
-0.073
-0.032
-0.048
-0.09
-0.022
0.021
0.004
-0.052
-0.057
-0.032
-0.074
-0.056
-0.058
-0.039
-0.023
-0.017
-0.061
-0.02
-0.15
0.017
0.017
0.012
-0.012
0.044
-0.038
-0.055
-0.089
-0.058
-0.064
-0.094
-0.075
-0.015
0.012
0.01
-0.064
-0.105
-0.022
-0.046
0.03
0.028
0.022
-0.066
-0.051
-0.073
-0.04
-0.038
0.008
-0.042
-0.038
-0.087
0.049
-0.161
-0.056
-0.052
-0.104
-0.01
-0.07
-0.004
0.022
-0.031
-0.06
-0.026
0.04
-0.048
-0.028
-0.114
0.021
-0.107
-0.03
-0.038
-0.023
-0.068
-0.067
-0.003
-0.016
-0.037
-0.045
-0.06
-0.151
0.02
-0.047
0.01
-0.007
-0.083
0.008
0.001
0.078
0.064
-0.125
-0.021
-0.104
-0.121
-0.079
-0.118
-0.046
-0.021
-0.033
0.02
-0.068
-0.057
-0.022
-0.091
-0.148
-0.065
-0.015
0.0
-0.061
-0.087
0.024
-0.032
-0.04
-0.015
-0.113
-0.01
0.005
-0.014
-0.098
-0.013
-0.081
-0.068
-0.106
-0.012
-0.087
-0.027
-0.044
-0.048
-0.049
-0.028
-0.037
-0.057
-0.039
0.013
-0.038
-0.058
-0.065
-0.043
-0.085
-0.06
0.002
-0.052
0.006
-0.034
-0.048
-0.012
-0.077
0.007
-0.035
0.004
0.028
-0.017
0.003
-0.004
-0.01
0.033
-0.024
0.028
-0.005
-0.056
0.017
-0.042
0.011
-0.036
-0.039
-0.069
-0.056
-0.117
-0.013
-0.028
-0.057
0.015
-0.042
0.026
-0.083
-0.066
0.004
0.026
0.057
-0.026
-0.037
-0.07
-0.068
-0.096
-0.035
-0.108
-0.038
-0.032
0.002
-0.109
-0.106
0.052
-0.066
-0.066
-0.084
-0.042
-0.047
-0.042
-0.062
-0.065
0.013
-0.099
-0.03
-0.001
-0.023
-0.061
0.02
-0.023
-0.036
-0.028
-0.015
0.017
-0.075
-0.119
-0.046
0.028
-0.074
-0.032
0.0
-0.083
0.004
-0.056
-0.021
-0.001
-0.054
-0.007
-0.104
-0.147
-0.013
-0.026
-0.076
-0.026
-0.029
-0.099
0.022
-0.006
-0.085
0.008
-0.054
-0.013
-0.012
0.007
0.085
-0.027
-0.031
-0.054
-0.039
-0.022
-0.037
-0.065
-0.093
-0.011
0.015
-0.075
-0.124
-0.073
0.043
-0.047
-0.08
0.004
-0.059
-0.007
-0.019
-0.067
-0.068
-0.079
-0.04
-0.092
-0.058
-0.109
-0.136
-0.017
-0.078
-0.101
-0.019
-0.071
-0.05
-0.125
-0.024
-0.026
-0.034
-0.057
-0.031
-0.022
-0.006
-0.091
0.027
-0.043
-0.017
0.034
0.054
0.029
0.016
0.034
0.012
-0.056
-0.042
-0.042
-0.04
0.037
-0.009
0.006
0.015
-0.05
-0.032
0.03
0.004
0.001
-0.039
-0.005
-0.044
-0.022
-0.049
-0.044
-0.011
-0.038
-0.047
-0.121
-0.103
-0.064
-0.039
-0.019
-0.046
0.001
-0.075
-0.075
-0.065
-0.035
-0.083
-0.075
0.007
-0.051
-0.09
-0.054
-0.098
0.027
-0.03
-0.073
0.023
-0.013
-0.109
0.002
-0.05
-0.001
-0.064
0.003
-0.078
-0.051
-0.045
-0.052
-0.089
-0.051
-0.064
-0.017
-0.096
-0.074
-0.106
-0.005
-0.01
0.023
-0.081
-0.007
-0.022
-0.055
0.026
-0.016
-0.034
-0.064
0.015
-0.013
-0.023
-0.098
-0.042
0.002
-0.051
-0.03
0.0
-0.028
-0.01
-0.042
-0.045
0.05
-0.005
-0.016
0.035
-0.059
-0.034
-0.017
-0.081
0.008
0.029
-0.065
-0.065
-0.024
-0.007
-0.033
-0.063
-0.048
-0.127
-0.062
-0.095
0.016
-0.113
-0.059
-0.065
-0.049
0.004
-0.013
-0.039
-0.056
-0.111
-0.025
0.015
-0.074
-0.046
-0.021
-0.01
-0.019
-0.049
-0.088
-0.043
0.026
-0.058
-0.078
-0.006
-0.077
-0.06
-0.043
-0.1
-0.018
-0.033
-0.125
-0.104
-0.055
0.029
-0.112
0.036
0.011
-0.047
-0.02
-0.1
-0.067
-0.004
0.0
-0.063
-0.07
-0.013
-0.029
-0.017
0.009
-0.045
0.04
-0.039
-0.086
-0.045
-0.055
0.039
-0.045
-0.025
-0.047
0.031
-0.034
-0.039
-0.098
-0.088
0.053
-0.063
-0.046
-0.096
-0.078
-0.035
-0.04
-0.072
-0.03
-0.023
-0.018
-0.01
-0.067
-0.068
-0.082
-0.023
-0.098
0.004
0.028
-0.029
0.006
-0.027
-0.067
-0.04
-0.023
0.013
-0.109
0.033
-0.05
0.048
-0.026
-0.007
-0.046
-0.017
-0.099
-0.041
-0.068
-0.083
-0.151
-0.153
-0.058
-0.097
-0.087
-0.053
-0.074
0.006
-0.076
-0.093
-0.07
-0.044
-0.028
-0.027
-0.059
-0.088
-0.137
-0.07
-0.048
-0.008
-0.004
-0.05
0.019
-0.042
0.043
-0.027
-0.027
0.019
-0.067
-0.027
-0.054
-0.075
-0.002
-0.036
0.011
0.012
-0.031
0.023
-0.025
-0.104
0.04
0.029
-0.053
-0.121
-0.058
-0.055
-0.049
-0.133
-0.026
-0.087
0.012
-0.088
0.007
-0.028
-0.09
-0.078
-0.027
-0.014
-0.093
-0.009
-0.084
0.047
-0.097
0.004
-0.002
0.012
0.017
0.055
-0.054
-0.049
-0.015
0.042
-0.035
-0.013
-0.051
-0.048
-0.005
-0.056
-0.075
-0.067
-0.03
-0.08
0.0
-0.017
-0.058
-0.025
-0.067
-0.006
0.034
-0.05
-0.055
-0.134
-0.094
-0.07
-0.076
-0.027
0.043
-0.075
-0.043
0.026
0.028
-0.031
-0.046
-0.1
-0.016
-0.04
-0.074
-0.05
-0.094
-0.057
-0.114
-0.066
0.008
-0.018
-0.016
-0.023
0.027
-0.038
-0.032
0.017
-0.062
-0.059
-0.015
-0.026
-0.074
-0.088
0.032
-0.062
-0.06
-0.047
-0.039
-0.055
0.008
-0.021
0.006
0.013
-0.049
-0.046
0.015
-0.106
-0.025
0.015
-0.009
-0.024
-0.04
-0.07
-0.069
-0.011
-0.011
0.021
-0.093
-0.047
-0.068
-0.035
-0.022
-0.008
-0.014
0.012
-0.049
-0.074
-0.021
-0.005
0.029
-0.085
-0.031
-0.061
-0.015
-0.066
-0.108
-0.053
0.038
-0.061
-0.008
-0.083
-0.005
0.003
-0.03
-0.087
-0.085
-0.04
-0.099
-0.111
-0.029
-0.03
-0.015
0.005
-0.073
-0.014
-0.057
-0.073
-0.072
0.05
0.047
0.012
-0.082
-0.067
0.008
-0.019
-0.006
-0.033
-0.006
-0.155
0.007
-0.05
0.051
-0.03
0.03
-0.056
0.014
-0.012
-0.029
-0.045
-0.024
-0.108
0.026
-0.062
-0.032
-0.077
-0.051
-0.033
-0.008
0.02
0.034
-0.016
0.007
0.081
-0.012
-0.065
-0.055
-0.122
-0.112
-0.038
-0.08
0.032
-0.036
-0.085
0.016
-0.097
-0.016
0.041
0.026
-0.062
-0.041
-0.009
0.037
0.018
-0.064
-0.048
-0.074
-0.018
-0.018
-0.051
-0.034
0.042
-0.055
-0.062
-0.013
-0.08
-0.02
-0.001
-0.102
0.016
-0.042
0.005
-0.05
-0.012
-0.015
-0.085
-0.103
-0.01
0.006
-0.057
-0.083
-0.049
-0.132
-0.041
-0.015
0.031
0.032
-0.05
-0.024
0.039
-0.022
0.009
-0.049
-0.11
-0.093
-0.042
-0.023
-0.036
-0.067
-0.03
-0.025
0.021
-0.034
-0.016
0.033
0.056
-0.058
-0.052
-0.01
-0.049
-0.007
-0.034
0.002
-0.006
-0.076
-0.025
-0.057
-0.037
-0.036
0.009
0.012
-0.075
-0.111
-0.026
-0.077
-0.183
-0.052
-0.13
-0.015
-0.038
-0.024
-0.018
-0.07
-0.029
-0.059
-0.101
-0.019
-0.07
-0.039
-0.021
-0.059
-0.066
-0.05
0.029
0.009
-0.023
-0.156
-0.071
-0.152
-0.063
-0.024
-0.026
-0.036
0.022
-0.026
-0.073
0.013
0.04
-0.005
-0.007
-0.027
-0.016
-0.077
-0.083
-0.021
-0.069
-0.053
0.032
-0.076
0.012
-0.014
-0.027
0.022
-0.033
-0.064
-0.007
-0.065
-0.035
-0.054
-0.015
-0.082
-0.096
-0.069
-0.098
-0.03
-0.016
-0.137
-0.07
0.007
0.0
-0.081
-0.039
-0.075
-0.116
-0.071
0.085
-0.016
-0.039
-0.112
-0.05
-0.061
-0.046
-0.044
0.009
0.01
-0.141
0.016
-0.066
-0.025
0.03
-0.052
0.001
-0.013
-0.04
-0.059
-0.06
-0.028
-0.074
0.004
-0.069
0.057
-0.004
-0.051
-0.054
-0.044
-0.065
0.013
-0.044
-0.022
-0.066
-0.036
0.007
-0.076
-0.079
-0.021
0.023
0.001
-0.079
-0.04
-0.025
-0.121
-0.01
0.0
-0.063
-0.015
0.004
-0.023
-0.062
0.042
-0.038
-0.102
-0.089
-0.063
-0.032
-0.088
-0.053
0.01
0.02
0.018
0.049
-0.008
0.073
-0.048
-0.044
-0.016
-0.046
-0.025
-0.027
-0.036
-0.019
-0.104
-0.036
0.017
-0.047
-0.052
-0.064
0.007
-0.061
0.066
-0.031
-0.005
-0.042
-0.008
-0.145
-0.065
-0.017
0.032
-0.057
0.057
-0.085
-0.038
-0.091
-0.077
0.031
-0.011
-0.019
-0.014
-0.028
-0.041
-0.02
-0.066
-0.051
-0.065
0.011
-0.032
0.051
-0.068
-0.064
-0.099
-0.049
-0.119
-0.013
-0.014
0.013
-0.09
-0.046
-0.075
-0.08
-0.03
0.011
-0.047
-0.129
-0.091
-0.008
-0.03
0.046
-0.071
-0.086
-0.086
-0.015
0.014
-0.1
-0.037
-0.09
-0.053
-0.057
-0.073
-0.068
-0.102
-0.054
0.015
-0.054
-0.043
-0.073
-0.011
0.019
-0.055
0.01
-0.07
-0.101
-0.032
-0.038
0.013
-0.108
-0.014
-0.008
0.014
-0.005
-0.081
-0.089
0.035
-0.012
-0.063
-0.008
-0.009
-0.06
-0.035
-0.057
-0.067
0.033
-0.058
0.002
-0.086
-0.063
-0.035
-0.002
-0.041
-0.06
-0.02
-0.023
-0.06
-0.078
-0.08
-0.035
-0.096
0.004
-0.057
-0.021
-0.08
-0.042
-0.023
-0.053
0.067
-0.042
-0.001
-0.031
0.05
-0.093
-0.043
-0.065
-0.047
-0.063
-0.046
-0.063
-0.039
-0.087
-0.092
-0.051
-0.008
-0.008
-0.028
-0.022
-0.017
0.017
-0.027
-0.003
-0.068
-0.046
-0.039
-0.022
-0.093
-0.057
-0.009
-0.067
-0.001
-0.052
-0.13
0.022
-0.061
0.0
0.012
-0.017
-0.001
-0.136
0.078
-0.002
-0.033
-0.03
0.002
-0.048
-0.003
-0.053
0.003
-0.097
-0.008
-0.086
-0.009
0.005
-0.101
-0.076
-0.003
-0.027
-0.017
0.016
-0.054
-0.025
-0.065
-0.057
-0.045
-0.106
-0.063
-0.012
-0.01
-0.05
-0.017
-0.017
0.007
0.034
-0.055
-0.024
-0.067
-0.106
-0.052
-0.024
-0.094
-0.028
-0.059
0.034
0.011
-0.065
0.0
0.05
0.013
-0.044
-0.055
-0.073
-0.045
-0.062
0.002
-0.044
-0.054
-0.06
-0.089
-0.043
-0.088
-0.043
-0.082
-0.118
0.035
-0.102
-0.022
-0.056
0.001
0.014
-0.079
-0.085
-0.052
0.0
-0.06
0.049
-0.048
-0.171
0.006
-0.025
-0.059
-0.011
-0.006
0.01
-0.012
0.014
-0.085
-0.002
-0.028
-0.101
-0.097
-0.072
-0.04
-0.023
0.002
-0.075
-0.036
-0.055
-0.03
-0.028
-0.036
-0.009
-0.055
-0.025
0.007
-0.094
-0.066
-0.125
-0.08
-0.07
-0.073
-0.063
0.044
-0.079
-0.062
-0.059
-0.08
-0.035
-0.059
-0.028
-0.024
-0.105
-0.117
0.022
-0.059
0.029
-0.087
-0.053
-0.005
-0.04
-0.023
-0.091
0.049
-0.071
-0.01
-0.048
-0.021
-0.052
-0.053
0.055
-0.085
-0.083
-0.094
-0.043
-0.08
-0.069
-0.072
-0.009
-0.066
-0.128
-0.03
-0.045
-0.022
0.004
-0.102
-0.022
-0.085
0.005
-0.121
-0.002
-0.025
-0.072
-0.06
0.021
-0.012
-0.086
-0.08
-0.051
-0.039
-0.016
-0.089
-0.061
-0.012
0.025
-0.075
-0.026
-0.022
-0.009
-0.001
-0.077
-0.046
-0.062
-0.088
0.006
-0.068
-0.021
0.001
-0.07
-0.046
0.033
-0.001
-0.092
-0.06
-0.048
-0.031
-0.02
0.071
-0.048
-0.028
-0.025
-0.032
-0.017
-0.008
0.051
-0.016
-0.083
-0.103
-0.065
0.034
-0.033
-0.054
-0.058
-0.07
-0.029
-0.015
-0.073
-0.087
-0.009
-0.036
-0.008
0.003
-0.043
-0.076
-0.054
0.033
0.009
-0.136
-0.058
-0.07
-0.03
-0.03
-0.062
0.022
-0.043
-0.044
-0.043
-0.032
-0.045
0.043
-0.014
-0.011
-0.019
-0.008
-0.069
-0.103
0.024
-0.036
0.032
0.084
-0.022
-0.044
-0.076
-0.029
-0.044
-0.069
-0.06
-0.071
-0.059
-0.068
-0.106
-0.11
-0.132
-0.026
-0.008
0.013
-0.024
-0.058
-0.039
-0.032
-0.017
-0.019
0.041
-0.062
0.002
-0.044
-0.088
-0.015
0.065
-0.012
-0.028
0.074
-0.036
-0.009
0.018
-0.077
0.024
-0.014
-0.09
-0.049
-0.054
-0.12
-0.035
-0.042
-0.052
-0.012
-0.028
-0.047
-0.045
-0.076
-0.091
-0.078
-0.035
-0.083
-0.003
-0.083
-0.01
-0.055
0.002
-0.005
-0.1
-0.059
-0.085
-0.005
-0.063
-0.051
-0.007
-0.013
-0.079
-0.118
0.061
-0.076
-0.067
-0.08
-0.061
0.002
-0.006
-0.044
-0.084
-0.036
-0.017
0.055
-0.078
-0.067
-0.039
0.014
-0.047
-0.064
-0.017
-0.022
-0.054
0.01
-0.034
-0.01
-0.083
-0.01
-0.06
-0.114
-0.049
-0.079
0.015
-0.102
-0.1
-0.034
-0.074
-0.057
0.008
-0.038
0.065
-0.035
0.008
-0.019
-0.063
-0.037
0.024
-0.043
0.005
-0.097
-0.047
0.052
-0.068
-0.089
-0.018
-0.043
-0.043
-0.051
-0.087
-0.062
-0.014
-0.076
-0.05
-0.04
-0.029
-0.081
-0.051
-0.06
-0.019
0.009
0.003
-0.11
-0.036
-0.095
-0.022
-0.057
-0.055
-0.094
-0.02
-0.057
-0.119
-0.027
0.001
-0.028
-0.006
-0.046
-0.026
-0.036
-0.037
-0.1
0.042
-0.068
-0.026
0.008
0.038
-0.025
-0.026
-0.088
-0.058
-0.064
-0.075
0.029
-0.097
0.003
-0.017
-0.004
0.029
-0.03
-0.058
0.016
-0.023
-0.047
-0.085
-0.063
-0.02
-0.05
-0.013
-0.025
-0.007
0.005
0.03
-0.006
-0.057
-0.013
0.115
-0.074
-0.054
-0.043
-0.055
-0.047
-0.013
-0.049
-0.055
0.034
-0.082
-0.027
-0.018
0.012
-0.053
-0.046
-0.007
-0.011
-0.108
-0.094
-0.116
0.006
-0.077
-0.028
-0.029
-0.03
-0.117
-0.033
-0.054
-0.076
-0.104
-0.013
-0.111
-0.067
-0.04
-0.123
-0.003
-0.058
-0.04
0.006
-0.055
-0.028
0.11
-0.006
-0.051
-0.068
-0.061
-0.024
-0.008
-0.148
-0.12
-0.156
0.033
-0.051
-0.035
-0.043
-0.012
-0.038
-0.088
-0.019
-0.081
-0.043
-0.044
-0.054
0.014
0.008
0.039
-0.013
0.031
-0.046
0.025
-0.049
-0.13
0.055
0.023
-0.083
-0.065
-0.04
-0.015
-0.027
-0.035
0.087
-0.071
-0.05
-0.022
-0.03
-0.078
-0.055
-0.062
-0.133
-0.095
0.049
-0.098
-0.049
-0.067
-0.048
0.024
-0.08
-0.005
-0.069
-0.102
0.02
-0.034
-0.057
-0.054
0.008
0.048
-0.018
-0.056
-0.004
-0.022
0.009
0.003
-0.094
0.028
-0.043
-0.038
-0.08
-0.009
0.005
-0.101
-0.099
-0.054
-0.042
0.005
-0.021
-0.101
0.021
-0.038
-0.075
-0.054
-0.067
-0.016
-0.049
-0.034
-0.099
-0.085
-0.117
0.002
-0.048
-0.1
-0.032
-0.074
0.035
0.007
-0.025
-0.095
0.01
-0.089
-0.079
0.016
-0.068
-0.062
0.005
-0.039
-0.006
-0.128
-0.047
-0.069
-0.046
-0.082
-0.05
-0.048
-0.097
-0.041
-0.069
-0.094
-0.073
-0.029
0.069
-0.044
-0.026
-0.026
0.001
-0.052
-0.027
-0.02
-0.043
-0.009
-0.084
0.027
-0.076
-0.011
-0.045
0.003
-0.065
-0.01
-0.035
-0.122
-0.086
-0.068
-0.044
-0.04
-0.03
-0.111
-0.037
-0.036
0.008
-0.05
-0.119
-0.024
-0.051
-0.024
-0.017
-0.001
-0.075
0.025
-0.063
-0.056
-0.028
-0.021
-0.007
-0.072
-0.066
-0.052
-0.041
-0.124
0.002
-0.009
-0.023
-0.001
-0.026
-0.043
-0.034
-0.087
-0.076
-0.045
-0.083
-0.059
-0.08
-0.134
-0.053
-0.079
-0.07
-0.083
-0.054
-0.039
-0.064
-0.015
-0.069
-0.021
-0.057
0.06
-0.028
-0.081
0.008
0.0
-0.029
-0.1
-0.059
-0.097
-0.064
-0.017
-0.003
-0.003
-0.044
-0.014
-0.039
-0.038
-0.02
-0.087
-0.073
-0.004
-0.029
-0.04
-0.015
0.002
0.026
-0.051
0.017
-0.027
0.015
-0.026
-0.05
-0.003
-0.057
-0.013
-0.083
-0.002
-0.03
-0.019
-0.112
-0.081
-0.035
-0.069
-0.042
-0.038
0.01
-0.052
0.021
-0.085
-0.068
-0.108
0.011
-0.008
-0.009
0.021
-0.037
-0.059
-0.057
-0.031
-0.012
0.003
-0.058
-0.06
0.02
-0.024
-0.053
-0.004
-0.078
0.009
-0.129
-0.004
-0.044
0.035
-0.081
-0.063
-0.066
-0.028
-0.06
-0.039
-0.01
-0.089
-0.051
-0.028
-0.093
-0.002
-0.016
-0.002
-0.038
-0.114
0.004
-0.027
-0.088
-0.023
-0.039
-0.035
-0.011
-0.063
-0.052
-0.011
-0.004
-0.118
-0.028
-0.06
-0.02
-0.035
-0.014
0.04
-0.041
-0.039
0.038
-0.013
-0.029
-0.07
0.026
-0.081
-0.066
0.017
-0.036
-0.14
0.047
-0.028
-0.01
-0.101
0.032
-0.039
-0.106
-0.034
-0.001
-0.017
0.019
-0.022
-0.114
0.029
-0.029
-0.075
-0.019
-0.029
-0.102
-0.042
-0.101
-0.05
-0.001
0.016
-0.102
-0.063
-0.049
-0.021
0.038
-0.08
-0.061
0.036
-0.03
-0.109
-0.053
-0.057
-0.072
-0.018
-0.036
0.045
0.012
-0.027
-0.039
-0.043
0.058
-0.014
0.02
-0.089
0.037
-0.032
-0.017
-0.074
0.039
-0.078
0.044
-0.044
-0.034
-0.084
-0.037
-0.04
-0.084
-0.04
-0.087
-0.05
-0.019
-0.002
-0.035
-0.024
0.062
-0.013
-0.055
0.0
-0.068
-0.028
-0.063
-0.101
-0.061
-0.015
-0.085
0.012
-0.068
-0.032
0.001
-0.012
-0.044
-0.08
0.036
-0.097
-0.057
-0.066
-0.114
-0.078
-0.065
-0.079
-0.063
-0.007
-0.058
-0.011
0.014
-0.022
-0.061
0.009
-0.027
0.014
-0.027
-0.025
-0.043
-0.045
-0.025
-0.029
-0.095
-0.013
-0.051
-0.04
-0.059
-0.083
-0.015
-0.03
-0.013
-0.072
-0.054
-0.006
0.035
-0.02
-0.026
-0.006
-0.092
-0.1
0.044
-0.088
-0.018
-0.019
-0.044
-0.051
-0.081
-0.033
-0.091
-0.093
-0.034
0.04
-0.032
-0.044
-0.118
0.009
0.038
-0.047
0.013
-0.04
0.007
-0.004
0.001
-0.088
-0.109
0.005
-0.048
-0.046
0.024
-0.042
0.009
-0.008
-0.091
-0.075
-0.029
-0.101
-0.052
-0.109
-0.102
0.024
0.05
-0.003
-0.085
0.003
0.022
0.086
-0.169
0.032
0.011
0.011
-0.109
-0.047
-0.076
0.0
-0.112
-0.064
-0.123
-0.098
-0.046
-0.004
-0.034
-0.063
-0.025
-0.068
-0.027
-0.068
-0.075
-0.066
-0.06
0.002
-0.036
-0.044
-0.028
-0.07
-0.013
-0.092
-0.007
0.0
-0.033
-0.036
-0.048
-0.042
-0.025
-0.072
-0.029
-0.031
-0.09
-0.042
-0.094
-0.047
-0.087
-0.056
-0.045
-0.069
0.087
-0.031
-0.037
-0.055
0.04
-0.123
-0.037
0.044
-0.077
-0.041
-0.033
-0.076
-0.102
-0.046
0.062
-0.051
-0.043
-0.039
-0.021
-0.071
-0.087
0.038
-0.049
-0.002
-0.057
0.028
-0.025
-0.053
-0.018
-0.044
-0.037
-0.03
-0.06
-0.079
-0.053
-0.051
-0.024
-0.021
-0.016
0.059
-0.039
-0.002
-0.016
-0.068
-0.057
-0.053
-0.058
-0.017
-0.03
0.051
-0.037
-0.031
-0.022
-0.061
-0.038
-0.111
-0.047
-0.087
0.022
-0.027
0.044
-0.043
-0.088
-0.097
-0.079
-0.036
-0.078
-0.017
-0.02
0.048
0.012
-0.026
-0.113
-0.014
-0.019
-0.084
-0.11
-0.098
-0.085
-0.099
-0.049
-0.006
0.03
-0.038
0.03
-0.03
-0.081
0.021
-0.03
-0.064
0.006
0.015
0.009
0.003
-0.075
-0.056
0.025
-0.071
-0.042
-0.066
-0.05
-0.008
-0.107
-0.022
-0.092
-0.029
-0.032
-0.087
-0.012
-0.014
0.027
0.001
-0.026
0.001
-0.072
-0.125
0.018
-0.119
-0.065
-0.019
-0.02
-0.067
-0.088
-0.041
-0.075
-0.056
-0.092
-0.108
0.028
-0.009
-0.029
0.006
-0.002
-0.037
-0.03
-0.121
-0.077
-0.067
-0.051
-0.05
-0.032
-0.026
0.009
-0.038
-0.115
-0.035
-0.006
-0.004
-0.053
-0.041
-0.012
0.071
-0.041
0.005
-0.036
-0.056
-0.047
0.004
-0.018
-0.115
-0.059
-0.054
-0.049
-0.013
-0.023
-0.021
-0.069
-0.119
0.005
-0.06
-0.007
-0.103
-0.059
0.013
-0.05
-0.055
-0.046
-0.096
-0.07
-0.055
-0.077
-0.036
-0.15
-0.118
-0.004
0.039
-0.031
-0.068
-0.046
-0.024
-0.089
-0.02
-0.026
-0.104
-0.004
0.019
-0.004
-0.061
-0.118
-0.024
-0.032
-0.067
-0.027
-0.062
-0.051
-0.013
-0.081
-0.041
-0.01
-0.073
-0.051
-0.017
0.028
-0.07
-0.085
-0.085
-0.005
0.058
-0.082
-0.019
-0.09
-0.023
-0.074
0.015
-0.058
-0.02
-0.017
-0.061
-0.046
-0.026
0.02
-0.041
-0.014
-0.058
-0.015
-0.057
0.054
-0.017
0.011
-0.007
-0.004
-0.106
-0.122
0.0
-0.051
-0.038
-0.073
-0.005
-0.067
-0.035
-0.057
-0.06
-0.071
0.012
0.035
-0.001
-0.097
-0.156
-0.028
-0.036
-0.005
0.003
0.027
-0.102
-0.092
-0.005
-0.067
-0.107
0.039
-0.044
0.016
-0.013
-0.066
0.001
-0.072
-0.012
0.005
0.008
0.004
0.025
-0.122
0.008
-0.012
-0.028
-0.036
-0.039
0.035
-0.024
-0.078
0.002
-0.035
-0.006
-0.051
-0.069
-0.006
-0.086
-0.032
-0.016
-0.028
-0.089
-0.067
-0.095
0.012
-0.037
-0.056
-0.069
-0.036
-0.083
0.036
-0.015
-0.076
-0.016
-0.004
-0.044
-0.055
-0.045
-0.088
-0.094
-0.033
-0.008
-0.08
0.007
-0.005
-0.068
-0.063
-0.016
-0.104
-0.07
-0.009
-0.13
-0.035
-0.086
-0.015
-0.07
-0.031
-0.081
-0.06
-0.019
-0.046
-0.041
-0.012
0.002
-0.003
-0.008
-0.024
-0.024
-0.016
-0.004
-0.008
-0.094
-0.049
-0.048
-0.107
-0.102
-0.06
-0.077
-0.112
0.001
-0.029
0.017
-0.008
-0.051
-0.104
-0.085
-0.02
-0.035
-0.015
-0.056
-0.07
-0.031
-0.065
0.097
0.022
-0.075
-0.133
-0.058
-0.1
-0.034
0.018
-0.064
-0.061
-0.08
-0.071
-0.037
-0.065
-0.106
-0.108
-0.086
-0.06
-0.059
-0.072
0.025
0.019
-0.013
-0.025
-0.023
0.001
-0.008
-0.003
-0.049
-0.094
0.015
-0.011
-0.053
-0.06
-0.084
-0.013
-0.008
0.024
-0.043
0.018
-0.067
0.062
0.004
-0.047
-0.04
-0.077
-0.025
-0.096
-0.069
-0.075
0.012
-0.024
-0.053
0.003
-0.057
0.017
-0.044
0.006
-0.001
-0.021
-0.065
-0.013
-0.029
-0.024
-0.12
-0.019
-0.033
-0.09
-0.007
-0.057
-0.014
-0.065
-0.047
-0.021
-0.091
-0.083
-0.012
0.009
-0.061
-0.041
-0.08
-0.059
-0.071
-0.068
0.005
-0.039
-0.008
-0.006
0.011
-0.031
-0.084
-0.041
0.002
-0.06
-0.095
-0.044
0.052
-0.062
-0.039
-0.029
0.015
-0.036
0.012
0.003
-0.027
-0.048
-0.022
0.018
-0.061
0.009
-0.02
-0.041
-0.009
-0.013
-0.023
-0.022
-0.009
-0.019
-0.002
0.019
-0.005
-0.008
-0.064
-0.093
-0.066
-0.043
-0.062
-0.022
-0.026
-0.076
-0.09
0.022
-0.1
-0.037
-0.005
-0.015
-0.03
-0.025
0.009
-0.1
-0.086
-0.056
-0.078
-0.066
-0.054
0.046
-0.019
-0.034
-0.109
-0.078
-0.004
-0.026
-0.071
-0.069
-0.011
-0.081
-0.004
-0.019
-0.062
-0.072
-0.01
-0.069
-0.006
-0.096
-0.06
-0.023
-0.047
-0.053
-0.068
-0.025
0.024
0.014
-0.099
-0.112
0.008
-0.046
-0.033
-0.161
-0.04
0.011
-0.052
-0.073
0.004
-0.121
0.037
-0.035
-0.048
0.016
-0.071
-0.055
0.003
-0.091
-0.008
-0.038
-0.017
-0.072
-0.016
-0.108
-0.055
-0.048
-0.065
0.046
0.008
-0.045
-0.094
-0.005
-0.136
0.076
0.004
-0.031
-0.046
-0.067
-0.071
-0.076
-0.081
-0.049
-0.018
-0.125
-0.008
-0.044
0.014
-0.082
-0.023
-0.096
0.016
-0.005
0.013
-0.097
-0.043
-0.015
-0.039
0.041
0.011
-0.087
0.007
0.002
0.045
-0.036
0.022
0.031
-0.097
-0.086
-0.047
0.0
-0.073
-0.1
-0.06
0.004
-0.102
-0.012
-0.006
-0.016
0.019
-0.006
0.001
-0.087
-0.021
-0.066
-0.066
-0.053
0.018
-0.061
-0.028
-0.015
-0.064
-0.031
-0.102
-0.059
-0.046
-0.118
-0.064
-0.099
0.028
-0.042
-0.067
-0.032
0.006
-0.068
-0.016
-0.069
-0.127
-0.094
-0.036
-0.075
0.04
0.02
-0.058
-0.025
-0.078
-0.052
-0.073
-0.02
0.005
-0.107
0.032
-0.015
-0.038
-0.096
-0.095
-0.023
-0.049
-0.029
-0.037
-0.064
-0.028
0.005
-0.051
-0.044
-0.064
-0.041
-0.056
-0.009
-0.119
-0.11
-0.106
-0.015
-0.022
0.027
-0.034
-0.063
-0.023
-0.028
0.018
0.015
-0.039
0.035
-0.012
-0.062
0.01
-0.065
-0.074
-0.097
-0.023
-0.052
-0.031
-0.095
-0.076
0.049
0.029
-0.062
-0.089
-0.083
-0.035
0.03
-0.089
-0.045
-0.056
0.031
-0.024
0.009
-0.054
-0.036
0.01
-0.096
-0.049
0.0
0.032
-0.034
-0.088
-0.051
-0.122
0.044
-0.001
-0.071
-0.03
-0.073
-0.056
-0.016
-0.082
0.017
-0.073
-0.017
-0.048
-0.091
-0.048
0.007
-0.067
-0.074
-0.015
-0.024
-0.016
-0.07
-0.041
-0.144
-0.001
-0.03
-0.051
-0.08
0.012
-0.004
-0.094
-0.084
-0.128
-0.028
-0.051
-0.058
-0.057
-0.055
-0.011
0.012
-0.052
-0.067
-0.039
-0.043
-0.01
-0.055
-0.014
-0.043
-0.039
0.0
-0.071
-0.036
0.028
-0.059
-0.023
-0.05
0.0
-0.063
-0.009
0.018
0.04
-0.046
-0.019
-0.036
-0.048
-0.036
-0.101
-0.113
-0.038
0.021
-0.052
0.033
0.001
-0.053
-0.071
-0.051
-0.026
-0.038
-0.032
-0.08
-0.112
-0.053
-0.106
-0.049
-0.006
-0.033
-0.023
-0.012
-0.073
-0.033
-0.052
-0.054
-0.021
-0.004
-0.027
-0.063
-0.009
0.007
-0.058
-0.044
-0.09
-0.028
-0.002
-0.085
-0.08
-0.101
0.002
-0.073
-0.059
0.055
-0.094
0.033
-0.021
0.015
0.015
-0.024
-0.061
-0.037
-0.04
-0.061
-0.075
-0.067
-0.021
-0.031
-0.11
-0.008
0.022
-0.041
-0.004
-0.075
-0.17
-0.048
-0.008
-0.005
-0.07
-0.037
0.031
-0.099
-0.042
-0.052
-0.042
-0.03
-0.12
0.036
-0.039
-0.03
0.084
-0.007
-0.044
-0.032
-0.089
-0.085
-0.069
-0.047
0.009
0.005
0.007
-0.054
-0.09
-0.058
0.014
-0.039
-0.053
-0.033
-0.036
0.024
0.044
-0.017
0.017
-0.002
-0.048
0.006
0.045
-0.046
-0.049
-0.087
-0.079
0.055
-0.025
-0.033
-0.192
-0.056
0.001
0.001
0.035
-0.086
-0.054
0.004
-0.019
-0.098
-0.096
-0.063
-0.047
-0.059
-0.035
-0.034
-0.053
-0.033
-0.005
-0.004
-0.009
-0.033
-0.031
-0.038
-0.019
-0.051
-0.123
-0.101
-0.004
-0.062
-0.119
-0.055
0.006
0.01
-0.012
-0.005
-0.128
-0.141
-0.062
0.033
-0.058
-0.078
0.073
-0.064
-0.055
-0.056
-0.018
-0.092
-0.043
0.025
-0.113
0.011
0.01
-0.062
-0.104
-0.018
-0.087
0.011
-0.056
0.019
-0.036
0.005
-0.019
-0.003
-0.051
-0.014
-0.005
-0.045
-0.049
0.007
-0.034
-0.104
-0.007
-0.043
0.005
-0.069
-0.028
0.01
0.039
-0.087
-0.099
-0.017
-0.02
-0.033
-0.018
-0.117
-0.019
-0.069
0.003
-0.049
-0.051
-0.033
-0.028
-0.092
-0.03
-0.005
-0.018
-0.109
-0.085
-0.082
0.031
-0.062
-0.114
0.041
0.039
0.013
-0.033
-0.027
-0.016
-0.071
-0.077
0.002
-0.046
-0.049
-0.089
-0.085
-0.057
-0.087
-0.038
-0.054
0.018
-0.033
0.003
0.046
-0.043
-0.089
-0.079
-0.059
-0.116
0.003
-0.081
-0.032
-0.034
0.02
-0.016
-0.052
0.019
-0.037
-0.045
-0.027
-0.039
-0.074
-0.018
-0.068
-0.054
-0.074
-0.024
-0.025
-0.023
-0.069
0.011
-0.002
-0.067
-0.005
0.002
-0.043
-0.067
-0.004
-0.061
0.063
-0.072
-0.087
-0.039
-0.101
-0.029
-0.003
-0.028
0.013
-0.017
-0.002
-0.05
0.051
-0.086
-0.108
0.007
-0.019
-0.076
0.008
-0.043
-0.05
-0.036
-0.035
-0.007
-0.058
-0.074
-0.029
-0.05
-0.048
0.015
-0.006
-0.03
-0.128
-0.037
-0.019
-0.055
0.005
0.001
-0.076
-0.078
-0.016
0.009
-0.08
-0.043
-0.031
-0.055
-0.023
-0.091
-0.062
-0.055
-0.049
0.055
-0.078
-0.088
-0.022
-0.053
0.025
-0.01
-0.013
-0.017
-0.068
-0.037
-0.082
-0.054
-0.084
-0.082
-0.034
-0.027
-0.049
-0.093
-0.035
-0.05
-0.022
-0.042
-0.1
-0.09
-0.113
-0.052
-0.052
-0.066
-0.017
-0.066
0.018
-0.026
-0.056
-0.099
-0.078
-0.023
-0.062
-0.057
-0.087
-0.065
-0.059
-0.05
0.005
-0.006
-0.068
-0.023
-0.064
-0.033
-0.076
-0.048
0.013
-0.029
-0.043
-0.084
-0.105
-0.09
-0.066
-0.031
-0.006
-0.091
-0.064
-0.045
-0.007
0.057
-0.067
-0.048
-0.039
-0.037
-0.065
-0.048
-0.026
-0.049
-0.046
-0.024
-0.026
-0.049
-0.058
-0.042
-0.032
-0.046
0.063
-0.082
-0.009
-0.047
-0.007
-0.018
-0.111
-0.037
-0.06
-0.068
0.031
-0.05
-0.058
-0.013
-0.071
0.044
-0.036
-0.051
-0.153
-0.039
-0.032
-0.025
-0.05
-0.041
-0.038
-0.014
-0.063
-0.061
-0.059
-0.061
-0.01
-0.045
-0.052
-0.101
-0.021
-0.001
-0.064
-0.007
-0.068
-0.008
0.038
-0.062
-0.061
0.053
-0.029
-0.089
-0.077
-0.057
-0.062
-0.071
0.026
-0.088
-0.069
-0.078
-0.007
-0.1
-0.075
-0.031
-0.086
-0.108
-0.014
-0.061
-0.123
-0.069
0.044
0.001
0.042
-0.104
-0.064
-0.103
-0.092
-0.08
0.029
-0.064
-0.087
-0.11
-0.004
-0.028
-0.022
-0.054
-0.021
-0.04
-0.074
-0.092
-0.062
-0.037
-0.025
-0.039
0.003
-0.064
0.01
-0.052
-0.001
-0.157
-0.018
-0.031
-0.058
0.006
-0.055
-0.042
0.037
-0.021
0.003
-0.075
-0.006
-0.043
0.019
-0.017
-0.018
0.002
-0.067
-0.139
-0.091
-0.009
-0.011
-0.093
-0.038
-0.017
-0.054
-0.127
-0.142
-0.051
-0.111
-0.041
-0.03
0.028
0.032
-0.038
-0.076
0.026
0.081
0.015
0.011
-0.03
-0.037
-0.046
-0.044
-0.077
-0.027
0.016
-0.058
0.042
-0.021
-0.057
-0.051
-0.046
-0.074
-0.027
-0.017
-0.062
-0.045
-0.076
0.018
-0.104
-0.011
-0.03
-0.082
0.03
0.039
-0.122
0.006
-0.031
-0.03
-0.071
-0.095
-0.106
-0.009
0.054
-0.051
0.049
-0.021
-0.029
-0.021
-0.102
-0.018
-0.125
-0.019
-0.072
-0.002
0.01
0.067
-0.067
0.006
0.02
-0.032
-0.001
-0.039
-0.041
0.033
-0.061
-0.077
-0.003
-0.015
-0.071
-0.001
-0.006
-0.017
-0.074
-0.065
0.025
0.009
0.026
-0.016
-0.071
-0.042
-0.013
-0.08
-0.055
-0.1
-0.051
0.003
0.018
-0.074
0.023
-0.085
-0.044
-0.037
0.011
-0.013
-0.052
-0.04
-0.013
-0.022
-0.018
-0.028
-0.08
-0.088
-0.012
-0.008
-0.106
-0.069
-0.029
-0.046
-0.05
-0.068
-0.086
-0.054
-0.061
-0.024
-0.066
-0.039
-0.016
-0.081
0.018
0.061
0.025
0.013
-0.101
-0.041
-0.098
-0.063
-0.118
-0.104
-0.072
-0.045
-0.047
-0.036
0.015
-0.017
-0.084
0.029
0.007
-0.023
0.021
-0.064
-0.033
0.006
-0.043
-0.024
-0.071
-0.031
-0.037
-0.011
-0.057
0.043
-0.086
-0.054
0.027
-0.003
-0.06
-0.071
-0.008
-0.038
-0.013
-0.002
-0.083
0.075
-0.098
-0.033
-0.07
-0.033
-0.026
-0.023
-0.118
-0.062
-0.041
-0.004
-0.07
0.095
-0.072
-0.032
-0.054
0.063
-0.039
-0.021
-0.011
-0.092
0.021
-0.015
0.001
-0.06
-0.031
-0.051
-0.023
-0.102
-0.034
-0.048
0.025
-0.01
0.004
-0.032
-0.03
0.011
-0.086
0.021
-0.097
-0.034
-0.051
0.019
-0.101
-0.005
-0.019
-0.05
-0.014
-0.085
-0.086
-0.021
-0.088
-0.005
-0.023
-0.028
-0.076
-0.092
0.018
0.03
-0.011
0.019
-0.051
-0.063
-0.024
-0.032
0.052
-0.114
-0.067
-0.01
-0.009
-0.074
-0.036
-0.085
-0.059
-0.063
-0.071
-0.063
-0.039
-0.033
0.004
-0.013
-0.023
-0.036
-0.056
0.012
-0.016
-0.024
-0.005
0.01
-0.052
-0.059
-0.012
-0.09
-0.031
-0.029
0.046
-0.085
0.044
-0.091
-0.016
0.014
-0.054
-0.096
0.035
-0.043
-0.008
-0.015
-0.036
-0.093
-0.029
-0.03
-0.053
-0.043
-0.055
-0.059
-0.088
-0.002
-0.004
-0.021
0.02
-0.038
0.013
-0.086
-0.016
-0.043
-0.002
0.037
-0.133
-0.071
-0.117
-0.03
-0.068
-0.012
-0.01
-0.007
-0.091
0.024
-0.03
0.042
-0.081
-0.013
0.006
-0.153
0.068
-0.019
0.035
0.008
0.006
-0.091
-0.078
-0.086
-0.05
-0.029
-0.042
-0.043
-0.017
-0.035
-0.042
0.011
-0.024
-0.047
-0.031
-0.002
-0.169
-0.008
-0.057
-0.039
-0.037
-0.038
-0.027
0.035
-0.026
-0.059
-0.117
-0.008
-0.101
-0.043
-0.03
-0.018
-0.003
-0.06
0.018
-0.036
-0.024
-0.059
-0.059
0.007
0.037
-0.053
-0.074
-0.085
0.021
-0.005
-0.019
0.002
-0.07
0.024
0.022
-0.045
-0.084
-0.086
-0.042
-0.072
-0.029
-0.004
-0.042
-0.014
-0.019
0.003
-0.113
-0.094
-0.062
-0.038
-0.122
-0.07
0.013
-0.027
0.001
0.002
-0.088
-0.08
-0.068
-0.035
-0.036
-0.012
-0.071
0.011
0.003
-0.145
-0.032
-0.006
-0.031
-0.043
-0.019
-0.091
-0.021
-0.034
-0.065
-0.039
-0.12
-0.034
-0.054
0.031
-0.027
-0.054
-0.055
-0.07
-0.11
-0.004
0.007
-0.081
-0.077
-0.023
-0.07
-0.072
-0.105
-0.031
0.007
-0.018
-0.047
-0.039
-0.045
0.015
-0.049
-0.055
-0.036
-0.043
-0.007
0.005
-0.006
0.014
-0.023
-0.074
-0.026
0.01
-0.035
-0.071
-0.057
-0.07
-0.028
-0.059
-0.066
-0.154
0.034
-0.051
0.029
-0.011
-0.093
-0.05
-0.06
-0.029
-0.012
-0.072
-0.032
-0.015
0.014
-0.007
-0.086
-0.008
-0.106
-0.067
-0.046
0.029
-0.016
-0.022
-0.093
-0.081
-0.075
-0.065
-0.004
-0.018
0.006
-0.073
-0.076
-0.054
-0.013
-0.055
0.02
-0.073
0.009
-0.003
-0.069
-0.026
-0.027
-0.043
-0.064
-0.053
-0.045
-0.019
0.003
0.02
-0.01
-0.062
-0.048
-0.062
0.049
-0.075
-0.044
-0.081
-0.024
-0.034
-0.056
-0.045
0.036
0.015
-0.073
-0.106
-0.083
-0.04
-0.075
-0.064
-0.017
-0.022
-0.057
-0.016
0.057
0.012
0.025
0.036
-0.102
-0.112
-0.007
-0.067
0.029
-0.091
-0.041
-0.019
-0.048
0.011
-0.017
-0.018
0.003
-0.037
0.025
-0.003
-0.04
-0.047
0.023
-0.071
-0.023
-0.067
0.007
0.005
-0.032
-0.025
-0.113
0.022
-0.111
-0.034
-0.038
-0.199
-0.029
-0.13
-0.036
-0.055
-0.085
-0.05
-0.039
0.001
0.001
-0.054
-0.042
-0.041
-0.083
-0.034
-0.028
-0.03
-0.068
-0.078
-0.07
-0.035
-0.019
0.016
-0.097
-0.046
-0.026
-0.021
-0.088
-0.084
-0.038
-0.001
-0.033
-0.023
-0.079
-0.051
0.107
-0.064
-0.048
0.004
-0.066
-0.052
-0.061
-0.061
-0.065
-0.038
-0.104
-0.012
0.018
-0.107
-0.007
0.001
-0.046
-0.025
-0.037
-0.087
0.035
-0.043
-0.018
-0.057
0.007
-0.01
-0.038
0.07
0.001
0.009
-0.06
-0.069
-0.016
0.019
0.0
0.015
-0.081
-0.085
-0.003
-0.073
-0.054
-0.054
-0.003
-0.004
-0.012
0.006
-0.132
-0.025
-0.051
-0.075
-0.036
-0.053
-0.078
-0.067
0.006
-0.049
0.012
-0.054
-0.02
-0.02
-0.075
0.021
-0.036
0.0
0.028
-0.083
-0.04
-0.052
-0.015
-0.068
-0.002
-0.009
-0.006
-0.079
-0.07
-0.024
-0.075
-0.067
-0.071
-0.069
-0.103
-0.073
-0.025
-0.039
0.055
-0.036
-0.012
-0.011
-0.025
-0.071
0.02
0.006
-0.078
-0.029
0.032
-0.055
0.028
0.014
0.01
-0.063
-0.091
-0.095
-0.049
-0.043
-0.06
-0.103
-0.059
-0.024
-0.051
0.014
-0.067
-0.02
-0.097
0.021
-0.019
0.048
-0.044
0.013
0.005
-0.01
-0.016
-0.02
-0.026
-0.03
-0.017
-0.056
-0.042
-0.029
0.001
-0.077
-0.001
-0.106
-0.029
-0.027
-0.005
-0.112
-0.027
-0.037
-0.095
-0.068
-0.041
-0.062
0.03
-0.016
0.001
-0.063
0.005
-0.051
-0.007
-0.099
-0.063
-0.049
-0.088
0.035
-0.079
0.007
-0.003
-0.036
0.02
-0.049
-0.039
0.1
-0.066
-0.061
-0.036
-0.026
-0.055
-0.11
-0.04
-0.053
0.055
-0.078
-0.009
-0.035
-0.03
0.036
-0.033
-0.027
-0.01
-0.082
0.049
-0.049
-0.097
-0.067
0.038
0.01
-0.044
-0.042
-0.023
-0.028
-0.02
-0.002
0.004
-0.065
0.021
-0.108
0.024
-0.021
-0.021
-0.104
-0.049
0.01
-0.055
-0.149
-0.108
-0.082
-0.038
-0.004
-0.062
0.0
-0.014
-0.092
0.017
-0.07
-0.007
-0.057
-0.05
-0.048
-0.042
-0.061
0.057
-0.063
0.046
-0.017
-0.051
-0.092
-0.07
-0.07
-0.098
-0.017
-0.084
-0.075
-0.017
-0.023
-0.018
0.049
-0.038
-0.001
-0.047
0.024
-0.02
0.061
-0.026
-0.081
-0.105
-0.022
-0.048
-0.043
-0.062
-0.076
-0.039
-0.039
0.031
-0.027
-0.084
-0.059
-0.075
0.012
-0.012
-0.04
-0.029
-0.082
-0.027
0.057
-0.079
-0.039
-0.025
-0.05
-0.105
-0.077
-0.065
-0.008
-0.065
0.044
-0.038
-0.092
-0.143
-0.016
-0.082
0.029
-0.055
-0.003
-0.011
-0.055
-0.07
-0.08
-0.014
-0.028
-0.004
-0.067
-0.001
-0.111
0.002
-0.025
-0.077
-0.123
-0.042
-0.054
-0.075
-0.063
-0.065
-0.043
-0.101
-0.024
0.007
-0.037
-0.012
-0.127
-0.107
-0.027
-0.03
-0.047
-0.023
-0.081
-0.029
-0.006
-0.007
-0.074
-0.085
-0.037
-0.022
-0.072
-0.04
0.005
0.044
0.013
-0.014
-0.082
-0.113
-0.067
-0.117
-0.034
-0.059
0.004
-0.042
-0.002
-0.134
-0.011
-0.037
-0.051
-0.068
-0.069
-0.038
0.009
-0.07
-0.085
-0.042
-0.074
-0.063
-0.111
-0.053
-0.053
-0.02
-0.069
-0.011
-0.044
-0.095
-0.07
-0.026
0.01
-0.012
-0.054
-0.095
-0.027
-0.09
-0.02
-0.04
-0.071
-0.079
-0.022
0.068
0.048
-0.154
-0.077
-0.02
-0.049
-0.008
-0.009
-0.06
-0.046
-0.059
-0.047
-0.002
0.005
-0.086
-0.125
-0.111
-0.058
-0.04
-0.05
0.027
-0.086
-0.012
-0.041
-0.116
-0.035
0.022
-0.095
-0.115
-0.031
-0.067
-0.053
-0.114
-0.039
-0.036
-0.081
-0.023
0.029
-0.039
-0.013
-0.025
-0.035
-0.105
-0.062
-0.109
-0.06
-0.078
-0.037
-0.087
-0.08
0.015
-0.041
-0.128
-0.088
-0.028
-0.059
-0.016
-0.054
0.012
-0.028
-0.017
-0.007
-0.047
-0.002
0.015
-0.002
-0.016
-0.108
-0.086
-0.032
-0.06
-0.004
-0.017
-0.058
-0.057
-0.008
-0.054
-0.04
-0.067
-0.005
0.03
-0.001
-0.059
0.015
-0.052
-0.007
-0.057
-0.013
-0.081
-0.065
-0.013
-0.059
-0.115
-0.097
-0.104
-0.115
-0.066
-0.032
-0.057
-0.008
-0.077
-0.07
-0.086
-0.031
-0.071
-0.056
-0.053
-0.048
-0.032
0.124
-0.041
0.021
0.004
-0.05
-0.046
0.025
-0.01
-0.049
-0.099
-0.043
-0.105
-0.179
-0.096
-0.064
-0.021
-0.03
-0.022
-0.024
-0.099
-0.123
-0.072
0.025
0.021
0.007
-0.076
-0.005
0.002
-0.111
-0.078
-0.075
-0.095
-0.023
-0.103
0.04
-0.034
-0.056
-0.027
-0.009
-0.083
-0.103
-0.035
-0.018
-0.029
0.045
-0.064
-0.029
-0.054
-0.059
-0.023
-0.032
-0.047
0.026
-0.018
-0.029
-0.041
-0.066
-0.022
-0.086
-0.071
-0.035
-0.016
0.024
-0.046
-0.155
-0.02
-0.062
-0.03
-0.092
-0.088
-0.037
-0.087
-0.064
-0.082
-0.094
-0.055
0.005
-0.057
-0.061
-0.094
-0.004
0.05
-0.076
-0.014
-0.011
-0.068
-0.053
-0.081
-0.086
-0.029
-0.016
-0.002
-0.017
-0.121
-0.138
-0.089
-0.058
-0.025
-0.024
-0.045
-0.082
-0.018
-0.075
-0.053
-0.048
-0.056
-0.085
-0.034
0.011
-0.092
-0.072
-0.042
0.026
0.016
-0.016
-0.064
-0.052
-0.064
-0.079
-0.058
-0.083
-0.011
-0.065
-0.009
-0.068
0.042
0.037
-0.015
-0.03
-0.075
-0.083
0.055
-0.051
-0.039
-0.111
-0.054
-0.039
-0.032
-0.057
-0.072
-0.039
-0.033
-0.005
0.013
-0.055
-0.046
-0.048
-0.062
-0.014
-0.096
-0.028
-0.028
-0.05
-0.05
-0.054
-0.016
-0.033
-0.006
-0.107
0.003
-0.071
-0.067
-0.067
-0.013
-0.093
-0.111
-0.076
-0.037
-0.009
0.017
-0.038
0.005
-0.071
-0.066
-0.009
-0.049
-0.011
-0.071
0.019
-0.025
0.006
0.033
-0.008
-0.074
-0.054
-0.071
-0.082
-0.001
0.003
-0.078
-0.09
-0.017
-0.105
-0.056
-0.011
-0.136
-0.084
0.014
-0.058
-0.045
-0.068
-0.03
-0.092
-0.038
0.069
-0.015
-0.006
-0.071
-0.033
-0.013
-0.056
-0.073
-0.111
-0.102
-0.039
-0.03
-0.042
-0.063
-0.032
-0.063
-0.058
-0.061
0.045
0.001
-0.017
-0.05
-0.009
-0.119
-0.086
-0.097
-0.108
-0.077
0.014
-0.068
0.035
0.043
-0.07
-0.011
-0.049
-0.011
-0.048
-0.015
-0.06
-0.07
0.004
-0.076
0.059
-0.029
-0.048
-0.035
-0.093
0.005
0.045
-0.012
-0.07
-0.022
-0.024
-0.011
-0.063
-0.026
-0.039
-0.026
-0.084
-0.019
-0.075
-0.012
-0.083
0.038
-0.029
-0.07
-0.033
-0.033
-0.071
-0.025
-0.03
-0.06
0.018
-0.023
-0.082
0.027
-0.054
-0.038
-0.063
-0.006
-0.025
-0.029
-0.038
-0.02
-0.022
-0.024
-0.037
-0.074
0.009
-0.078
0.005
0.059
0.017
-0.075
0.015
-0.051
-0.084
-0.067
-0.046
-0.05
-0.077
0.001
-0.053
-0.076
-0.077
-0.027
-0.049
-0.085
-0.12
0.011
0.029
-0.048
-0.075
-0.01
-0.022
-0.023
0.025
0.043
0.014
-0.005
-0.046
-0.089
-0.072
0.009
-0.011
-0.107
-0.051
-0.024
-0.022
-0.048
-0.015
0.01
-0.022
-0.012
-0.017
-0.037
-0.117
-0.102
-0.059
-0.087
-0.017
-0.098
-0.033
-0.064
-0.053
-0.053
-0.06
-0.053
-0.093
0.042
-0.103
0.0
-0.075
-0.027
-0.068
-0.041
-0.06
-0.037
-0.036
-0.079
-0.054
-0.075
-0.069
-0.026
-0.051
-0.013
-0.052
0.011
-0.035
-0.06
-0.03
0.006
-0.076
-0.074
-0.08
-0.093
-0.072
0.022
-0.014
0.014
-0.033
-0.102
0.015
-0.009
-0.054
-0.091
-0.095
-0.009
0.008
-0.095
0.027
-0.05
-0.073
-0.064
-0.119
-0.027
-0.006
-0.059
0.005
-0.069
0.062
0.008
-0.054
-0.091
-0.05
-0.001
-0.065
-0.08
-0.012
-0.087
-0.066
-0.014
-0.025
-0.08
-0.059
-0.063
-0.047
-0.065
0.032
-0.098
-0.031
0.041
-0.058
-0.047
-0.073
-0.109
-0.082
-0.038
0.034
0.0
-0.038
-0.048
-0.126
-0.012
-0.124
-0.104
-0.046
-0.066
-0.05
0.018
-0.148
-0.031
-0.081
-0.01
-0.112
-0.013
-0.065
-0.018
-0.093
-0.038
-0.04
-0.074
0.008
-0.015
-0.057
-0.021
-0.061
-0.109
-0.111
0.006
-0.053
-0.054
0.018
-0.095
-0.041
-0.029
0.011
-0.042
-0.087
-0.099
0.017
0.021
-0.08
-0.084
-0.008
0.003
-0.035
-0.021
-0.068
-0.017
-0.111
0.011
-0.038
0.012
-0.035
-0.108
-0.053
-0.087
-0.03
-0.034
-0.06
-0.032
-0.027
0.064
-0.125
-0.082
-0.069
0.033
-0.043
-0.072
-0.039
-0.04
0.029
0.004
0.022
-0.09
-0.073
0.021
0.038
0.03
-0.092
-0.038
-0.047
-0.099
-0.076
-0.103
-0.049
-0.048
-0.022
-0.058
-0.008
-0.043
-0.039
-0.088
-0.045
-0.031
-0.028
0.014
-0.053
-0.003
-0.068
0.017
-0.08
-0.034
-0.015

