0.253
0.741
0.315
0.674
0.784
0.38
0.321
0.879
0.498
0.364
0.561
0.69
0.526
0.687
0.906
0.373
0.249
0.295
0.131
0.366
0.217
0.195
0.086
0.216
0.083
0.665
0.312
0.348
1.06
0.553
0.39
0.986
1.042
0.362
0.503
0.296
0.676
0.534
0.424
0.682
0.333
0.634
0.543
0.842
0.671
0.538
0.169
0.635
0.648
0.856
0.664
0.543
0.273
0.293
0.271
0.277
0.397
0.688
0.587
0.3
0.627
0.401
0.483
0.685
0.383
0.768
0.82
0.951
0.41
0.49
0.214
0.636
1.045
0.711
0.297
0.158
0.115
0.192
0.404
0.78
0.727
0.584
0.875
0.26
0.271
0.548
0.416
1.05
0.782
1.032
0.929
1.144
0.34
0.151
0.502
0.38
0.498
0.657
0.257
0.592
0.931
0.702
0.651
0.15
0.356
0.2
0.137
0.907
0.749
0.841
0.17
0.394
0.252
0.889
0.894
0.467
0.364
0.718
0.415
0.334
0.693
0.893
0.495
1.067
0.119
0.255
0.145
0.935
0.141
0.401
0.679
0.299
0.648
0.549
0.171
0.259
0.435
0.276
0.86
1.003
0.326
0.687
0.346
0.181
0.686
0.319
0.928
0.681
0.418
1.028
0.167
0.312
0.137
0.275
0.214
0.53
0.348
0.464
0.391
0.415
0.898
0.46
0.606
0.51
1.087
0.878
0.197
1.016
0.321
0.718
0.31
0.305
0.937
0.536
0.153
0.853
0.838
0.133
0.242
0.182
0.792
0.454
0.767
0.703
0.9
0.196
0.734
0.644
0.181
0.401
0.929
0.385
0.652
0.496
0.45
0.583
0.314
0.49
0.705
0.308
1.118
0.266
0.313
0.827
0.748
0.457
1.218
0.579
0.042
0.793
0.58
0.273
0.261
0.814
0.462
0.65
0.214
0.106
0.867
0.124
0.402
0.868
0.394
0.673
0.956
0.34
0.384
0.323
0.348
0.741
0.51
0.239
0.65
0.129
0.565
0.42
0.316
0.423
0.424
0.696
0.357
0.228
0.777
0.07
0.225
0.92
0.285
0.909
0.269
0.497
0.457
0.408
0.509
0.202
0.883
0.968
0.532
0.762
0.541
0.81
0.682
0.243
0.636
0.433
0.266
0.207
0.137
0.04
0.18
0.86
0.092
0.629
0.204
0.634
0.79
0.154
0.893
0.237
0.108
0.047
0.683
1.176
0.243
0.558
1.063
0.501
0.561
0.242
0.144
0.288
0.493
0.437
0.125
0.69
0.156
0.347
0.731
0.561
0.639
0.542
0.467
0.45
0.159
0.73
0.966
0.765
0.172
0.451
0.612
1.079
0.683
0.367
0.149
0.295
0.776
0.509
0.809
0.429
0.507
0.302
0.576
0.988
0.455
0.256
0.514
0.467
0.999
0.132
0.299
0.204
0.333
0.259
0.739
0.188
0.331
0.815
0.36
0.607
1.032
0.794
0.7
0.222
0.806
0.296
0.885
0.59
0.524
0.797
0.138
0.661
0.31
0.211
0.08
1.023
0.746
0.801
0.281
0.409
0.257
0.834
0.221
0.386
0.218
0.295
0.527
0.308
0.12
0.496
0.043
0.293
0.238
0.749
0.742
0.855
0.726
0.855
0.17
1.174
0.856
0.332
0.168
0.003
1.04
0.4
0.596
0.205
0.294
0.78
0.176
0.3
0.671
0.468
0.146
0.572
0.145
0.858
0.869
0.961
0.254
0.503
0.796
0.573
0.301
0.966
0.876
0.849
0.563
0.597
0.396
0.066
0.299
0.865
-0.052
0.169
0.776
0.464
0.976
0.485
0.72
0.067
0.797
0.327
0.924
0.808
0.432
0.663
0.753
0.276
0.767
0.38
0.818
0.27
0.1
0.793
0.655
0.072
0.399
0.584
0.897
0.789
0.936
0.72
0.613
0.465
0.886
0.644
0.241
0.159
0.82
0.837
0.888
1.036
0.706
0.718
0.544
0.089
0.234
0.269
0.767
0.123
0.195
0.217
0.713
0.927
0.716
0.977
0.122
0.712
0.244
0.705
0.964
0.16
0.437
0.868
1.193
0.418
0.656
0.217
0.111
0.227
0.211
0.24
0.586
0.28
0.095
0.779
0.754
0.168
0.937
0.304
0.317
0.522
0.317
0.323
0.171
0.331
0.256
0.631
0.343
0.712
0.259
0.273
0.618
0.792
0.493
0.366
0.105
0.643
0.188
0.318
0.139
0.918
1.004
1.144
0.519
0.819
0.181
0.356
0.355
0.663
0.31
0.732
1.049
0.073
1.001
0.121
0.316
0.212
0.246
0.58
0.326
0.269
0.74
0.505
0.504
0.911
0.194
0.112
0.958
0.791
0.234
0.488
0.611
0.347
0.467
0.675
1.09
0.794
0.222
0.161
0.332
0.368
1.207
0.6
0.718
0.907
0.492
1.11
0.255
0.808
0.751
0.462
0.313
0.434
0.235
0.17
0.373
0.894
0.958
0.253
0.977
0.818
0.098
0.465
0.648
0.661
0.304
0.253
0.337
0.73
0.58
0.347
0.766
0.672
0.283
0.265
0.519
0.361
0.173
0.722
1.118
0.239
0.406
0.375
0.356
0.063
0.537
1.0
0.296
0.118
0.155
0.765
0.754
0.75
0.853
0.713
0.38
0.345
0.816
0.358
0.785
0.344
0.367
0.32
0.614
0.892
1.138
0.189
0.461
0.759
0.186
0.61
0.505
0.997
0.858
0.312
0.806
0.163
0.588
1.061
0.292
0.355
0.396
0.829
0.394
0.367
0.478
0.464
0.31
0.099
0.91
0.775
0.508
0.501
0.237
1.02
0.374
0.298
0.246
0.736
0.687
1.009
0.884
0.253
0.441
-0.085
0.232
0.197
0.974
0.174
0.713
0.277
0.71
0.071
0.206
0.53
0.27
0.809
0.606
0.675
0.282
0.364
0.123
0.421
0.898
0.865
0.177
0.407
0.908
0.346
0.135
0.637
0.596
0.158
0.592
0.225
0.172
0.826
0.152
0.324
0.595
0.624
0.191
0.606
0.417
0.632
0.843
1.068
0.358
0.281
0.934
0.141
0.202
1.191
0.3
0.629
0.14
0.814
0.839
0.586
0.626
0.364
0.096
0.738
0.63
0.684
0.724
0.904
0.806
0.712
0.545
0.929
0.403
0.58
0.246
1.163
0.871
0.155
0.156
0.402
0.827
0.244
0.294
0.516
0.249
0.672
0.99
0.98
0.625
0.643
0.635
0.874
0.421
0.53
0.575
0.605
0.857
0.727
0.735
0.279
0.757
0.491
0.558
0.468
0.682
0.293
0.689
0.702
0.411
1.073
0.683
0.342
0.061
0.192
0.188
1.057
0.58
0.121
1.03
0.776
0.47
0.194
0.809
0.835
0.867
0.571
0.262
0.729
1.288
0.201
0.714
0.242
0.591
0.298
0.29
0.238
0.497
0.437
0.267
0.349
0.158
0.214
0.582
0.334
0.564
0.581
0.509
0.101
0.661
0.17
0.204
1.07
0.234
0.882
0.541
0.232
0.51
0.638
0.653
1.059
0.416
0.402
1.007
0.239
0.24
0.197
1.072
0.979
0.548
0.751
0.553
0.242
0.239
0.558
0.202
0.328
0.316
0.77
0.746
0.695
0.733
0.765
0.271
0.664
0.927
0.442
0.587
0.685
0.48
0.671
0.905
0.378
0.295
0.415
0.281
0.891
0.797
0.347
0.232
1.191
0.153
0.322
0.188
0.327
0.278
0.444
0.247
0.086
0.484
0.204
0.71
0.166
0.526
0.2
0.66
0.67
0.226
0.173
0.665
0.609
0.828
0.596
0.233
0.837
0.302
0.517
0.21
0.703
0.328
0.743
0.191
0.551
0.274
0.555
0.264
0.571
0.695
0.414
0.935
0.23
0.976
0.212
0.872
0.626
0.714
0.5
0.959
1.094
0.802
0.269
0.24
0.655
0.394
0.84
0.388
0.395
0.859
0.603
0.41
0.892
0.407
0.365
0.201
0.936
0.916
0.701
0.395
0.247
0.216
0.054
0.357
0.079
0.863
0.419
0.325
0.347
0.444
0.602
0.744
0.954
0.106
0.323
0.651
0.653
0.709
0.186
0.742
0.432
0.738
0.426
0.715
0.676
0.455
0.27
0.941
0.602
1.035
0.954
0.088
0.767
0.858
0.526
1.039
0.97
1.117
0.366
0.228
0.406
0.552
0.739
0.869
0.002
0.691
0.106
0.197
0.923
0.927
0.223
0.257
0.31
0.257
0.563
0.029
1.052
0.33
0.347
0.088
0.693
0.154
0.149
0.232
0.263
0.281
0.228
0.213
0.752
0.709
0.423
0.186
0.259
0.308
0.817
0.285
1.141
0.215
0.961
0.242
0.497
0.651
0.416
0.216
0.299
0.412
0.533
0.207
0.155
0.567
0.243
0.108
0.868
0.153
0.755
0.802
0.241
0.618
0.345
0.718
0.273
0.631
1.312
0.272
0.193
0.672
0.708
0.24
0.958
0.91
0.816
0.309
0.2
0.314
0.395
0.641
0.111
0.074
0.242
0.59
0.842
0.872
0.57
0.069
0.374
0.875
0.145
0.343
0.223
0.345
0.891
0.939
0.224
0.764
0.992
0.068
0.306
0.575
0.979
0.777
0.126
0.906
0.896
1.046
0.677
0.985
0.268
0.894
0.242
0.193
0.081
0.838
0.263
0.681
0.911
0.117
1.032
0.174
0.215
0.792
0.375
0.888
0.489
0.335
0.26
0.621
0.847
0.206
0.309
0.386
0.771
0.246
0.692
0.631
0.411
0.467
0.217
0.207
0.807
0.231
0.703
0.792
0.709
0.088
0.39
0.52
0.559
0.445
0.288
0.593
0.301
0.568
0.528
0.176
0.855
0.942
1.135
0.498
0.955
0.21
0.637
0.719
0.953
0.603
0.543
0.688
0.75
0.238
1.058
0.75
0.607
0.919
0.241
0.321
0.093
0.203
0.909
0.161
0.571
1.148
0.902
0.611
0.008
0.338
0.892
0.909
0.373
0.567
0.82
0.343
0.324
0.396
0.229
0.728
0.245
0.513
0.953
0.151
0.648
0.359
0.617
0.538
0.799
0.69
0.127
0.638
0.906
0.815
0.516
0.317
0.173
0.179
0.015
1.174
0.539
0.307
0.672
0.865
0.363
0.311
0.702
0.353
0.579
0.661
0.579
0.43
0.924
0.487
0.979
0.273
0.027
0.227
0.438
0.682
0.668
0.419
0.186
0.005
0.688
0.79
0.09
0.701
0.266
0.062
0.754
0.768
0.461
0.443
0.321
-0.029
0.542
0.991
0.384
0.934
0.581
0.355
0.14
0.208
0.323
0.441
0.505
0.521
-0.014
0.412
0.941
0.446
0.276
0.816
0.833
0.599
0.73
0.992
0.898
0.271
0.659
0.378
0.638
0.192
0.22
0.497
0.876
1.217
0.863
0.347
0.262
1.047
0.43
0.431
0.554
0.303
0.552
0.351
0.299
0.888
0.153
0.115
0.203
0.625
0.851
0.657
0.628
0.529
0.537
0.96
1.044
0.723
0.031
0.872
1.008
0.336
1.138
1.171
0.071
0.524
0.772
1.007
0.121
0.832
0.338
0.474
0.726
0.66
0.334
0.408
0.376
1.176
0.839
0.401
0.587
0.935
0.295
0.047
0.297
0.25
0.497
0.555
0.942
0.216
0.917
0.421
0.262
0.407
0.5
0.681
0.089
0.298
0.488
0.425
0.894
0.142
0.423
0.728
0.25
0.214
0.942
0.515
0.175
0.729
0.806
0.967
0.473
0.285
0.332
0.862
0.201
0.633
0.023
0.626
0.377
0.41
0.704
0.837
0.878
0.799
0.441
0.92
0.308
0.3
0.118
0.793
0.281
0.071
0.244
0.277
0.437
0.291
0.653
0.464
0.243
0.762
0.37
0.254
0.896
0.758
1.046
0.224
0.724
0.77
0.471
0.921
0.244
1.278
0.344
0.334
0.927
0.45
1.033
0.361
0.132
0.551
0.83
0.825
0.375
0.464
0.477
0.557
1.061
0.781
1.136
0.616
0.993
1.057
0.277
0.179
0.186
0.364
1.062
0.152
0.926
0.634
0.277
0.539
0.821
1.046
0.808
0.067
0.552
0.73
0.449
0.9
1.144
0.435
0.712
0.301
0.196
0.64
0.887
0.544
0.579
0.299
0.967
0.699
0.885
0.788
0.257
0.273
0.705
0.184
0.365
0.838
0.32
0.599
0.263
0.188
0.97
0.937
0.223
0.954
0.724
0.239
0.368
0.051
0.646
0.226
0.693
0.36
0.222
1.068
0.067
0.161
0.643
0.293
0.321
0.809
0.391
0.074
0.516
0.19
0.847
0.617
0.812
0.718
0.329
0.57
0.676
0.153
0.15
0.268
0.767
0.585
0.376
0.813
0.739
0.136
1.312
0.716
0.337
0.585
0.699
0.31
0.313
0.188
1.055
0.078
0.92
0.756
0.754
0.777
0.245
0.658
0.065
0.641
1.018
0.239
0.643
0.908
0.259
0.222
0.563
0.258
0.149
0.871
0.739
0.388
0.763
0.312
0.37
0.872
0.625
0.306
0.182
0.892
0.775
0.629
0.259
0.225
0.571
0.187
1.041
0.922
0.966
0.658
0.105
0.712
0.995
0.739
0.469
0.8
0.178
1.061
0.905
0.602
0.693
0.703
0.964
0.316
0.654
1.106
0.356
0.267
0.21
0.845
0.561
1.089
0.582
0.27
0.011
0.83
0.554
0.387
0.724
0.387
1.004
0.338
0.887
0.487
0.819
0.784
0.92
1.056
0.495
0.093
0.365
0.246
0.502
1.014
0.241
0.095
0.854
0.28
0.992
0.225
0.21
0.144
0.235
0.673
0.412
0.243
0.273
0.387
0.375
0.278
0.349
0.117
1.093
0.219
0.167
0.651
0.333
0.231
0.215
0.456
0.164
0.406
0.212
0.864
0.408
0.357
0.441
0.735
0.902
0.451
0.899
0.286
0.525
0.75
0.259
0.243
0.441
0.811
0.278
0.217
0.488
1.056
0.589
0.389
0.777
0.8
0.884
0.627
0.552
0.765
0.332
-0.014
0.138
0.556
0.85
0.935
0.486
0.521
0.075
0.584
0.983
0.356
0.807
0.423
0.382
0.914
0.12
0.879
0.168
0.688
0.215
1.069
0.301
0.836
0.44
0.36
0.122
0.273
0.04
0.155
0.631
0.274
0.297
0.262
0.365
0.579
0.368
0.587
0.475
1.014
0.226
0.789
0.907
0.616
0.286
0.787
0.494
0.386
0.333
0.225
0.301
0.388
0.161
0.573
0.567
0.216
0.546
0.361
0.155
0.524
0.21
0.135
0.958
0.594
0.754
0.277
0.766
1.174
0.291
0.799
0.744
0.852
0.216
0.264
0.628
0.476
0.45
0.917
0.56
0.518
0.469
0.926
0.6
0.176
0.323
0.6
0.881
1.165
0.238
0.321
0.256
0.625
0.453
0.8
0.397
0.46
0.24
0.195
0.724
0.833
0.364
0.228
0.359
0.215
0.582
0.148
0.35
1.23
0.465
0.339
0.3
0.621
0.128
0.263
0.884
0.774
0.911
0.726
0.341
0.576
0.14
0.992
0.596
0.179
0.177
0.972
0.267
0.657
0.597
0.351
0.902
0.477
0.413
0.785
0.542
0.62
0.309
0.682
0.43
0.177
0.215
0.75
0.953
0.41
0.2
0.895
0.278
0.111
0.13
0.602
0.588
0.451
0.856
0.332
0.084
0.303
0.8
0.68
0.207
0.238
1.063
0.174
0.2
0.832
0.24
0.299
0.856
0.552
0.322
0.133
0.145
0.261
0.762
0.772
0.371
0.867
0.083
0.567
1.032
0.446
0.343
0.836
0.455
0.314
1.155
0.83
0.333
0.08
0.98
0.66
0.826
0.822
0.869
0.314
0.589
0.225
0.281
0.609
0.241
0.163
0.211
0.654
0.374
0.443
0.306
0.154
0.918
0.254
0.39
0.642
0.091
0.706
0.611
0.193
1.132
0.984
0.369
0.13
0.58
0.156
0.853
0.272
0.382
0.472
0.221
0.532
0.366
0.698
0.653
0.901
0.873
0.275
0.637
0.321
0.866
0.301
1.014
0.058
0.771
0.172
0.572
0.384
0.239
0.889
0.889
0.229
0.731
0.288
0.21
0.347
0.159
0.222
0.266
0.212
0.298
1.132
0.272
0.645
0.214
0.337
0.122
0.856
0.123
0.957
0.191
0.213
0.793
0.242
0.834
0.609
0.181
0.195
0.117
0.562
0.481
0.551
0.596
0.97
0.816
0.141
0.501
0.233
0.134
0.144
0.242
0.117
0.271
0.467
0.269
0.309
0.812
1.075
0.639
1.033
0.445
0.617
0.712
0.554
0.767
0.779
0.386
0.916
0.533
1.026
0.567
0.999
0.578
0.963
0.634
0.909
0.308
0.281
0.478
1.17
0.244
0.257
1.125
0.395
0.433
0.42
0.314
0.04
0.609
0.788
0.802
0.601
0.745
0.56
0.206
0.421
0.205
0.216
0.701
0.218
0.55
1.113
0.742
0.353
0.192
0.727
0.515
0.476
0.913
0.376
0.257
0.467
0.315
0.288
0.623
0.459
0.438
0.658
0.359
0.464
0.538
0.11
0.135
0.36
0.474
0.726
0.591
1.001
1.108
0.526
1.034
0.171
0.529
0.352
0.538
1.08
0.579
1.008
0.889
0.084
0.327
0.386
0.681
0.036
0.264
0.554
0.494
0.984
0.515
0.312
0.61
0.53
0.142
0.412
0.263
0.59
1.147
0.35
0.43
0.324
0.753
0.206
0.545
0.674
0.178
0.246
0.678
0.871
0.286
1.039
0.8
0.784
0.464
0.255
0.785
0.607
0.414
0.589
0.37
0.431
0.496
0.399
0.338
0.895
0.849
0.754
0.433
0.746
0.491
0.237
0.403
1.051
0.349
0.387
0.772
0.718
0.206
0.585
0.73
0.334
0.187
0.08
0.235
0.298
0.42
0.766
0.653
0.497
0.753
0.105
0.549
0.898
0.602
0.163
0.148
0.083
0.575
0.279
0.38
0.267
0.481
0.3
0.528
0.405
1.12
0.365
0.49
0.188
0.771
0.518
0.072
0.499
0.261
1.043
0.239
0.305
0.255
1.019
0.308
0.359
0.17
0.454
0.84
0.212
0.994
0.462
0.002
0.217
0.686
0.23
0.308
1.182
0.526
1.235
0.716
0.696
0.126
0.234
0.336
0.737
0.134
1.009
0.75
0.795
0.404
0.179
0.681
0.899
0.562
0.932
1.031
0.077
0.596
0.126
0.923
0.636
0.998
0.218
0.347
0.692
0.337
0.717
0.317
0.25
0.842
0.834
0.945
0.82
0.148
0.712
1.046
0.362
0.409
0.974
0.35
0.114
0.327
0.367
0.073
0.234
0.788
0.095
0.473
0.238
0.794
0.173
0.074
0.229
0.347
0.317
0.35
0.267
0.81
0.252
0.334
0.334
0.486
0.226
0.331
0.255
0.615
0.746
0.255
1.036
0.388
0.357
0.344
0.311
0.74
0.203
0.353
0.767
0.17
0.549
0.138
0.496
0.323
0.792
0.839
0.606
0.097
1.161
0.174
0.906
0.793
0.432
0.787
0.721
0.87
0.315
0.257
0.697
0.573
0.97
0.561
0.199
0.332
0.608
0.082
0.578
0.577
0.229
0.469
0.326
0.286
0.177
0.824
0.658
0.558
0.534
0.602
0.233
0.814
0.471
0.858
0.89
0.207
0.52
0.252
0.666
0.246
0.355
0.862
0.792
0.354
0.87
-0.001
0.565
0.292
0.673
0.573
0.109
0.744
0.582
0.983
0.479
0.575
0.208
0.385
0.39
0.614
0.694
0.223
0.623
0.55
0.38
0.495
0.628
1.052
0.973
0.348
0.556
0.021
0.225
0.981
0.879
0.94
0.633
0.623
0.194
0.826
0.15
1.063
0.138
0.23
1.0
0.144
0.828
0.313
0.957
0.155
0.319
0.149
0.788
0.664
0.911
0.302
0.498
0.135
1.053
0.794
0.619
0.594
0.801
0.224
0.616
0.032
0.329
0.337
0.389
0.329
0.197
0.203
0.666
-0.029
0.445
0.768
0.32
0.393
0.121
1.024
0.09
0.885
0.734
0.738
0.173
0.478
0.746
0.644
0.398
0.316
0.627
0.3
0.081
0.782
0.405
0.942
0.337
0.806
0.268
0.407
0.021
0.682
0.342
0.835
0.956
0.272
1.063
0.043
0.151
1.219
0.394
0.642
0.579
0.289
0.552
0.303
1.057
0.093
0.067
0.336
0.632
0.319
0.251
0.694
0.115
0.211
0.316
0.58
0.262
0.282
0.467
0.971
0.234
0.283
0.217
0.565
0.411
0.487
0.301
0.535
0.807
0.248
0.246
0.267
0.79
0.549
0.751
-0.011
0.614
0.46
0.775
0.913
0.454
0.579
0.255
0.957
0.786
0.617
0.174
0.686
0.607
0.213
0.487
0.163
0.646
0.085
0.645
0.809
0.218
0.857
0.721
0.277
0.656
0.86
0.092
0.363
0.813
0.866
0.435
1.01
0.576
0.518
0.67
0.607
0.501
0.594
0.293
0.304
0.86
0.209
0.138
0.183
0.121
0.561
0.184
0.231
0.769
1.097
0.85
0.369
0.992
0.128
0.413
0.326
0.533
0.86
0.868
0.322
0.427
0.249
0.575
0.507
0.141
0.435
0.315
0.28
0.396
0.16
0.847
0.274
0.455
0.487
0.597
0.182
0.467
0.814
0.489
0.65
0.546
0.618
0.597
0.263
0.518
0.384
0.463
0.581
0.2
0.326
0.99
0.859
0.313
0.297
0.763
1.042
0.555
0.901
0.651
0.458
0.062
0.745
0.393
1.072
0.487
0.966
0.237
0.521
0.526
0.233
0.74
0.268
0.239
0.857
0.173
0.283
0.208
0.656
0.23
0.267
0.388
0.068
0.429
0.832
0.415
0.627
1.05
0.367
0.254
0.762
0.87
0.195
0.82
0.283
0.426
0.466
0.472
0.683
0.571
0.201
0.298
0.43
0.965
0.5
0.095
0.365
0.792
0.519
0.536
0.682
0.673
0.245
0.584
0.796
0.156
0.435
0.836
0.573
0.371
0.488
0.87
0.433
0.591
0.285
0.264
1.061
0.086
-0.051
0.398
0.147
0.282
1.237
0.238
0.281
0.804
0.258
0.14
0.465
0.157
0.213
0.74
0.284
0.469
0.625
1.076
1.089
0.781
0.178
0.245
0.369
0.756
0.349
0.281
1.066
1.011
0.284
0.253
0.207
0.581
0.917
0.944
0.199
1.078
0.981
0.178
0.454
0.386
0.447
0.808
0.948
0.476
0.214
0.469
0.635
0.774
0.85
0.212
0.713
0.309
0.86
0.206
0.355
0.653
0.476
0.282
0.19
0.144
0.593
0.746
0.479
0.704
0.252
0.715
0.278
0.149
0.643
0.485
0.888
0.175
0.718
1.041
0.607
0.777
0.608
0.525
0.216
0.335
0.152
0.235
0.18
0.918
0.335
0.475
1.063
0.149
0.49
0.465
0.215
0.209
0.136
0.759
0.387
0.272
0.18
0.34
0.618
0.397
0.623
0.398
0.224
0.403
0.503
0.327
0.099
1.229
0.304
0.154
0.327
0.494
0.234
1.01
0.41
0.221
0.871
1.005
0.989
1.045
0.761
0.888
0.142
0.435
0.508
0.057
0.24
0.227
1.048
0.33
0.664
0.251
0.913
0.088
0.786
0.133
0.14
0.731
0.638
1.038
0.214
0.333
0.778
1.068
0.071
0.651
0.394
0.811
0.646
0.635
1.052
0.857
0.566
0.758
0.271
0.842
0.4
0.146
0.449
0.832
0.635
0.224
0.311
0.821
0.618
0.352
0.846
0.319
0.424
0.213
0.298
0.284
0.485
0.251
0.452
0.187
0.535
0.189
0.588
0.815
0.219
0.703
0.583
0.2
0.29
0.327
0.315
0.736
0.568
1.034
1.083
0.913
0.034
0.499
0.409
1.052
0.983
0.944
0.595
0.654
0.331
0.477
0.407
0.545
0.89
0.19
0.669
0.817
0.786
0.46
0.692
0.996
0.471
0.281
0.47
0.296
0.143
0.188
0.812
0.67
0.757
0.268
1.027
0.033
0.171
0.251
0.996
0.511
0.643
0.522
0.912
1.115
0.716
0.059
0.24
0.262
0.293
0.104
0.361
0.149
0.519
0.566
0.876
0.712
0.157
1.138
0.279
0.068
0.455
0.226
0.165
0.812
0.089
0.168
0.972
1.186
0.307
0.791
0.306
0.52
0.291
0.208
0.535
0.515
0.464
0.781
0.689
0.527
0.276
1.061
0.182
0.518
1.123
0.125
0.559
0.465
0.141
0.589
0.239
1.051
1.006
0.204
0.096
0.365
0.897
0.829
0.129
0.362
0.747
0.88
1.023
0.108
0.156
0.462
0.608
0.572
0.925
0.174
0.693
0.425
0.62
0.036
0.599
1.046
0.335
0.614
0.839
0.5
0.458
0.438
0.79
0.853
0.717
0.902
1.073
0.734
0.649
0.271
0.311
0.37
0.504
0.708
0.79
0.449
0.382
0.345
0.459
0.621
1.019
0.389
0.501
0.087
0.125
0.449
0.451
0.944
0.181
0.176
0.609
0.811
1.199
0.639
0.419
1.111
0.293
0.724
0.951
0.197
0.39
0.621
0.321
0.836
0.192
0.14
0.152
0.274
0.497
0.7
0.912
0.994
0.511
0.243
0.216
0.299
0.229
0.244
0.335
0.85
0.407
0.123
0.312
0.457
0.071
0.363
0.67
0.248
0.267
0.532
0.124
0.331
1.022
0.17
0.962
1.18
0.203
0.385
0.187
0.256
0.407
0.277
0.671
0.181
0.799
0.329
0.254
0.644
0.74
0.459
0.419
0.906
0.375
0.373
0.524
0.6
0.013
-0.02
0.447
0.728
0.738
0.169
0.407
0.404
0.205
0.774
0.654
0.162
0.333
0.452
1.063
0.127
0.639
0.927
0.685
1.086
0.294
0.511
0.341
0.463
0.189
0.884
0.15
0.294
0.197
0.303
0.271
0.926
0.396
0.632
0.476
0.639
1.065
0.408
0.293
0.4
0.811
0.786
0.118
0.868
0.903
0.544
0.224
0.826
0.576
0.105
0.305
0.542
0.75
0.186
1.111
0.422
0.394
0.296
0.267
0.669
0.522
0.666
0.192
0.288
0.491
0.872
0.754
0.358
0.189
0.556
0.332
0.932
0.432
0.505
0.721
0.686
0.479
0.309
0.163
0.336
0.391
1.039
0.823
0.535
0.811
0.08
0.083
0.722
0.521
0.699
0.148
0.395
0.488
0.272
0.663
0.914
0.787
0.273
1.232
0.503
0.333
0.345
0.841
0.763
0.497
1.037
0.641
0.469
0.393
1.045
0.553
0.73
0.127
0.895
0.328
0.259
0.17
0.858
0.648
0.226
0.661
0.456
0.135
0.893
0.705
0.754
0.816
0.457
0.161
0.884
0.704
0.779
0.184
0.254
0.586
0.877
0.586
0.677
0.712
0.157
0.127
0.385
1.095
0.155
0.579
0.432
0.95
0.307
0.656
1.137
0.489
0.534
0.719
0.193
0.19
0.082
0.414
0.39
0.335
0.483
0.398
0.753
0.862
0.267
0.849
0.688
0.238
0.504
0.723
0.833
1.026
0.763
0.18
0.623
0.658
0.32
0.372
0.157
0.329
0.197
0.36
0.542
0.946
0.624
0.32
0.904
1.156
0.185
0.373
0.853
1.104
0.415
0.297
0.954
0.442
0.217
0.952
1.001
0.677
0.215
0.262
0.212
0.654
0.35
0.337
0.359
0.651
0.427
0.177
0.759
0.893
0.316
0.233
0.254
0.43
0.587
0.343
0.432
0.354
0.984
0.659
0.155
0.756
0.104
0.642
0.593
0.451
0.616
0.453
0.272
0.488
0.954
0.36
1.05
0.954
0.406
0.176
0.147
0.489
0.164
0.326
0.771
0.279
0.233
0.311
0.168
0.244
0.218
0.839
0.783
0.867
0.641
0.349
0.224
0.823
0.609
0.673
0.056
0.498
0.86
0.272
0.836
0.348
0.587
0.318
0.256
0.832
0.417
0.979
0.217
0.125
0.692
0.173
0.384
0.703
0.548
0.223
0.702
0.079
0.18
0.46
0.314
0.42
0.467
0.307
0.151
0.24
0.414
0.308
0.984
0.427
0.621
0.283
0.151
0.328
0.795
0.154
0.776
0.66
0.897
0.563
0.945
0.776
0.249
0.475
0.24
0.107
0.336
0.128
0.222
0.103
0.7
0.489
0.733
0.072
0.818
0.635
0.524
0.489
0.128
0.826
0.563
0.625
0.775
0.544
0.25
0.33
0.51
0.132
0.563
0.626
0.191
1.093
0.274
0.47
0.582
0.126
1.11
0.282
0.236
0.42
0.307
0.34
0.448
0.388
0.135
0.848
0.148
0.171
0.302
0.582
0.972
0.471
0.227
0.432
0.634
0.435
0.319
0.912
1.082
0.841
1.112
0.528
0.109
0.515
0.548
0.732
0.349
0.43
0.204
0.386
0.332
0.939
0.301
0.081
0.933
0.138
0.902
0.343
0.658
0.156
0.218
0.371
0.866
0.729
0.485
0.635
1.069
0.288
0.274
0.912
0.868
0.336
0.774
0.791
0.034
0.536
0.29
0.357
0.55
0.927
0.384
0.316
0.863
0.674
0.904
0.217
0.402
0.296
0.404
0.663
1.097
0.508
0.586
0.157
0.185
0.155
0.321
1.017
0.119
0.415
0.873
0.577
0.512
0.379
0.263
0.1
0.717
0.148
0.655
0.307
0.67
0.052
0.333
0.18
0.323
0.175
1.096
0.931
0.425
0.315
1.103
0.535
0.926
0.535
0.652
0.475
0.72
0.477
0.351
0.729
0.047
0.658
0.414
0.245
0.3
0.784
0.199
0.37
0.188
0.964
0.303
0.56
0.911
1.09
0.427
0.146
0.139
1.004
0.886
0.306
0.77
0.768
0.435
0.185
0.282
0.161
0.584
0.751
0.202
0.258
0.759
0.883
1.024
0.119
0.423
0.448
0.776
0.102
0.904
0.476
0.692
0.799
0.295
0.681
0.255
0.445
0.135
0.736
0.303
0.495
0.201
0.31
0.708
0.594
0.634
1.042
0.992
0.947
0.42
0.56
0.58
0.123
0.076
0.407
0.331
0.849
1.014
0.315
0.27
0.981
0.505
0.753
0.553
1.004
0.521
-0.001
0.515
0.206
0.754
0.05
0.125
0.178
0.214
0.246
0.911
0.773
0.603
0.597
0.705
0.631
0.51
0.956
0.867
0.704
0.155
0.702
0.392
0.835
0.164
1.005
0.643
0.695
0.49
0.394
0.491
1.0
0.669
0.89
0.971
0.131
0.221
0.209
0.768
0.146
0.315
0.265
0.291
1.02
0.481
0.22
1.027
0.151
0.747
0.528
0.926
0.37
0.898
0.337
0.621
0.292
0.434
0.12
0.078
1.083
0.482
0.344
0.086
0.97
0.283
1.013
0.812
0.914
1.011
0.531
0.172
0.401
0.055
0.356
0.88
0.351
0.45
0.819
0.768
0.295
0.636
0.181
0.462
0.159
0.247
0.203
0.225
0.28
0.344
0.087
0.147
0.21
0.222
0.82
0.505
0.481
0.341
0.378
0.825
0.14
0.776
0.109
0.751
0.156
0.249
0.534
0.416
0.48
0.953
0.991
0.912
0.341
0.458
0.823
0.247
0.68
0.621
0.812
0.227
1.232
0.661
0.336
0.933
0.403
0.369
0.822
1.06
0.477
0.553
0.828
0.592
0.502
0.64
0.587
1.016
0.951
0.253
0.65
0.339
0.241
0.725
0.225
0.211
0.205
0.053
0.995
0.663
0.822
0.392
0.69
1.14
0.392
0.194
0.745
0.275
0.119
0.229
0.465
0.525
0.16
0.327
0.68
0.268
0.176
0.386
0.595
0.748
0.587
0.918
0.14
0.287
1.04
0.839
0.541
0.257
0.122
0.595
0.659
0.241
0.69
0.794
0.674
0.735
0.531
0.744
0.773
0.383
0.32
0.993
0.402
1.129
0.089
0.295
0.433
0.346
0.244
0.477
0.135
0.173
0.319
0.062
0.269
0.515
0.521
1.035
0.823
0.374
0.645
0.86
0.75
0.718
0.573
0.497
0.895
0.302
0.343
0.402
0.373
0.667
0.74
0.247
0.138
0.555
0.349
0.329
0.399
0.528
0.609
0.305
0.32
0.522
1.184
0.354
0.858
0.323
0.895
0.512
0.905
0.758
0.756
0.463
0.191
1.147
0.33
0.156
0.818
0.155
0.401
0.666
0.913
0.991
0.198
0.438
0.368
0.388
0.904
0.17
1.147
0.503
0.927
0.317
0.412
0.703
0.368
0.214
0.809
1.074
0.129
0.541
0.566
0.818
0.254
0.433
0.152
0.217
0.522
0.392
0.549
0.183
0.259
0.786
0.26
0.562
0.275
0.452
0.146
0.203
0.666
0.251
0.191
0.272
0.168
0.763
0.233
0.241
0.946
0.007
0.403
0.451
0.622
0.346
0.898
0.275
0.564
0.565
0.503
0.755
1.2
0.532
0.924
0.496
0.687
0.126
0.662
0.282
0.418
0.014
0.783
0.109
0.298
0.159
0.419
0.846
0.273
0.325
0.626
0.478
0.334
0.867
0.233
0.356
0.632
0.551
0.78
0.139
0.472
0.334
0.13
0.778
0.31
0.037
0.976
0.82
0.366
0.213
0.447
0.319
-0.007
0.707
0.541
0.805
0.335
1.045
0.247
0.894
0.676
0.339
0.166
0.965
0.745
0.201
0.317
0.152
0.914
0.564
0.247
1.117
0.42
0.261
0.775
0.744
0.687
0.259
0.512
0.245
0.166
0.32
0.568
0.468
0.547
1.09
0.88
0.228
0.24
0.202
0.85
0.401
0.329
0.274
0.344
0.375
0.873
0.345
0.916
0.769
0.402
0.669
0.777
0.264
0.704
0.73
0.772
1.086
1.129
0.108
0.428
0.745
0.381
0.862
0.128
0.695
0.153
0.892
0.427
0.865
0.66
0.176
0.819
0.977
0.296
0.125
0.896
0.181
0.32
0.691
0.162
0.684
0.421
0.287
0.028
0.446
0.353
1.108
0.444
0.474
0.361
0.131
0.653
0.732
0.412
0.09
1.166
0.357
0.873
0.572
0.702
0.173
0.666
0.633
0.189
0.132
0.557
0.087
1.078
0.402
0.892
0.886
0.708
0.257
0.748
0.654
0.154
1.175
0.104
0.554
0.415
0.383
0.363
0.048
0.059
0.203
0.869
0.498
0.75
0.115
0.36
1.237
0.458
0.174
0.58
0.305
0.245
0.647
0.215
0.91
0.817
0.685
0.88
0.107
0.347
0.716
0.267
0.522
0.709
0.855
0.457
0.423
0.931
0.291
0.355
0.466
0.805
0.873
0.599
0.257
0.57
0.701
0.991
0.111
0.893
0.809
0.606
0.812
0.35
0.426
0.207
0.981
0.872
0.827
0.338
0.509
0.839
1.025
0.317
1.128
0.172
0.917
0.803
0.383
0.247
0.124
0.603
0.65
0.774
0.221
0.141
0.593
0.249
0.345
1.004
0.383
0.783
0.271
0.821
0.279
0.162
0.218
0.164
0.853
0.423
0.755
0.517
1.005
0.139
0.673
0.253
0.889
0.814
0.176
0.967
0.296
0.218
0.198
0.26
0.168
0.468
0.561
0.865
0.842
0.508
0.763
0.802
0.927
0.093
0.469
0.604
0.173
0.579
0.492
0.661
0.304
0.078
0.323
0.139
0.494
0.855
0.285
0.27
0.492
0.835
0.086
0.432
0.501
0.443
0.266
0.257
0.011
0.538
0.336
0.229
0.296
1.062
0.269
0.505
0.296
0.133
0.787
1.007
0.229
0.866
0.231
0.795
0.317
0.437
0.348
0.206
0.44
0.193
0.943
0.929
0.876
0.125
0.572
0.362
0.324
0.079
0.635
0.278
0.394
0.945
0.746
0.789
0.414
0.173
0.399
0.255
0.345
0.505
0.514
0.779
0.359
0.742
0.61
0.389
0.157
0.85
0.782
1.013
0.759
0.233
0.425
0.954
0.764
0.686
0.329
0.17
0.28
0.008
0.286
0.432
0.446
0.684
0.487
1.029
0.784
0.774
0.261
0.528
0.337
0.125
0.644
0.881
0.948
0.715
0.888
0.408
0.274
0.318
0.028
0.246
1.034
0.931
0.805
0.253
0.295
0.619
0.878
0.392
0.334
0.473
0.894
0.653
0.555
0.373
0.736
0.424
0.536
0.267
0.403
0.583
0.647
0.768
0.629
0.332
0.148
0.834
0.193
0.264
0.565
0.809
1.109
0.222
0.042
0.233
0.208
0.474
0.608
0.337
0.224
0.895
0.386
0.297
0.359
1.15
0.146
0.72
0.703
0.603
1.15
0.354
0.268
0.589
0.317
0.264
0.552
0.192
0.33
0.39
0.551
1.119
0.217
0.85
0.776
0.679
0.144
0.493
0.158
0.445
0.398
0.367
0.128
1.079
0.426
0.586
0.161
0.343
0.568
0.488
0.677
0.276
0.732
0.32
0.049
0.719
0.281
0.755
0.804
0.69
0.38
0.952
0.624
0.77
0.366
0.871
0.072
0.178
0.273
0.322
0.813
0.294
0.159
0.958
0.139
0.418
0.201
0.332
0.211
0.991
0.548
0.605
0.524
0.389
0.839
0.256
1.083
1.175
0.111
0.311
0.649
0.798
0.565
0.733
0.498
1.104
1.225
0.664
0.614
0.19
0.238
0.772
1.336
0.823
0.146
0.428
0.304
0.465
0.791
0.978
0.291
0.441
0.677
0.232
0.568
0.744
0.368
0.308
0.317
0.3
0.318
0.205
0.536
0.886
0.842
0.544
0.534
0.366
0.499
0.49
0.67
0.163
0.279
0.461
0.813
0.22
0.407
0.801
0.765
0.14
0.577
0.897
0.413
0.109
0.428
0.728
0.627
0.368
0.345
1.011
0.35
0.684
0.807
0.654
0.249
0.152
0.682
0.455
1.002
0.437
0.332
0.166
0.693
0.781
0.624
0.24
0.855
0.716
0.483
0.972
0.413
0.407
0.222
0.532
0.344
0.302
0.064
0.837
0.309
0.14
0.39
0.303
0.157
0.554
1.112
0.616
0.159
1.014
0.675
0.839
0.38
0.098
0.78
0.326
0.374
0.525
0.873
0.819
0.325
0.326
0.249
0.424
0.579
0.436
0.128
0.719
0.451
0.299
0.296
0.137
0.583
0.331
1.029
0.741
0.741
0.122
1.007
0.432
0.273
0.894
0.719
0.448
0.464
0.416
0.918
0.805
0.772
0.424
0.699
1.011
0.499
0.234
0.428
0.595
0.809
0.733
0.567
0.905
0.226
0.646
0.577
0.095
0.521
0.452
0.703
0.259
0.416
0.72
0.95
0.935
0.98
0.564
0.383
0.185
0.173
0.754
0.341
0.36
0.122
0.292
0.28
0.221
0.218
1.02
0.425
0.324
0.836
0.224
0.363
0.179
0.107
0.563
1.025
0.428
0.317
0.226
1.066
0.342
0.51
0.729
0.433
0.897
0.726
0.309
0.43
0.16
0.146
0.62
0.768
0.525
0.42
0.125
1.057
0.344
0.731
0.138
0.207
1.045
0.867
0.869
0.655
0.95
0.779
0.205
0.66
0.243
0.601
0.405
0.53
0.474
0.466
0.375
0.753
0.567
0.621
0.658
0.175
0.213
0.65
0.591
0.404
0.196
0.841
0.044
0.172
0.199
0.375
1.212
0.195
0.745
0.43
0.389
0.368
0.264
0.832
0.851
0.374
0.538
0.308
0.138
0.28
0.665
0.306
0.703
1.016
0.334
0.412
0.851
0.694
1.02
0.845
0.136
0.535
0.694
0.15
0.123
0.252
0.527
0.332
0.217
1.231
0.871
0.753
0.473
0.848
0.984
0.133
0.666
0.507
0.385
0.297
0.622
0.854
0.793
0.698
0.483
0.334
1.071
0.469
0.317
1.021
0.783
0.262
0.901
0.982
0.397
0.266
0.691
0.33
0.478
0.357
0.205
0.764
0.146
0.123
0.14
0.664
0.553
0.758
0.621
0.35
0.639
0.124
0.988
0.552
0.39
0.24
0.252
0.194
0.192
0.257
0.274
0.322
1.106
0.081
0.343
0.554
0.1
0.559
0.995
0.134
0.958
0.23
0.234
0.212
0.84
0.214
0.596
0.848
0.527
0.598
0.531
0.12
1.01
0.444
0.874
0.822
1.085
0.345
0.274
0.26
0.662
0.345
0.701
0.502
0.143
1.032
0.995
0.474
0.309
-0.003
0.484
0.876
0.143
1.031
0.168
0.465
1.085
0.967
0.097
0.29
0.348
1.056
0.319
0.108
0.264
0.854
0.982
0.795
0.406
0.562
0.864
0.14
0.312
0.261
0.308
0.764
0.807
0.691
0.57
0.684
0.369
0.404
0.1
0.079
0.357
0.543
0.514
0.422
0.271
1.002
0.163
0.726
1.078
0.83
1.136
0.602
0.643
0.425
0.268
0.283
0.187
0.191
0.333
0.218
0.913
0.98
0.402
0.526
0.196
0.565
0.128
0.44
0.971
1.004
0.316
0.816
0.043
0.662
0.255
0.498
0.347
0.69
0.514
0.428
0.786
0.212
0.392
0.508
0.417
0.395
0.63
0.426
0.938
0.969
0.904
0.879
1.093
0.433
0.696
0.671
0.239
1.155
0.44
0.335
0.735
0.332
0.55
0.99
0.238
0.154
0.825
0.705
0.764
0.252
0.167
0.165
1.048
0.197
0.692
0.541
0.841
0.526
0.968
0.609
1.101
0.1
0.29
0.789
0.427
0.266
0.552
0.578
0.248
0.328
0.296
0.116
0.202
0.65
0.529
0.417
0.613
0.406
0.133
0.678
0.177
0.657
0.88
0.186
0.128
0.227
1.044
0.304
0.898
0.236
0.89
0.235
1.129
0.479
0.845
0.535
0.385
0.567
0.848
0.223
0.175
0.607
0.994
0.348
0.204
0.331
0.752
0.979
0.139
0.433
0.581
0.646
0.957
0.402
0.796
0.287
1.04
0.306
0.687
0.428
0.698
0.057
0.065
0.182
1.018
0.364
0.095
0.147
0.217
0.672
0.323
1.01
0.303
0.237
0.64
0.735
1.304
0.737
0.857
1.204
0.556
0.141
0.167
0.611
0.3
0.243
0.959
0.383
0.334
1.111
0.137
0.571
0.271
0.337
0.46
0.845
0.471
0.203
0.713
0.189
0.883
0.861
0.515
0.302
0.796
0.331
0.622
0.549
0.476
0.266
0.495
0.978
0.697
0.28
0.455
0.206
0.385
0.188
0.87
0.7
0.33
1.096
0.684
0.745
1.021
0.65
0.57
0.186
1.06
0.765
0.776
0.993
0.285
0.519
0.653
0.194
0.268
0.286
0.144
0.785
0.889
0.632
0.224
0.998
0.981
0.301
-0.003
0.813
1.072
0.828
0.715
0.256
0.405
0.752
0.217
0.45
0.125
0.101
0.273
0.387
0.211
0.98
0.241
0.213
0.11
0.971
0.303
0.411
0.219
0.788
0.295
0.994
0.272
0.185
0.221
0.593
0.4
0.239
0.16
0.359
0.203
0.518
0.716
0.475
0.325
0.282
0.884
0.176
0.31
0.355
0.48
0.856
0.55
0.711
0.967
0.578
0.794
0.175
0.389
0.687
1.076
0.113
0.274
0.183
0.517
0.504
0.046
0.702
0.165
0.826
0.766
0.174
0.306
0.608
0.246
0.833
0.309
0.344
0.884
0.648
0.587
0.286
0.9
0.964
0.76
0.6
0.662
0.506
0.111
0.701
0.509
0.3
0.341
0.458
0.277
0.322
0.357
0.026
0.195
0.553
0.244
0.21
0.844
0.809
0.629
0.193
0.18
0.225
0.232
0.192
0.866
0.588
0.058
0.682
0.223
0.235
0.519
0.639
0.676
0.603
0.46
0.454
0.818
0.804
0.871
0.786
0.97
1.045
0.165
0.502
0.139
0.799
0.656
0.775
0.541
0.299
0.068
0.956
0.986
0.255
0.325
0.258
0.53
0.048
0.192
0.127
1.115
0.155
0.897
0.623
0.665
0.699
0.549
0.012
1.137
0.531
0.172
0.219
0.718
0.222
0.052
0.339
0.352
0.682
0.78
0.886
0.291
0.273
0.954
0.527
0.802
0.799
0.383
0.319
0.933
0.661
0.284
0.665
0.616
0.956
0.528
0.244
0.364
0.187
0.801
1.245
0.347
0.69
0.398
0.65
0.738
0.225
0.686
0.324
0.206
0.303
0.33
0.626
0.218
0.196
0.327
0.593
0.695
0.302
0.432
0.491
0.531
0.241
0.384
0.07
0.659
0.251
0.272
0.602
1.033
0.761
0.479
0.327
0.335
0.616
0.313
0.655
0.641
0.817
0.065
0.54
0.749
0.276
0.747
0.619
1.0
0.197
0.259
0.744
1.084
0.364
0.216
0.629
0.269
0.673
0.167
0.699
0.074
0.78
0.806
0.828
0.234
0.262
0.058
0.147
0.844
0.589
0.245
0.921
0.624
0.34
0.272
0.873
0.779
0.266
0.312
0.428
0.241
0.848
0.316
1.032
0.058
0.2
0.282
0.685
0.134
0.364
0.611
0.381
0.381
0.869
0.776
0.323
0.8
0.405
0.647
0.621
0.212
0.401
0.655
0.317
0.174
0.744
0.389
0.292
0.141
0.407
0.39
0.237
0.527
0.819
0.997
0.334
0.301
0.465
0.24
0.999
0.196
0.648
0.339
0.699
0.309
0.945
0.246
0.346
0.685
0.501
0.398
0.288
0.994
0.376
0.073
0.113
0.907
0.121
0.497
0.299
0.189
1.065
0.707
1.094
0.862
0.992
0.46
0.394
1.016
0.409
0.237
0.22
0.377
0.731
0.287
0.176
0.681
0.402
0.111
0.689
0.845
0.83
0.757
0.042
0.618
0.242
0.366
0.365
0.279
0.022
0.755
-0.022
0.332
0.532
0.894
0.793
0.226
0.949
0.482
0.548
0.528
0.198
0.09
0.184
0.665
0.86
0.211
0.359
0.665
0.25
0.105
0.363
0.584
0.163
0.357
0.535
0.966
0.302
0.957
0.455
0.329
0.628
0.137
0.728
0.947
0.223
0.082
0.368
0.894
0.243
0.889
0.877
0.217
0.213
0.942
0.921
0.048
0.949
0.714
0.721
0.261
0.092
0.335
0.374
0.212
0.154
0.701
0.416
0.361
0.744
0.038
0.984
0.078
0.918
0.974
0.29
0.296
0.879
0.725
0.211
0.789
0.411
0.321
0.911
0.281
1.02
0.749
0.678
0.252
0.726
0.207
0.243
0.253
0.138
0.735
0.513
0.634
0.504
0.12
0.993
0.186
0.23
0.269
0.73
0.238
0.385
0.232
0.365
0.652
0.886
0.81
0.246
0.217
0.631
0.802
0.795
0.13
0.989
0.866
0.378
0.494
0.684
0.193
0.604
0.718
0.677
0.371
0.102
0.064
0.394
0.551
0.339
0.527
0.026
0.141
0.269
0.644
0.249
0.872
0.97
0.195
0.403
0.954
0.297
0.336
0.238
0.246
0.234
0.677
0.742
0.836
0.76
0.648
0.496
0.984
0.372
0.229
0.11
0.334
0.672
0.465
0.459
0.533
0.25
0.174
0.632
0.222
0.832
0.347
0.665
0.65
0.949
0.993
0.139
0.354
0.539
0.323
0.661
0.803
0.243
0.349
0.802
0.801
0.229
0.247
0.358
0.655
0.409
0.266
0.812
0.852
0.861
0.649
0.055
0.474
0.722
1.009
0.178
0.256
0.418
0.928
0.17
1.125
0.82
0.225
0.28
0.185
0.415
0.125
0.801
0.148
1.145
0.657
0.495
0.416
1.103
0.04
0.182
0.436
0.989
0.884
0.153
0.303
0.255
0.205
0.331
0.235
0.32
0.659
0.098
0.426
1.02
0.065
0.76
0.822
0.155
0.825
0.166
0.666
1.086
0.377
0.875
0.351
0.207
0.402
0.066
0.505
0.79
0.845
0.945
0.215
0.115
0.805
1.219
0.146
0.766
0.342
0.335
0.843
0.302
0.291
0.634
0.841
0.401
0.451
0.555
0.564
0.314
0.605
0.544
0.455
0.435
0.665
0.145
0.209
0.304
0.288
0.603
0.72
0.684
1.003
0.724
0.798
0.913
0.163
0.48
0.437
0.627
1.136
0.38
0.62
0.289
0.327
0.879
0.813
0.291
0.412
0.122
0.31
0.308
0.943
0.632
0.783
1.047
0.239
0.38
1.115
0.808
0.518
0.347
0.173
0.475
0.253
0.302
0.893
0.187
0.044
0.405
0.309
0.77
0.811
0.373
0.216
0.339
0.117
0.674
0.452
0.36
0.508
0.345
0.325
0.312
0.297
0.814
0.211
0.285
0.833
0.184
0.727
0.201
0.308
0.667
0.092
0.313
0.339
0.761
0.244
0.543
0.462
0.525
0.351
0.284
0.586
0.904
0.358
0.864
0.472
0.305
0.829
0.106
0.26
0.109
0.99
0.485
1.072
0.636
0.366
0.169
0.277
0.009
0.575
0.207
0.261
0.59
0.589
0.29
0.632
0.222
0.801
0.764
0.265
0.19
0.851
0.539
0.215
0.26
0.742
0.156
0.182
0.929
0.629
0.793
0.605
0.875
1.017
0.482
0.369
0.225
0.965
0.547
0.565
0.49
0.649
0.389
0.495
0.793
0.586
0.287
0.709
0.901
0.129
0.922
0.433
0.437
0.284
0.358
0.221
0.617
0.458
0.495
0.493
0.335
0.912
0.21
0.099
0.886
0.284
0.405
0.072
0.429
0.816
0.787
0.142
0.019
0.703
0.912
0.131
0.233
0.751
0.37
0.673
0.683
0.726
0.292
0.819
0.849
0.686
0.289
0.146
0.726
0.959
0.449
0.957
0.631
0.678
0.782
0.638
1.095
0.575
0.661
0.904
0.173
0.867
0.481
0.009
0.216
0.607
0.055
0.864
0.195
0.301
0.743
0.154
0.399
0.864
0.614
0.524
0.687
0.268
0.283
0.845
0.124
0.892
0.501
0.381
0.345
0.916
0.009
0.288
0.509
0.714
0.33
0.371
1.002
0.338
0.098
0.714
0.144
0.875
0.253
0.239
0.813
0.586
0.167
0.127
1.21
0.502
0.867
1.08
1.018
0.568
0.285
0.168
0.243
0.511
0.25
0.706
0.945
0.655
1.027
0.189
0.575
0.183
0.302
0.59
0.239
0.386
0.339
0.665
0.473
0.278
0.03
0.6
0.875
0.2
0.311
0.619
0.796
0.329
0.23
0.402
1.009
0.155
0.397
0.518
0.487
0.201
0.179
0.898
0.302
0.168
0.917
0.357
0.138
0.739
0.257
0.36
0.322
0.181
0.252
1.078
0.091
0.705
0.297
0.412
0.311
0.212
0.767
0.694
0.118
0.529
0.04
0.704
0.292
0.243
0.998
0.686
0.915
0.303
0.745
0.475
0.782
0.398
0.861
0.934
0.519
0.238
0.037
0.197
0.48
0.79
0.466
0.272
0.325
0.545
0.567
0.906
0.759
0.914
0.364
0.924
0.444
0.447
0.686
0.949
0.193
0.602
0.266
1.02
0.412
0.776
0.08
0.615
0.13
0.163
0.31
0.829
0.933
0.476
0.295
0.574
0.24
0.511
0.93
0.371
0.237
0.139
0.79
0.302
0.12
0.594
0.38
0.241
0.319
0.195
0.19
0.381
0.204
0.906
0.27
0.292
0.441
0.26
0.083
0.177
0.247
0.684
0.392
0.502
0.446
0.281
0.258
0.577
1.036
0.273
0.277
1.009
0.397
0.419
0.439
0.787
1.005
0.792
0.806
0.789
0.918
0.854
0.876
0.373
0.258
0.275
0.078
0.086
0.873
0.277
1.0
0.215
0.622
0.898
0.975
0.606
0.154
0.171
0.223
1.025
0.379
0.311
0.68
0.805
0.395
0.541
0.25
0.778
0.821
0.177
0.652
0.591
0.989
0.195
0.917
0.758
0.653
1.048
0.116
0.068
0.545
0.777
0.623
0.626
0.571
0.462
0.369
0.769
1.112
0.301
0.999
0.667
0.908
0.342
0.615
0.697
0.333
0.546
0.331
0.496
0.452
0.332
0.037
0.71
0.718
0.215
0.52
0.369
0.878
0.3
0.299
0.657
0.177
0.298
0.493
0.16
0.244
0.432
0.535
0.408
0.791
0.969
0.233
0.334
0.977
0.92
0.727
0.735
0.606
0.119
0.462
0.727
0.712
0.119
0.255
0.315
0.861
1.103
0.318
0.295
0.376
0.839
0.804
0.89
0.736
0.752
0.676
0.131
0.18
0.209
0.841
0.079
0.955
0.334
0.316
0.366
0.638
0.825
0.92
0.364
0.112
0.3
0.75
0.27
0.096
0.585
0.381
0.329
0.282
0.264
0.711
1.004
1.026
0.107
0.289
0.833
0.915
0.64
0.442
0.395
0.298
0.554
0.12
0.124
0.026
0.214
0.908
0.931
0.271
0.159
0.812
0.12
0.294
0.229
0.443
1.22
0.323
0.445
0.535
0.338
0.378
0.739
0.213
0.353
0.25
0.245
0.277
0.219
0.558
0.685
0.166
0.182
0.322
0.367
0.173
0.274
0.775
0.831
0.61
0.167
0.854
1.265
0.594
0.44
0.811
0.743
0.364
1.057
0.478
0.644
0.649
0.141
0.902
0.267
0.251
0.367
0.839
0.276
0.145
0.425
0.241
0.494
0.709
0.831
0.495
0.734
0.419
0.261
0.292
0.326
0.415
0.598
0.37
0.743
0.486
0.357
0.356
0.807
0.382
0.364
0.236
0.406
0.517
0.306
0.451
0.306
0.939
1.029
0.286
0.861
1.08
0.303
0.849
0.367
0.068
0.855
0.399
0.489
0.594
0.843
0.416
0.977
0.236
0.426
0.813
0.612
0.154
1.22
0.092
0.867
0.558
0.146
0.362
0.382
0.155
0.774
0.444
0.219
0.894
0.913
0.146
0.313
0.328
0.299
0.464
0.268
0.458
0.542
0.41
0.386
0.835
0.959
0.626
0.834
0.685
0.84
0.129
0.508
0.277
0.076
0.761
0.555
0.593
0.446
0.228
0.792
0.304
0.924
0.141
0.88
0.29
0.506
0.739
0.181
0.37
0.76
0.468
0.341
0.615
0.27
0.308
0.807
0.755
0.579
1.113
0.247
0.264
0.414
0.429
0.787
0.162
0.28
0.524
0.303
0.349
0.282
1.048
0.799
0.379
0.406
0.619
0.397
0.899
0.777
0.807
0.911
0.82
0.343
0.618
0.523
0.277
-0.048
0.158
0.328
0.112
0.235
0.475
0.175
0.479
0.286
0.589
0.531
0.527
0.345
0.825
0.325
0.722
0.169
0.308
0.785
0.592
0.258
0.207
0.566
1.021
1.207
0.299
0.801
0.293
0.473
0.458
0.857
0.217
0.21
0.152
0.818
0.35
1.061
0.693
0.584
0.955
0.941
0.454
0.405
0.191
0.428
0.669
0.92
1.086
0.905
0.425
0.413
0.494
0.375
0.603
0.296
0.936
0.504
0.005
1.009
0.307
0.32
0.696
0.987
0.967
0.392
1.018
0.838
0.518
1.119
0.156
0.307
0.978
0.87
0.619
1.043
0.12
0.486
0.246
0.249
0.454
0.18
0.269
0.151
1.099
0.364
0.293
0.266
0.966
0.268
0.929
0.472
0.195
0.492
0.638
0.192
0.492
0.536
1.063
0.224
0.121
0.646
0.375
0.425
0.44
0.823
0.514
1.033
0.268
0.398
0.762
0.263
0.931
0.99
0.681
0.218
0.79
0.218
0.701
0.109
0.251
0.28
0.819
0.504
0.504
0.085
0.525
0.188
0.82
0.23
1.105
0.732
0.53
0.134
0.796
0.105
0.249
0.298
0.489
1.024
0.036
0.093
0.607
0.311
0.294
0.178
0.831
0.515
0.213
0.237
0.298
0.423
0.87
0.266
0.072
0.655
0.761
0.623
0.175
0.413
0.829
0.774
0.292
0.405
0.315
0.136
0.193
0.398
0.754
0.854
0.04
0.688
0.863
0.295
0.861
0.119
1.017
0.224
1.029
0.943
0.048
0.301
0.819
1.02
0.836
0.316
0.054
0.201
0.533
0.438
0.378
0.768
0.554
0.12
0.33
0.843
0.463
0.639
0.799
0.434
0.253
0.433
0.709
0.169
0.609
0.67
0.105
0.219
0.389
0.634
0.627
0.721
0.723
0.256
0.287
0.945
0.186
0.114
0.176
0.463
0.17
0.301
0.916
0.988
0.221
0.753
0.438
0.143
0.587
0.206
0.775
0.304
0.939
0.217
0.877
0.842
0.629
1.18
0.895
0.51
0.292
0.251
0.903
0.319
0.714
0.609
0.218
0.389
0.384
0.27
0.987
0.377
0.3
0.303
0.543
0.402
0.21
0.264
0.532
0.576
0.206
0.847
0.716
0.236
0.816
0.241
0.078
0.588
0.834
0.513
0.29
0.243
0.509
0.277
1.081
0.687
0.853
0.249
0.482
0.767
0.317
0.753
0.353
0.406
0.799
0.572
0.663
0.798
0.676
0.32
1.025
0.132
0.681
1.029
0.591
0.143
1.149
0.752
0.275
0.362
0.784
0.567
0.525
0.459
0.605
0.356
0.23
0.728
1.071
0.28
0.527
0.306
0.793
0.766
0.011
0.257
0.16
0.215
0.389
0.598
0.782
0.574
0.032
0.505
0.841
0.287
0.527
0.954
0.796
0.032
0.316
0.319
0.172
0.839
0.566
0.525
0.82
0.388
0.624
0.644
0.335
0.843
0.316
0.5
0.437
0.718
1.035
0.272
0.798
1.027
0.874
0.13
0.139
0.468
1.188
0.363
0.004
0.165
0.034
1.005
0.228
0.653
0.275
0.947
0.413
0.239
0.324
0.225
0.309
0.16
0.527
0.203
0.695
1.004
0.467
0.24
0.216
0.066
0.649
0.652
0.636
1.045
0.653
0.78
0.503
0.358
0.839
0.679
0.083
0.23
0.312
1.046
0.425
0.877
0.888
0.342
0.671
0.692
0.492
0.579
0.351
0.178
0.978
0.949
0.248
0.168
0.733
0.886
0.797
0.929
0.545
1.123
0.536
0.65
0.744
0.189
0.54
0.502
0.23
1.011
0.464
0.809
1.277
0.755
0.112
0.867
0.485
0.321
1.039
0.559
0.249
0.51
0.261
0.805
1.108
0.44
0.473
0.335
0.365
0.873
0.576
0.823
0.448
0.799
0.435
0.331
0.109
0.283
0.864
0.634
0.282
0.157
0.34
0.109
0.719
0.804
0.16
0.897
0.294
0.303
0.768
0.854
0.521
0.527
0.25
0.412
1.031
0.211
0.214
0.809
0.207
0.525
0.333
0.05
0.982
0.832
1.021
0.164
0.468
0.627
0.403
0.447
0.343
1.123
0.517
0.244
0.275
0.423
0.678
0.833
0.335
0.175
0.161
0.566
0.798
0.809
1.237
0.466
0.271
0.816
0.791
1.073
0.397
0.338
0.33
0.278
0.198
0.339
0.83
0.673
0.84
1.004
0.316
0.81
0.292
1.015
0.949
0.629
0.283
0.168
0.514
0.264
0.449
0.799
0.373
0.349
0.414
0.916
0.155
0.226
0.251
1.061
0.937
1.26
0.737
0.522
0.328
1.019
0.495
0.833
0.826
0.318
0.593
0.263
0.809
0.091
0.541
0.301
0.271
0.331
0.371
0.13
-0.081
0.503
0.987
0.231
0.674
0.198
0.351
1.065
0.685
0.964
1.076
0.609
0.352
0.175
0.397
0.469
0.448
0.525
0.405
1.02
0.839
0.541
0.903
0.092
0.396
0.171
0.404
0.331
0.627
0.792
0.429
0.831
0.621
0.388
1.138
0.652
0.095
0.135
0.94
0.414
0.656
0.904
0.586
0.272
0.508
0.969
0.669
0.413
1.016
0.783
0.394
0.161
0.763
0.232
0.111
0.373
0.622
0.742
0.615
0.298
0.499
0.531
0.101
0.394
0.263
0.921
0.197
0.985
0.49
0.332
0.045
0.125
0.847
0.499
0.239
0.743
0.324
0.767
0.74
0.276
0.232
0.843
0.49
0.529
0.776
0.932
0.651
0.828
0.093
0.231
0.851
0.336
0.426
0.683
0.715
0.572
0.765
0.051
0.151
0.768
0.117
0.424
0.497
0.23
0.683
0.715
0.16
0.538
0.556
0.179
0.252
0.64
0.7
0.727
0.553
0.625
0.378
0.301
0.395
0.314
0.334
0.829
0.368
1.018
0.658
1.022
0.76
1.052
0.877
1.044
0.674
0.309
0.959
0.564
0.883
0.539
0.507
0.234
0.122
0.466
0.298
0.543
0.171
0.447
0.564
1.18
0.6
0.814
0.372
0.782
0.205
0.425
0.298
0.139
0.336
0.096
0.855
0.244
0.202
0.48
0.663
0.264
0.898
0.873
0.691
0.403
1.02
0.267
0.217
0.989
0.543
0.991
0.382
0.747
0.945
0.842
0.898
0.639
1.127
0.276
0.743
0.153
0.417
0.487
1.181
0.725
0.977
1.014
0.109
0.26
0.568
0.184
0.464
1.061
0.419
0.53
0.85
0.119
0.612
0.665
0.492
0.342
0.176
0.378
0.198
0.918
0.557
0.913
0.878
0.784
0.727
1.066
0.335
0.195
0.177
0.317
0.385
0.461
0.882
0.868
1.213
0.239
0.597
0.318
0.947
0.855
1.084
0.309
0.317
0.771
0.569
0.932
0.465
0.538
1.052
0.162
0.776
0.357
0.327
0.677
0.36
0.136
0.613
0.302
1.058
0.653
0.94
0.162
0.418
0.391
1.12
0.192
0.332
0.837
0.31
0.384
0.231
0.452
0.115
0.489
0.797
0.858
0.255
0.506
0.253
0.216
0.164
0.879
0.858
0.892
0.841
0.407
0.535
0.945
0.167
0.865
0.887
0.773
0.412
0.276
0.206
0.392
0.245
0.196
0.541
0.508
0.485
0.136
1.145
0.144
0.409
0.795
0.512
0.252
0.719
0.644
0.23
0.941
0.865
0.3
0.409
0.175
0.201
0.352
0.888
0.108
0.285
0.725
0.817
0.267
0.191
0.672
0.458
1.022
0.306
0.171
0.087
0.535
0.498
0.378
0.352
0.298
0.715
0.623
0.913
0.292
0.478
1.128
0.471
0.324
0.342
0.814
0.669
0.152
0.315
0.485
0.262
0.959
0.38
0.919
0.422
0.185
0.21
0.77
0.766
0.24
0.219
0.163
0.57
0.624
0.283
0.562
0.229
0.209
0.29
0.92
0.498
1.067
1.008
0.917
0.356
0.921
0.149
0.184
0.964
0.34
0.924
0.951
0.447
0.952
0.691
0.196
0.887
0.257
0.878
0.407
0.141
0.581
0.274
0.958
0.383
1.09
0.301
0.62
0.516
0.281
0.934
0.201
0.437
0.803
0.218
0.375
0.393
0.282
0.694
0.17
0.133
0.742
0.35
0.394
0.983
0.384
0.162
0.113
0.349
0.195
0.6
0.501
0.574
1.101
0.247
0.097
0.448
0.167
0.022
1.069
0.515
0.305
0.165
0.255
0.629
0.304
0.955
0.673
0.465
0.572
0.31
0.28
0.718
0.428
0.542
0.444
0.587
0.868
0.088
0.036
0.716
0.593
0.305
0.415
0.594
0.251
0.219
0.447
0.838
0.368
0.116
0.099
0.198
0.87
0.511
0.407
0.678
0.451
0.456
0.202
1.085
0.304
0.57
0.262
0.448
1.093
0.516
0.402
0.881
0.511
0.217
0.603
0.223
0.908
0.216
0.293
0.242
0.816
0.285
0.353
0.804
0.619
0.159
0.426
0.836
0.391
0.231
0.397
0.645
0.298
0.439
0.443
0.341
0.886
0.327
0.312
0.24
0.349
0.223
0.426
0.179
0.375
0.319
0.452
0.16
0.726
0.498
0.533
1.069
0.914
0.476
0.884
0.268
0.247
1.056
0.166
0.112
0.061
1.036
0.695
0.799
0.18
0.151
0.211
0.501
0.842
0.799
0.72
0.447
0.375
0.835
0.442
0.719
1.002
0.325
0.711
0.341
0.787
0.367
0.324
0.628
0.674
0.994
0.497
0.695
0.538
1.175
0.324
0.939
0.798
0.776
0.405
0.25
0.607
0.926
0.345
0.196
0.336
0.332
0.501
0.445
0.208
0.363
0.665
0.569
0.492
0.997
0.368
0.988
0.581
0.3
0.198
0.343
0.717
0.825
0.401
0.427
0.309
0.393
0.918
0.394
0.31
0.239
0.871
0.749
0.646
0.632
0.388
0.501
0.659
0.3
0.726
0.289
0.207
0.65
0.386
0.312
0.408
0.352
0.58
0.185
0.368
0.845
0.217
0.258
0.267
0.498
0.569
0.894
0.76
0.097
0.636
0.204
0.556
0.589
0.946
0.991
1.097
0.248
0.709
0.232
0.591
1.009
0.239
0.54
0.838
0.76
0.599
0.284
0.569
0.298
0.332
0.784
0.018
0.386
0.86
0.256
0.694
-0.01
0.712
0.345
0.621
1.191
0.245
0.629
0.181
0.412
0.151
0.307
0.579
0.646
0.467
0.957
0.459
0.634
0.827
-0.018
0.137
0.458
0.201
0.813
0.503
0.748
0.788
0.248
0.559
0.137
0.566
0.411
0.359
0.221
1.085
0.215
0.321
1.032
0.622
0.641
0.525
0.239
0.542
0.211
0.346
0.633
0.341
0.542
1.014
1.081
0.826
0.854
0.185
1.075
0.623
0.211
1.051
0.246
0.46
1.008
0.496
0.86
0.376
0.483
0.695
0.082
0.098
0.409
0.563
0.044
0.736
0.447
0.359
0.543
0.133
0.773
0.296
0.154
0.986
0.131
0.72
0.938
0.527
0.182
0.753
0.189
0.46
0.273
0.706
0.176
0.107
0.146
0.975
0.188
0.565
0.523
0.429
0.804
0.659
1.169
0.479
0.752
0.171
0.516
0.422
0.597
0.162
0.461
0.398
0.316
0.276
1.062
0.494
0.26
0.431
1.025
0.346
0.132
0.411
0.371
0.074
0.941
0.4
0.151
0.94
0.512
0.311
1.185
1.131
1.187
0.696
0.362
0.306
0.272
0.784
0.105
0.247
0.266
0.397
0.197
0.413
1.063
0.329
0.533
0.816
0.253
0.246
0.88
0.225
0.544
0.971
0.793
0.775
1.025
0.927
0.481
0.342
0.372
0.399
0.179
0.359
0.259
0.955
0.83
0.304
0.087
0.16
0.057
0.264
0.581
1.129
0.265
0.954
0.496
0.146
0.31
0.283
0.398
0.282
0.678
0.397
0.361
0.294
0.919
0.166
0.102
0.842
0.265
0.956
0.801
0.538
0.719
0.192
0.498
0.801
0.117
0.194
0.862
0.45
0.478
0.559
0.406
0.102
0.508
0.656
0.55
0.42
0.725
0.191
0.435
0.198
0.905
0.384
0.308
0.268
0.238
0.92
0.067
0.08
0.243
0.671
0.551
0.468
0.516
0.646
0.801
0.663
0.879
0.501
0.919
0.699
0.466
0.802
0.633
0.712
0.23
0.971
0.422
0.192
0.354
0.183
0.424
0.389
1.032
1.068
0.449
0.397
0.24
0.581
0.576
0.736
0.551
0.066
1.008
0.926
0.296
0.508
1.019
0.539
0.631
0.855
0.911
0.409
1.126
0.937
0.242
0.193
0.126
1.127
1.033
0.927
1.161
0.328
0.543
0.968
0.705
0.464
0.299
0.05
0.819
0.623
0.394
0.467
0.213
0.378
0.245
0.947
0.923
0.507
0.407
1.114
0.99
0.847
0.887
0.565
0.417
0.433
0.771
0.757
0.709
0.233
0.612
0.407
0.411
0.986
0.848
0.566
0.586
0.549
1.073
0.467
0.082
0.145
0.171
0.452
0.29
0.937
0.82
0.406
0.317
0.452
0.319
0.793
0.785
0.734
0.354
0.643
0.759
0.334
0.467
0.54
0.713
0.52
0.694
0.428
0.236
0.332
0.545
0.174
0.469
0.399
0.523
0.705
0.908
0.336
0.89
0.373
0.801
0.179
0.134
0.398
0.6
0.615
1.155
0.771
0.688
1.029
0.291
0.712
0.583
0.768
0.597
0.717
0.618
0.711
0.6
0.453
0.182
0.48
0.468
0.711
0.986
0.636
0.317
0.26
0.932
0.635
0.702
0.333
0.307
0.748
0.683
0.323
0.372
1.032
0.164
1.025
0.608
0.827
0.336
0.184
0.442
0.331
0.634
0.528
0.422
0.71
0.767
0.319
0.5
0.253
0.508
0.302
1.121
0.478
0.364
0.867
1.026
0.3
0.507
0.196
0.183
0.301
0.898
0.161
0.305
0.973
1.014
0.853
0.311
0.044
0.661
0.103
0.634
0.1
0.791
0.82
0.203
0.335
0.202
0.244
0.074
0.856
1.17
0.208
0.326
1.104
0.253
0.514
0.445
0.933
0.727
0.71
0.301
0.197
0.616
0.319
0.131
0.807
0.185
0.978
0.241
0.368
1.238
0.197
0.955
0.324
0.808
0.827
0.758
1.033
0.444
0.289
0.316
0.982
1.166
0.673
0.709
0.696
0.202
0.473
0.151
0.334
1.025
0.234
0.295
0.192
0.341
0.275
0.111
0.236
0.218
0.477
0.387
0.343
0.447
1.018
0.68
0.52
1.135
0.832
0.606
0.532
0.672
0.584
0.893
0.505
0.572
0.978
0.269
0.417
1.004
0.409
0.153
0.609
0.583
0.535
0.731
0.523
0.716
0.658
0.152
0.186
0.726
0.261
0.352
0.46
0.336
0.235
0.459
0.668
0.145
0.235
0.753
0.32
0.584
1.101
0.063
0.572
0.912
0.941
0.484
0.982
0.372
0.165
0.377
0.459
0.604
0.692
0.298
0.725
0.937
0.607
0.958
0.853
0.307
0.707
0.826
0.589
0.192
0.563
0.312
0.575
0.313
0.374
0.307
0.685
1.125
0.578
0.205
1.076
0.136
0.538
0.045
0.396
0.228
0.224
0.353
0.27
0.237
0.391
0.205
0.049
0.79
0.804
0.777
0.655
0.074
0.38
0.267
0.554
0.952
0.209
0.551
0.475
0.115
0.623
0.286
0.084
1.017
0.47
0.414
0.255
0.762
0.376
0.234
0.984
0.62
0.506
0.431
0.535
0.087
0.785
0.238
0.167
0.268
0.704
0.947
0.765
0.832
0.952
0.516
0.685
0.623
0.332
0.891
0.444
0.302
0.346
0.938
0.89
0.159
0.908
0.507
0.286
0.326
0.319
0.667
0.351
0.814
0.238
0.192
0.692
0.304
0.167
1.292
0.235
0.128
0.184
0.107
0.189
0.352
0.294
0.864
0.598
0.846
0.506
1.197
0.692
1.059
0.219
0.218
0.814
0.382
0.34
0.726
0.523
0.117
0.596
0.311
0.166
0.655
0.088
0.731
0.756
0.466
0.315
0.443
0.156
0.059
0.109
0.16
0.797
0.545
0.391
1.047
0.241
0.8
0.474
0.635
0.411
0.962
0.697
0.259
0.076
0.36
0.593
0.304
1.153
0.747
0.297
0.76
0.917
1.241
0.928
0.687
0.562
0.73
0.33
0.229
0.263
0.667
0.718
0.177
0.288
0.95
0.321
0.185
0.316
0.784
0.882
0.409
0.93
0.677
0.445
0.114
0.27
1.083
0.576
0.968
0.271
0.282
0.272
0.118
0.462
0.335
0.32
0.404
0.549
0.591
0.781
0.474
0.286
0.653
0.489
0.349
0.764
0.755
0.464
0.983
0.3
0.46
0.24
0.651
0.309
0.423
1.02
0.209
0.292
0.213
1.055
0.265
0.514
0.202
0.345
0.312
0.148
1.017
0.73
0.357
0.076
0.694
1.1
1.086
0.581
0.439
0.369
0.313
0.269
0.345
0.982
0.047
0.916
1.086
0.387
0.391
0.17
0.814
0.178
0.104
1.065
0.951
0.195
0.307
0.45
0.644
0.822
0.685
0.87
0.32
0.84
1.093
0.432
0.489
0.289
0.153
0.325
0.725
0.289
0.152
0.368
0.347
0.234
0.157
0.375
0.397
0.472
0.797
0.959
0.23
0.848
0.418
0.708
0.321
0.212
0.423
0.246
0.589
1.178
0.522
0.501
0.59
0.609
0.557
0.284
0.935
0.632
0.651
0.084
0.072
0.355
0.928
0.357
0.379
0.309
0.92
0.876
0.513
0.858
0.453
0.74
0.939
0.617
0.673
0.737
0.322
0.661
0.313
0.113
0.241
0.879
0.192
0.451
0.61
0.2
1.005
0.245
0.493
0.611
0.165
0.381
0.12
0.507
1.064
0.577
0.251
0.435
0.411
0.927
0.445
0.829
0.226
1.188
0.466
-0.031
0.343
0.787
0.414
0.741
1.04
0.738
0.319
0.501
0.807
0.587
0.238
0.082
0.153
0.346
0.313
0.139
0.231
0.287
0.322
0.207
0.423
0.156
1.065
0.329
0.494
0.404
0.164
0.96
0.439
0.957
0.129
0.581
0.221
0.88
0.893
0.825
0.946
0.569
0.436
0.785
0.234
0.293
0.625
0.408
0.334
0.179
0.532
0.324
0.28
0.359
0.644
0.391
0.57
0.369
0.907
0.822
0.292
1.115
0.286
1.173
0.297
1.142
0.57
0.6
0.313
0.741
0.411
0.1
0.713
1.038
0.639
0.163
0.489
0.277
0.917
0.757
0.434
0.253
0.729
0.952
0.176
1.023
0.207
0.457
0.094
1.069
0.157
0.585
0.837
0.774
0.198
0.538
0.262
0.364
0.837
0.633
0.735
0.702
0.386
0.488
0.978
0.77
0.798
0.387
0.731
0.241
0.768
0.213
0.8
0.278
0.645
0.128
0.201
0.163
0.287
0.698
0.754
0.911
0.397
0.319
1.055
0.33
0.657
1.19
0.364
0.199
0.257
0.146
0.731
0.427
0.185
0.847
0.2
0.704
0.519
0.287
0.462
0.076
0.937
0.51
0.081
0.561
0.271
0.683
0.493
0.26
0.122
0.301
0.16
0.474
0.835
0.205
0.093
0.8
0.91
1.043
0.034
0.531
0.243
0.847
0.929
0.605
0.254
0.083
0.353
0.187
0.474
0.811
0.498
0.768
0.731
0.511
0.205
0.382
0.121
0.479
0.146
1.167
0.848
0.261
1.018
0.927
0.467
0.889
0.279
0.174
0.733
0.371
0.234
0.281
0.541
0.402
0.689
0.805
0.229
0.402
0.855
0.346
0.707
0.163
0.217
0.62
0.114
0.242
0.548
0.319
0.994
0.672
0.463
0.091
0.679
0.143
0.852
0.127
0.31
0.546
0.348
1.06
0.113
0.54
1.112
0.409
0.486
0.34
0.558
0.219
0.495
1.076
0.088
0.673
0.615
0.36
0.397
0.532
0.289
0.498
0.162
0.398
0.926
0.24
0.553
0.07
0.924
0.102
0.15
0.797
0.151
1.143
1.027
0.661
0.261
0.117
0.493
0.75
0.287
0.644
0.75
0.632
0.755
0.795
0.408
0.365
0.179
0.744
0.517
0.131
0.873
0.877
0.204
0.577
0.34
0.285
0.603
0.145
0.992
0.15
1.17
0.407
0.636
0.967
0.66
0.894
0.457
0.621
0.664
0.621
0.719
0.628
0.133
0.209
0.722
0.578
0.268
1.011
0.636
0.701
0.871
0.384
0.179
0.24
0.397
0.523
0.875
0.133
0.271
0.094
0.661
0.051
0.109
0.122
0.431
1.079
0.392
0.714
0.64
0.234
0.346
0.144
0.458
0.387
0.627
0.438
0.765
0.98
0.196
1.112
0.826
0.353
1.116
0.769
0.124
0.217
0.58
0.407
0.474
0.249
0.765
0.319
0.566
0.616
0.684
0.723
0.578
0.372
0.19
0.235
1.0
0.184
0.641
0.369
0.606
0.185
0.355
0.152
0.459
0.181
0.464
0.334
0.774
0.147
0.319
0.335
0.41
0.24
0.446
1.094
0.717
0.398
0.263
0.863
0.39
0.261
0.678
0.26
0.131
0.198
0.161
0.399
0.584
0.321
0.802
0.092
1.163
0.651
0.321
0.809
0.194
0.529
0.419
1.221
0.479
0.63
0.601
0.391
0.328
0.35
0.823
0.506
0.737
0.831
0.447
0.246
0.224
0.782
0.109
0.269
0.981
1.062
0.188
0.197
0.594
0.389
0.624
0.577
0.572
0.38
0.26
0.327
0.973
0.222
0.285
0.717
1.028
0.764
1.123
0.806
1.006
0.871
0.141
0.627
0.676
0.236
0.129
0.967
0.25
0.051
0.443
0.745
0.261
1.022
0.581
0.776
0.675
0.233
0.919
0.282
0.365
0.446
0.377
0.937
0.559
0.215
0.356
0.402
0.146
0.369
0.34
0.858
0.247
0.227
0.429
0.658
0.713
0.746
0.086
0.997
1.089
0.487
0.62
0.282
0.209
0.979
0.093
0.403
0.27
0.903
0.496
0.259
0.267
0.25
0.261
0.772
0.917
0.691
0.782
1.09
0.285
0.366
0.912
0.901
0.819
0.609
0.81
0.175
0.406
1.112
0.424
0.135
1.051
0.736
0.395
0.808
0.718
0.472
0.679
0.402
0.759
0.734
0.623
0.951
0.279
0.399
0.256
0.245
0.463
0.782
0.377
0.826
0.305
0.273
1.142
0.275
0.333
0.21
0.942
0.764
0.193
0.725
0.124
0.192
0.519
0.378
0.281
0.533
0.227
0.13
0.239
0.5
0.124
0.862
0.83
0.405
0.172
0.021
0.395
0.277
0.334
0.755
0.242
0.607
0.306
0.116
0.466
0.773
0.141
0.151
0.331
0.076
1.032
0.309
0.52
0.614
0.654
0.191
0.384
0.754
0.282
0.074
0.907
0.893
0.496
1.046
0.347
0.976
0.672
1.089
0.774
0.733
0.57
0.732
0.163
0.222
1.195
0.349
0.172
0.295
0.183
0.332
0.992
0.673
0.37
0.477
0.705
0.969
0.612
0.746
0.388
0.228
0.755
0.716
0.334
0.271
0.292
0.496
0.284
0.691
0.261
0.589
0.722
0.866
0.527
0.462
0.244
0.228
0.826
0.814
0.353
0.75
0.279
0.701
0.729
0.018
0.685
0.366
0.303
0.113
0.601
0.392
1.048
0.121
0.353
0.848
0.37
0.364
0.315
0.295
0.334
0.986
1.101
0.615
0.794
0.876
0.523
0.835
0.506
0.352
0.321
0.922
0.899
0.195
0.653
0.347
0.825
0.712
1.16
0.908
0.718
0.691
0.222
0.737
0.755
0.772
0.848
0.29
0.408
0.722
0.538
0.316
0.288
1.0
0.653
0.44
1.009
0.847
0.371
0.207
0.996
0.398
1.002
0.845
0.895
0.25
0.319
0.364
0.875
0.718
0.849
0.595
1.047
0.633
0.327
0.141
0.25
0.631
1.2
0.19
0.341
0.726
0.819
0.592
0.904
0.186
0.677
1.076
0.761
0.334
0.243
0.263
0.086
0.651
1.097
0.077
0.345
0.675
0.164
0.175
0.795
0.17
0.232
0.558
0.28
1.147
0.565
1.084
0.827
0.176
0.122
0.153
0.198
0.17
0.425
0.85
0.925
0.547
0.587
0.147
0.811
0.572
0.307
0.161
0.821
0.076
0.19
0.785
0.898
0.278
1.113
0.974
0.308
0.708
0.602
0.464
0.695
0.284
0.262
0.145
0.855
0.26
0.342
0.296
1.117
0.144
0.486
0.328
0.79
0.983
0.323
0.477
0.582
0.637
0.328
0.257
0.271
0.679
1.196
0.633
0.231
0.316
0.901
0.221
0.524
0.52
0.099
0.368
0.376
0.365
0.788
0.089
0.895
0.014
0.848
0.31
0.672
0.331
0.14
0.295
0.541
0.151
0.192
0.943
0.927
0.632
0.683
0.029
0.798
0.694
0.241
0.729
0.354
0.14
0.461
0.357
0.835
0.178
0.996
0.173
0.486
0.435
1.082
0.736
1.054
0.766
1.016
0.474
0.211
0.243
0.379
0.168
0.628
0.507
0.464
0.63
0.287
0.053
1.07
0.332
0.426
0.828
0.827
0.161
0.666
0.264
0.123
0.633
0.641
0.6
0.837
0.636
0.949
0.424
0.477
0.423
0.21
0.022
0.274
0.13
0.167
0.738
0.35
0.797
1.14
0.689
0.217
0.197
0.846
0.959
0.388
0.721
0.477
1.0
0.277
0.19
0.51
0.894
0.334
0.112
1.063
0.668
0.848
0.969
0.89
0.945
0.584
0.388
1.024
0.709
0.528
0.144
0.591
0.57
0.172
0.509
0.314
0.707
0.406
0.745
0.464
0.693
0.289
1.082
0.932
0.326
0.761
0.494
0.538
0.494
0.048
0.175
0.371
0.502
-0.033
0.85
1.007
0.573
0.572
0.158
0.435
1.032
0.211
0.341
0.512
0.63
0.663
0.226
0.811
0.189
0.971
0.297
0.438
0.457
0.302
0.41
0.112
0.435
0.275
0.938
0.57
0.166
0.338
0.94
0.297
0.154
0.734
0.631
0.765
0.92
0.271
0.958
0.138
0.629
0.235
0.547
0.675
1.039
0.272
0.583
0.464
0.408
0.249
0.811
0.039
0.435
0.836
0.524
0.806
0.082
0.279
0.701
0.326
0.275
0.37
0.291
0.415
0.942
0.35
0.359
0.383
0.384
0.89
0.894
0.502
0.555
0.924
0.969
0.439
0.145
0.287
0.2
0.648
0.345
0.157
0.355
0.474
0.858
0.62
0.265
0.343
0.462
0.538
0.346
0.765
0.54
0.175
0.823
0.461
0.229
0.585
0.774
0.368
0.994
0.97
0.934
0.87
0.82
0.125
0.863
0.478
0.548
0.67
0.604
0.307
0.838
0.504
0.316
0.678
0.328
0.167
0.631
0.451
0.838
0.924
0.159
0.041
1.177
0.638
0.662
0.568
0.145
0.7
0.438
0.138
0.179
0.292
0.196
1.06
0.212
0.077
1.01
0.166
0.847
0.42
0.808
0.675
0.262
0.723
0.233
0.679
0.267
0.15
0.57
0.188
0.201
0.363
0.297
0.601
0.287
0.396
0.494
0.625
0.184
0.795
0.683
0.773
0.406
0.355
0.361
0.14
0.358
1.146
0.589
0.242
0.814
0.905
1.037
0.883
0.669
0.355
0.78
0.672
0.334
0.162
0.947
0.148
0.375
0.476
0.218
0.536
0.231
0.644
0.201
0.843
0.614
0.262
0.105
0.26
0.315
0.135
0.215
0.325
0.927
0.107
0.427
0.447
0.869
0.37
0.298
0.214
0.542
0.186
0.161
0.111
0.814
0.878
0.534
0.318
0.518
0.543
0.263
0.146
0.989
0.036
0.923
0.803
0.902
0.632
0.857
0.201
0.285
0.582
1.031
0.161
0.124
0.528
0.912
0.88
0.829
0.764
0.725
0.161
0.2
0.667
0.172
0.266
0.955
1.052
0.208
0.476
0.446
0.907
0.256
0.754
0.749
0.116
0.693
0.3
0.448
0.451
0.129
0.461
0.341
0.825
0.688
0.732
0.165
0.562
0.54
0.638
0.357
0.193
0.395
0.877
0.588
0.283
0.665
0.396
1.07
1.17
0.175
1.078
0.17
0.977
0.343
1.317
0.527
0.285
0.416
0.023
0.16
0.455
0.849
0.195
0.45
0.346
0.436
1.069
0.341
0.329
0.287
0.689
0.912
0.894
0.253
0.836
0.948
0.979
0.771
0.295
0.331
0.927
0.707
0.332
0.874
0.217
0.067
0.926
0.293
0.951
0.687
0.967
0.715
0.298
0.093
0.793
0.223
0.549
0.23
0.672
0.307
0.929
0.762
0.235
0.268
0.79
0.22
0.497
0.614
0.894
0.138
0.299
0.031
0.879
0.068
0.39
0.305
0.293
0.655
1.139
0.302
0.216
0.693
0.822
0.14
0.816
0.473
0.253
0.41
0.979
0.946
0.715
0.181
0.356
0.145
0.729
0.427
0.409
0.642
0.128
0.374
0.671
0.658
0.281
0.376
0.764
0.707
0.549
0.21
0.437
0.199
0.128
0.365
0.746
0.875
0.216
0.78
0.557
0.952
0.829
0.284
0.779
0.451
0.547
0.669
0.22
0.19
0.501
0.814
0.934
0.888
0.271
0.77
0.257
1.028
0.137
0.755
0.854
0.736
0.179
0.184
0.305
0.689
0.84
0.614
0.18
0.493
0.379
0.305
0.598
0.735
0.317
0.612
0.416
0.206
0.289
0.932
0.342
0.615
0.155
0.607
0.784
0.546
0.34
1.097
0.299
0.498
0.86
0.272
0.452
0.752
0.425
0.63
0.607
0.268
0.33
0.31
0.899
0.876
0.375
0.196
0.531
0.563
0.941
0.544
0.217
0.852
0.234
0.439
0.634
0.214
0.221
0.47
0.964
1.049
0.218
0.455
0.216
0.606
0.237
0.51
0.344
0.546
0.551
0.727
0.314
0.112
0.231
0.447
0.541
0.599
0.202
0.164
0.811
0.181
0.592
0.078
0.294
0.643
0.205
0.119
0.577
0.897
0.878
0.39
1.0
0.333
0.836
0.381
0.85
1.014
0.71
0.985
0.17
0.873
0.516
0.219
0.365
0.364
0.811
1.114
0.388
0.761
0.428
0.389
0.402
0.24
0.279
0.77
0.512
0.717
0.409
0.387
0.228
0.357
0.34
0.066
0.664
0.182
0.334
0.983
0.536
0.333
0.846
0.235
0.302
0.743
0.7
0.539
0.129
0.263
1.057
0.571
0.99
0.197
0.224
1.076
0.915
0.249
0.8
0.608
0.403
1.266
0.678
0.392
0.529
0.247
0.514
0.317
0.435
0.394
0.316
0.398
0.211
0.381
0.923
0.282
0.233
0.566
0.268
0.487
0.384
1.108
0.277
0.216
1.042
0.386
0.295
0.837
0.226
0.174
0.279
0.321
0.671
0.208
0.886
0.157
0.452
0.677
0.605
0.911
0.211
0.342
0.76
0.395
0.714
0.925
0.623
0.666
0.51
0.647
0.217
1.006
0.268
0.208
0.523
0.775
1.043
0.311
0.48
0.49
0.583
0.402
0.222
0.098
1.007
1.141
1.199
0.636
0.489
0.69
0.922
0.842
0.229
0.295
0.536
0.303
0.719
0.931
1.009
0.519
0.378
0.245
0.395
0.436
0.682
0.432
0.542
0.261
0.266
0.587
0.416
0.483
0.628
0.893
1.044
0.922
0.726
0.181
0.413
0.396
0.965
0.973
1.012
0.467
0.313
0.456
0.692
1.014
0.323
0.248
0.167
0.271
0.409
0.489
0.146
0.185
0.356
0.271
0.843
0.631
0.762
0.287
0.065
0.809
0.238
0.306
0.322
0.531
0.518
0.62
0.751
0.116
0.335
0.228
0.623
0.859
0.532
0.543
0.467
0.929
0.789
0.239
0.564
0.571
0.387
1.183
0.3
0.171
0.318
0.692
0.827
0.108
0.509
0.238
0.233
0.51
0.347
0.939
0.776
0.408
0.187
0.532
0.683
0.348
0.302
0.28
0.272
0.928
0.447
0.578
0.333
0.19
0.194
0.192
0.84
0.277
0.704
0.498
0.545
0.126
0.35
0.218
0.626
0.192
1.143
0.7
0.171
0.179
0.216
0.169
0.898
0.286
0.155
0.447
0.917
0.55
0.859
0.565
0.179
0.762
0.265
0.931
0.704
1.148
0.335
0.96
1.042
0.601
0.195
0.48
0.541
0.166
0.961
0.486
0.395
0.52
0.661
0.313
0.698
1.056
0.153
0.044
0.512
0.463
-0.03
0.3
0.704
0.355
0.301
0.695
0.279
1.054
0.459
0.426
0.679
0.464
0.192
0.782
0.307
0.578
0.768
1.065
0.309
0.932
0.238
0.988
0.356
0.466
0.067
0.301
1.048
1.01
0.279
0.983
0.303
1.051
0.536
0.947
0.797
0.666
0.694
0.987
1.124
0.185

