-0.053
-0.012
-0.043
0.058
0.013
-0.01
0.028
0.005
-0.081
0.038
0.047
-0.033
0.02
-0.068
-0.079
0.027
-0.025
-0.042
-0.108
0.056
0.041
-0.016
-0.072
-0.011
-0.044
-0.009
0.034
0.035
0.015
0.069
-0.045
0.07
-0.008
0.079
0.015
0.036
-0.039
-0.003
-0.067
-0.06
-0.003
-0.003
-0.063
-0.056
0.067
0.047
-0.002
-0.019
-0.043
-0.008
-0.085
0.076
-0.046
0.008
-0.017
0.018
0.02
-0.113
-0.029
0.004
0.069
0.086
0.022
0.034
-0.031
0.103
-0.131
0.104
0.011
-0.11
-0.072
-0.086
0.053
0.012
0.056
-0.078
0.065
-0.026
-0.127
-0.024
0.055
0.019
-0.048
-0.003
0.002
-0.003
-0.004
-0.001
0.004
-0.07
-0.03
0.024
-0.088
-0.019
-0.062
-0.028
0.015
-0.002
-0.04
-0.049
-0.067
-0.083
-0.011
-0.084
0.071
0.029
-0.066
0.023
-0.002
-0.007
-0.023
-0.013
-0.025
-0.011
0.041
-0.048
-0.046
-0.041
0.021
0.003
-0.035
-0.045
0.018
0.03
0.004
-0.036
0.003
0.027
-0.044
-0.023
-0.01
-0.047
-0.043
-0.033
-0.067
0.017
-0.069
0.049
-0.026
-0.024
-0.077
0.016
0.056
-0.066
0.019
0.076
-0.028
0.01
0.018
-0.049
-0.096
-0.015
-0.09
-0.123
-0.069
0.067
-0.039
-0.016
0.07
-0.078
-0.016
0.006
0.037
-0.018
0.03
-0.024
-0.05
0.028
0.001
0.025
-0.014
0.004
0.032
0.044
-0.072
-0.064
0.057
-0.008
-0.001
0.033
0.055
0.018
0.013
-0.001
-0.001
-0.07
-0.026
0.006
-0.057
-0.012
0.03
0.023
-0.033
0.037
-0.029
-0.072
-0.009
0.059
0.042
-0.038
-0.03
-0.023
-0.094
-0.017
-0.049
-0.054
-0.028
-0.045
-0.085
-0.038
0.019
-0.003
-0.022
0.018
0.017
-0.042
0.035
-0.009
0.024
-0.073
0.026
0.013
-0.017
0.002
0.044
0.083
-0.09
-0.002
-0.015
-0.008
0.051
0.024
-0.039
0.007
0.036
0.004
-0.016
0.052
-0.044
-0.042
0.031
-0.063
-0.012
-0.069
-0.037
-0.01
-0.004
0.077
0.001
0.017
0.079
-0.012
-0.015
0.098
-0.031
-0.05
0.041
0.012
-0.05
-0.061
-0.009
-0.048
0.042
0.038
0.008
-0.025
-0.08
0.025
0.0
-0.06
-0.029
-0.088
0.039
-0.044
-0.072
0.027
0.026
-0.047
-0.087
0.019
0.05
0.033
0.006
0.063
0.029
-0.036
-0.028
-0.003
-0.011
0.028
-0.018
0.001
-0.039
-0.024
-0.126
-0.061
0.009
-0.069
-0.06
-0.053
-0.031
-0.028
0.01
-0.02
0.086
-0.01
0.044
0.028
0.005
0.019
-0.063
-0.003
-0.005
-0.007
-0.002
-0.079
-0.054
-0.032
-0.045
-0.052
-0.004
0.05
0.009
-0.029
0.024
-0.022
-0.018
0.011
0.061
-0.025
0.096
-0.067
0.0
-0.066
0.001
0.004
0.013
-0.039
0.054
-0.011
0.038
-0.023
0.07
-0.088
-0.014
-0.056
-0.026
0.01
0.013
-0.033
-0.022
-0.074
-0.057
0.047
-0.063
-0.032
0.0
-0.025
0.012
-0.006
0.017
-0.012
0.002
-0.037
0.029
0.08
0.004
0.033
-0.034
-0.046
0.023
-0.095
0.098
0.027
-0.011
-0.073
-0.036
0.011
-0.068
0.09
-0.037
-0.013
-0.002
-0.023
0.021
-0.062
-0.035
-0.033
-0.014
0.041
0.039
-0.013
0.031
-0.014
-0.092
-0.051
-0.014
-0.036
-0.012
-0.011
-0.005
-0.013
-0.052
-0.03
-0.004
-0.049
0.028
0.012
-0.064
-0.05
-0.045
0.015
-0.042
-0.012
0.068
-0.003
0.068
-0.033
-0.016
-0.023
0.04
-0.005
-0.059
-0.082
0.111
-0.04
-0.014
0.05
-0.037
-0.012
0.016
0.014
-0.098
0.002
0.01
-0.085
0.02
0.024
0.073
0.011
0.071
0.073
-0.076
-0.014
-0.074
-0.095
-0.034
-0.017
0.013
0.011
-0.099
0.019
0.012
-0.037
-0.019
-0.038
0.022
-0.02
-0.03
-0.075
-0.017
-0.019
0.006
0.063
0.011
-0.033
-0.048
-0.077
-0.006
-0.023
-0.049
-0.12
0.012
0.004
-0.025
0.002
0.0
-0.026
0.014
0.019
-0.055
-0.007
-0.037
-0.028
-0.043
0.004
-0.043
0.036
0.013
0.022
0.004
0.012
0.024
0.069
-0.026
-0.036
-0.035
0.024
0.01
-0.029
0.014
-0.074
-0.009
-0.019
0.008
-0.027
-0.026
0.039
-0.017
0.033
0.017
0.062
-0.017
-0.091
-0.027
-0.072
-0.043
0.002
0.041
-0.028
-0.023
-0.003
-0.007
-0.029
0.018
0.006
-0.019
0.001
-0.057
0.085
-0.054
-0.013
0.003
-0.037
0.047
-0.053
-0.006
0.013
0.005
0.027
-0.02
-0.081
-0.083
0.009
-0.018
0.018
0.039
0.025
0.037
-0.015
0.056
0.02
0.021
0.023
-0.009
-0.019
-0.076
0.032
0.053
0.028
-0.035
0.01
-0.03
0.006
-0.023
-0.045
-0.03
0.008
0.012
0.065
-0.054
-0.013
-0.13
0.067
0.016
-0.065
0.034
-0.004
0.04
-0.006
-0.049
0.04
0.046
-0.033
0.014
0.039
-0.003
-0.002
-0.042
-0.058
0.007
-0.071
0.05
-0.008
-0.046
0.024
0.045
-0.059
-0.034
-0.119
0.018
-0.105
0.005
0.0
-0.04
0.044
0.011
-0.065
-0.036
-0.077
0.001
-0.112
-0.01
-0.061
-0.001
0.013
-0.007
0.023
0.02
-0.097
-0.056
-0.055
-0.102
0.014
-0.032
0.049
-0.124
-0.027
-0.042
-0.002
0.014
0.031
0.017
0.064
-0.035
0.062
-0.021
0.071
0.033
-0.049
-0.006
-0.144
-0.036
-0.002
-0.014
-0.01
-0.009
0.053
0.009
-0.092
-0.005
-0.003
0.032
-0.01
-0.06
-0.029
-0.018
-0.006
0.012
0.031
0.011
0.034
-0.026
-0.024
-0.031
-0.047
0.015
0.016
0.022
0.011
-0.038
-0.053
-0.024
-0.057
-0.015
-0.066
0.02
-0.027
-0.038
-0.016
-0.116
-0.045
0.024
0.036
-0.031
-0.083
0.03
-0.002
-0.088
0.008
-0.058
0.052
-0.007
-0.033
0.015
-0.018
-0.002
-0.063
0.028
0.031
0.027
-0.026
-0.045
-0.024
-0.042
-0.017
-0.12
0.01
0.046
-0.037
-0.047
-0.01
-0.001
0.092
0.053
0.025
-0.064
0.035
0.014
0.009
-0.084
0.021
-0.067
-0.039
-0.015
0.035
0.035
0.025
-0.074
-0.064
-0.072
-0.044
0.003
-0.035
0.034
0.007
-0.033
0.025
0.013
-0.009
0.021
-0.063
0.059
-0.039
-0.018
-0.06
0.005
0.022
0.046
0.059
0.072
0.017
-0.002
-0.029
0.069
-0.007
0.008
0.08
0.015
0.047
0.053
0.014
-0.065
-0.074
-0.058
-0.028
-0.04
0.009
-0.073
-0.061
-0.017
-0.054
-0.003
-0.026
-0.002
0.016
0.001
-0.032
-0.081
-0.095
-0.017
-0.091
0.003
-0.051
0.05
-0.052
-0.007
0.056
-0.103
0.07
-0.002
-0.092
0.017
-0.011
-0.011
0.022
-0.055
-0.02
0.0
0.134
0.004
0.086
0.005
0.057
-0.019
0.081
-0.039
-0.021
0.008
-0.079
-0.026
-0.03
-0.063
-0.048
-0.011
-0.064
-0.039
-0.069
0.006
-0.012
-0.029
0.034
0.065
-0.039
-0.013
-0.033
0.042
0.069
-0.001
-0.035
0.068
-0.062
-0.058
-0.02
-0.088
-0.031
-0.013
0.003
-0.037
-0.001
0.059
-0.025
-0.002
-0.028
-0.038
0.027
0.012
-0.123
-0.046
-0.066
-0.066
-0.01
-0.046
-0.031
0.024
0.026
0.049
-0.056
-0.054
0.053
-0.034
0.039
-0.003
-0.046
-0.082
-0.001
-0.01
-0.001
-0.001
-0.107
0.011
0.064
-0.085
0.004
-0.037
-0.019
0.004
0.017
-0.001
-0.012
-0.039
-0.024
-0.055
0.015
-0.01
0.06
-0.044
-0.027
-0.026
-0.067
0.041
-0.014
-0.042
-0.048
0.065
0.04
-0.002
0.042
0.01
-0.044
-0.041
-0.004
-0.054
-0.008
-0.034
0.031
-0.022
-0.061
-0.01
-0.012
-0.036
0.016
0.03
-0.035
0.004
-0.018
-0.05
-0.002
-0.017
-0.004
-0.056
-0.044
-0.019
-0.077
-0.075
-0.014
-0.042
0.044
0.037
0.035
-0.023
0.008
0.037
-0.059
-0.042
0.018
0.092
-0.079
-0.02
0.013
0.015
-0.036
-0.009
-0.019
-0.01
-0.023
0.069
0.084
-0.121
0.039
0.02
0.043
0.039
-0.089
0.024
-0.071
0.007
-0.046
-0.012
-0.031
-0.009
-0.02
-0.011
-0.086
0.023
0.07
0.015
0.009
0.025
-0.046
-0.001
0.018
-0.091
-0.055
-0.074
0.033
-0.075
0.013
-0.04
-0.02
-0.032
-0.047
-0.111
-0.038
0.031
-0.059
0.079
-0.046
-0.028
0.004
-0.035
0.001
-0.007
0.039
0.027
-0.006
0.027
0.055
0.06
0.046
0.009
-0.043
-0.069
-0.027
0.06
-0.001
0.051
-0.001
-0.002
-0.046
-0.042
0.015
-0.038
0.03
0.014
0.009
-0.085
-0.021
-0.003
0.0
-0.104
-0.011
0.052
0.052
-0.044
0.037
0.049
0.002
-0.023
0.076
0.004
0.024
0.035
-0.084
-0.062
0.044
0.073
0.026
0.048
-0.003
-0.012
-0.075
-0.095
0.055
-0.017
0.052
0.007
-0.016
-0.067
-0.013
0.065
-0.005
0.001
0.053
0.068
-0.096
0.009
0.002
-0.065
-0.02
0.035
0.111
-0.147
0.04
-0.084
-0.018
-0.024
-0.04
-0.033
-0.044
-0.003
0.115
0.007
0.042
-0.032
0.024
-0.058
-0.002
-0.055
-0.025
-0.018
0.015
-0.062
0.005
0.023
-0.088
-0.043
-0.038
-0.095
-0.09
-0.019
0.037
0.005
-0.036
0.042
-0.034
-0.014
0.005
0.009
0.032
0.015
0.049
-0.1
-0.009
0.003
-0.007
-0.02
0.085
0.03
-0.058
-0.023
0.051
0.003
0.024
0.047
-0.037
0.036
-0.031
-0.032
0.039
-0.05
0.031
-0.026
-0.024
0.0
-0.002
-0.061
0.032
0.037
-0.046
-0.004
-0.014
-0.034
-0.036
-0.03
-0.011
0.068
0.064
-0.008
0.042
-0.066
0.052
0.032
0.022
0.012
0.044
0.004
0.017
0.034
0.077
0.043
-0.021
0.019
-0.051
0.017
0.014
-0.007
0.008
-0.051
-0.103
-0.022
-0.06
-0.025
0.003
0.032
-0.015
0.038
-0.072
0.112
-0.066
0.052
-0.017
0.036
-0.013
0.068
0.011
-0.061
0.048
0.017
0.019
-0.021
-0.014
0.082
0.038
-0.006
0.085
-0.039
-0.018
0.043
-0.001
0.008
0.009
0.021
-0.032
-0.015
-0.053
-0.075
-0.064
-0.045
-0.008
-0.028
0.011
0.0
-0.003
0.01
0.063
-0.135
0.0
0.006
0.042
0.019
-0.013
0.059
-0.028
-0.077
-0.017
-0.046
-0.004
-0.008
0.047
0.105
0.065
-0.01
-0.002
-0.01
0.017
-0.001
-0.039
-0.005
0.088
0.001
-0.097
0.064
-0.066
-0.042
-0.043
0.012
-0.031
0.039
-0.009
-0.098
-0.06
0.071
0.021
-0.09
-0.015
0.017
-0.019
-0.007
-0.022
0.009
-0.082
-0.029
-0.166
-0.068
0.021
0.01
-0.017
-0.027
0.0
-0.023
-0.017
-0.02
-0.04
0.011
0.017
0.042
0.001
-0.005
-0.05
0.057
0.092
0.019
-0.049
-0.027
-0.043
-0.043
-0.017
0.002
0.021
-0.033
-0.033
0.073
0.022
0.018
-0.075
0.005
-0.02
-0.027
-0.021
-0.047
-0.026
-0.014
0.044
-0.057
0.084
-0.094
-0.11
-0.02
-0.061
-0.007
-0.019
-0.063
-0.034
-0.001
0.037
-0.064
0.034
-0.019
-0.049
-0.042
0.079
-0.026
-0.07
-0.001
-0.002
0.123
-0.013
-0.109
0.031
-0.043
-0.001
-0.009
-0.049
0.003
0.041
0.035
-0.036
-0.049
0.013
0.003
0.055
-0.028
-0.055
0.008
-0.01
-0.032
0.002
0.034
0.017
0.024
-0.086
-0.009
-0.021
-0.005
-0.048
0.078
-0.015
0.025
0.013
0.078
-0.024
-0.015
0.053
-0.011
-0.06
0.05
0.006
-0.011
-0.026
-0.02
0.078
0.085
0.009
-0.006
-0.008
0.002
-0.048
0.042
-0.053
-0.04
0.038
-0.007
0.018
-0.005
0.011
-0.008
0.028
-0.015
-0.032
0.078
-0.071
0.0
0.002
-0.008
-0.024
0.03
0.051
0.001
0.043
0.053
0.098
-0.006
-0.021
-0.012
0.03
0.069
0.004
0.014
0.037
-0.068
0.059
0.027
0.014
-0.031
-0.077
-0.084
0.035
-0.005
0.043
0.033
0.039
0.009
-0.069
-0.033
0.009
0.009
0.036
-0.011
-0.053
-0.129
0.064
-0.022
-0.006
-0.012
-0.046
0.02
0.048
0.013
-0.062
0.041
0.054
-0.058
-0.058
0.031
-0.052
0.039
-0.002
-0.021
-0.019
-0.079
-0.032
0.012
0.015
-0.018
-0.072
0.021
-0.041
-0.065
0.011
-0.003
0.015
-0.104
0.073
-0.052
0.037
-0.016
-0.08
0.004
-0.006
-0.052
0.011
-0.022
-0.018
-0.041
-0.044
-0.009
0.024
-0.057
0.063
-0.077
-0.015
-0.03
-0.001
-0.027
0.032
-0.001
0.044
0.011
-0.016
-0.01
0.042
-0.015
0.038
-0.003
0.002
-0.058
-0.034
-0.019
-0.044
0.054
0.04
-0.025
-0.026
-0.056
0.014
-0.034
-0.074
-0.035
-0.019
-0.086
-0.059
0.053
-0.034
0.041
0.069
0.004
0.066
0.0
-0.108
0.001
0.067
0.016
0.03
-0.041
-0.05
0.056
-0.053
0.005
-0.076
-0.031
-0.006
-0.013
-0.026
0.064
-0.053
0.036
-0.038
0.001
-0.119
0.046
0.069
0.015
-0.081
0.021
-0.05
0.028
0.004
-0.057
-0.005
0.072
0.025
0.021
0.043
0.039
-0.02
-0.029
-0.073
0.005
-0.031
-0.064
0.012
0.027
-0.035
0.051
-0.049
-0.024
0.069
0.033
-0.006
0.066
0.036
-0.027
0.071
0.036
0.016
-0.048
0.033
-0.079
-0.042
-0.064
-0.017
0.027
-0.005
-0.106
-0.01
-0.009
-0.042
-0.067
-0.035
0.133
-0.057
0.011
-0.039
-0.035
0.071
0.003
-0.01
-0.056
0.066
-0.037
0.014
-0.056
-0.082
-0.018
-0.018
0.069
0.059
0.015
-0.077
-0.034
0.009
-0.009
-0.057
-0.011
0.047
0.112
0.017
-0.002
-0.028
-0.076
-0.018
-0.012
0.052
0.021
-0.009
0.052
-0.007
0.038
0.04
-0.022
0.001
0.003
0.014
0.054
0.064
-0.025
0.034
-0.005
-0.075
0.075
0.0
-0.024
-0.008
0.025
0.0
0.07
-0.029
-0.088
-0.065
-0.017
-0.04
-0.106
0.035
0.028
0.095
-0.035
0.034
0.012
-0.011
0.018
-0.018
0.056
-0.031
0.085
-0.075
0.024
0.003
0.014
-0.054
0.014
0.017
0.016
-0.035
-0.022
-0.018
0.035
-0.041
0.017
0.029
-0.034
-0.045
-0.011
-0.057
-0.045
-0.023
-0.026
0.008
-0.042
-0.022
0.006
-0.011
-0.021
-0.069
0.046
0.013
-0.014
-0.025
-0.004
0.044
0.053
0.015
-0.034
-0.073
-0.04
-0.004
0.02
0.041
0.009
-0.041
-0.001
0.002
-0.045
0.006
-0.08
-0.02
-0.028
-0.033
-0.03
-0.013
-0.009
-0.043
-0.08
-0.106
-0.017
-0.031
0.083
-0.04
-0.051
-0.053
-0.015
-0.033
-0.09
-0.01
0.103
-0.018
0.003
-0.044
-0.051
-0.049
-0.034
-0.028
-0.033
0.038
0.03
-0.042
0.001
-0.039
-0.001
0.083
-0.025
-0.02
0.004
0.061
-0.107
-0.028
-0.029
-0.04
-0.016
0.024
0.05
0.026
-0.028
0.039
0.052
-0.023
-0.038
-0.006
-0.044
-0.033
-0.064
0.056
0.007
-0.087
0.023
-0.088
-0.05
-0.001
-0.031
-0.03
-0.013
-0.061
-0.025
-0.058
0.045
-0.066
0.007
-0.067
0.005
-0.026
0.001
-0.027
0.069
-0.005
0.023
0.02
-0.059
-0.033
-0.07
0.01
-0.016
0.041
-0.085
0.002
-0.024
0.021
-0.047
-0.024
0.021
0.022
0.01
0.038
0.038
-0.02
0.047
0.036
-0.004
0.058
-0.016
-0.022
0.028
-0.012
0.012
-0.076
-0.012
0.003
-0.044
0.011
-0.005
-0.012
-0.024
-0.013
0.011
-0.011
0.033
-0.03
-0.019
-0.092
-0.071
0.011
0.03
0.023
-0.117
0.055
0.0
-0.061
-0.028
-0.025
0.023
0.059
0.037
-0.075
0.006
-0.017
-0.005
0.076
0.014
-0.003
-0.064
-0.012
0.018
-0.043
0.064
0.062
0.062
-0.014
0.102
-0.058
-0.014
-0.02
0.06
-0.067
-0.014
-0.008
-0.025
-0.056
-0.022
0.022
0.09
0.016
0.005
-0.008
-0.037
-0.041
-0.055
-0.062
-0.083
-0.042
-0.003
-0.094
-0.07
0.025
0.028
-0.048
0.013
0.006
0.052
-0.022
-0.022
-0.017
-0.003
-0.013
-0.043
0.025
-0.016
-0.016
-0.015
0.011
0.01
0.043
-0.006
-0.054
0.042
-0.059
-0.005
-0.059
-0.011
-0.004
0.05
0.013
-0.043
-0.011
0.002
-0.019
0.031
-0.03
0.014
0.019
0.001
0.052
-0.007
-0.011
0.033
-0.035
-0.063
0.085
-0.07
-0.022
-0.01
-0.034
-0.093
-0.006
0.019
-0.068
0.026
-0.032
0.001
0.053
-0.031
-0.059
0.036
-0.058
-0.036
0.003
-0.001
-0.007
-0.03
-0.018
0.094
0.026
-0.047
0.005
-0.049
-0.021
0.138
-0.01
-0.02
-0.029
0.022
-0.137
-0.015
-0.001
0.014
-0.001
0.016
-0.035
0.006
0.039
-0.005
-0.055
-0.02
-0.12
-0.015
-0.026
0.09
0.007
0.018
-0.025
-0.057
-0.069
0.057
0.014
-0.042
-0.035
-0.013
-0.056
-0.032
-0.112
-0.035
-0.011
-0.057
0.038
0.007
0.02
-0.012
-0.063
0.033
-0.024
-0.037
0.057
0.015
-0.079
0.018
-0.047
-0.016
-0.046
-0.019
-0.017
-0.027
0.008
0.031
-0.033
-0.011
-0.029
0.036
0.042
0.016
0.004
-0.042
-0.045
0.075
0.026
-0.067
-0.023
0.03
0.022
0.058
-0.036
-0.042
-0.036
0.004
0.019
-0.027
0.073
0.014
-0.008
-0.053
0.031
-0.057
-0.052
-0.081
0.025
0.006
0.033
-0.044
0.056
0.0
-0.057
-0.041
-0.076
0.022
0.075
-0.013
-0.016
0.03
0.044
-0.058
0.035
-0.025
0.086
-0.07
-0.015
0.052
0.011
0.011
0.041
0.053
0.043
0.015
0.058
-0.043
-0.061
-0.038
-0.006
-0.058
-0.013
-0.034
0.026
0.002
-0.011
-0.028
-0.046
-0.037
-0.086
-0.038
-0.054
-0.031
0.079
-0.082
-0.026
-0.028
-0.001
-0.004
-0.011
-0.051
0.023
0.016
0.067
-0.044
-0.001
0.087
-0.045
0.018
0.036
-0.018
0.056
0.027
0.044
-0.079
0.01
0.058
-0.04
-0.041
0.029
-0.01
0.016
0.014
-0.04
0.009
0.05
-0.028
0.03
0.04
0.001
0.04
-0.023
0.009
0.013
0.013
0.014
0.005
-0.058
-0.012
0.047
-0.029
-0.02
0.029
0.019
-0.028
-0.002
-0.038
-0.027
-0.028
-0.025
-0.076
-0.05
-0.011
0.032
-0.027
0.002
0.029
-0.062
-0.032
-0.027
0.028
0.074
-0.073
-0.043
0.004
0.038
0.009
0.036
-0.018
0.005
-0.001
-0.075
-0.018
-0.003
0.034
0.022
-0.061
-0.04
-0.068
-0.007
-0.021
0.028
-0.035
-0.071
0.0
-0.029
-0.002
0.04
-0.071
0.018
0.061
-0.057
0.021
-0.024
0.013
-0.061
-0.021
0.034
-0.083
0.005
-0.012
-0.043
-0.032
0.039
-0.03
0.019
0.011
-0.05
-0.03
-0.091
-0.05
-0.022
0.052
-0.022
0.017
0.05
-0.026
-0.026
-0.037
0.002
-0.025
-0.073
0.0
-0.131
0.008
0.035
0.011
-0.011
-0.051
-0.029
-0.066
-0.017
-0.051
-0.081
0.071
-0.052
0.008
-0.138
-0.05
-0.016
0.016
-0.017
0.033
-0.03
-0.003
-0.012
0.032
-0.047
0.011
0.034
0.048
-0.007
-0.025
-0.006
0.01
0.032
0.016
-0.014
0.066
0.035
-0.036
-0.046
-0.035
-0.058
-0.02
-0.078
-0.058
-0.018
-0.027
-0.015
0.007
-0.072
-0.036
0.02
0.0
-0.058
-0.073
0.0
0.022
0.024
0.038
-0.08
-0.053
0.025
-0.001
0.012
-0.049
0.019
-0.026
-0.016
-0.083
-0.006
0.003
0.013
-0.067
-0.052
-0.033
0.057
0.031
0.007
-0.059
-0.035
0.028
-0.038
-0.024
-0.051
-0.065
0.022
-0.026
0.032
-0.082
0.052
-0.029
0.029
-0.045
-0.035
-0.037
-0.032
-0.008
0.011
0.033
-0.045
-0.03
0.03
0.02
-0.005
0.015
-0.068
-0.055
-0.07
-0.026
-0.019
0.038
-0.009
-0.009
-0.068
-0.027
-0.003
-0.012
0.021
-0.039
-0.078
0.011
0.046
0.008
0.015
0.006
-0.028
-0.043
0.045
0.034
0.057
-0.019
0.094
-0.126
-0.028
0.053
0.009
0.01
-0.007
-0.006
0.024
-0.089
0.022
0.026
-0.102
0.059
-0.085
0.035
-0.004
-0.034
-0.057
0.039
-0.047
0.049
-0.046
-0.007
-0.006
-0.028
0.061
0.033
0.014
0.063
0.056
-0.02
0.018
0.018
0.002
-0.021
-0.015
-0.02
0.005
0.025
-0.049
-0.045
0.006
-0.033
-0.046
-0.021
-0.089
0.025
-0.023
-0.011
-0.045
0.001
-0.084
-0.038
0.02
0.003
0.076
0.014
-0.034
0.036
0.017
-0.022
-0.069
-0.037
0.013
0.003
-0.064
0.018
-0.07
0.025
-0.041
0.048
0.023
0.036
0.012
-0.01
0.006
-0.005
0.016
-0.066
0.077
0.02
-0.054
0.037
-0.032
0.003
-0.032
-0.008
0.008
-0.09
-0.103
0.025
-0.037
-0.011
0.033
0.024
-0.02
0.012
-0.07
-0.052
-0.023
-0.006
0.072
0.103
-0.054
-0.09
-0.051
0.006
0.071
0.018
-0.02
-0.003
-0.012
0.021
-0.023
0.014
0.003
0.049
0.003
0.027
0.017
0.054
0.026
-0.021
0.016
-0.041
0.035
-0.054
-0.042
-0.062
0.047
-0.038
0.024
-0.004
0.026
0.015
-0.029
-0.021
-0.024
-0.064
-0.029
-0.007
0.004
-0.033
0.014
-0.039
-0.032
-0.04
0.057
-0.008
-0.021
0.036
-0.05
0.007
-0.079
-0.018
-0.035
0.011
-0.077
-0.123
-0.026
0.047
0.016
-0.024
0.067
0.011
-0.017
0.051
-0.013
0.02
-0.027
-0.084
0.054
-0.049
0.075
-0.048
0.024
-0.032
-0.014
-0.036
0.011
-0.064
0.049
0.046
-0.066
-0.02
-0.002
-0.017
-0.06
-0.063
-0.026
0.066
-0.047
-0.093
0.001
-0.069
0.072
-0.011
0.124
-0.003
-0.027
0.053
-0.094
-0.062
0.011
0.063
-0.101
-0.025
-0.014
-0.05
0.004
0.027
0.001
-0.023
0.0
-0.021
0.005
-0.044
-0.016
-0.036
0.024
-0.066
-0.084
0.032
-0.045
0.022
-0.094
0.062
0.06
0.004
-0.017
-0.022
-0.165
0.044
-0.043
0.086
-0.02
-0.087
-0.021
0.031
-0.078
-0.032
0.003
-0.003
0.003
0.073
0.011
0.007
0.091
0.029
0.043
-0.007
0.051
0.004
0.01
-0.048
-0.076
-0.009
-0.028
-0.039
0.021
0.033
-0.011
-0.043
0.016
0.188
-0.053
-0.05
0.0
-0.05
0.001
0.086
-0.026
-0.027
-0.024
0.016
-0.06
0.034
-0.007
0.025
0.04
-0.016
-0.054
0.01
0.023
-0.074
-0.064
-0.004
-0.028
-0.074
-0.051
0.013
0.005
-0.045
-0.021
-0.043
0.039
0.027
0.045
-0.014
0.03
-0.024
0.006
-0.011
-0.036
0.062
0.025
-0.066
0.042
0.073
0.02
0.04
0.008
0.045
-0.035
-0.047
-0.039
-0.039
-0.054
0.061
0.009
-0.075
0.045
-0.098
-0.036
-0.063
-0.009
0.03
-0.008
-0.065
-0.008
-0.007
-0.042
-0.043
-0.052
0.111
-0.071
0.053
-0.031
0.01
0.028
-0.043
-0.032
0.071
0.007
0.035
-0.04
-0.049
-0.023
-0.009
-0.016
-0.017
-0.075
-0.036
-0.037
0.044
-0.044
0.073
0.004
-0.053
0.039
-0.064
-0.002
-0.042
0.049
-0.042
-0.051
-0.015
0.035
0.036
-0.009
-0.003
0.03
0.103
0.046
-0.029
-0.033
-0.01
-0.006
0.031
-0.025
-0.026
0.038
-0.016
-0.072
0.02
-0.063
0.013
0.06
0.02
0.054
-0.005
-0.092
-0.012
0.008
-0.021
0.064
0.003
-0.064
0.001
0.105
0.03
-0.013
0.0
0.041
-0.025
-0.022
-0.024
-0.045
-0.003
0.007
-0.004
-0.107
0.031
-0.115
-0.025
0.027
-0.078
-0.015
-0.071
-0.032
0.016
0.013
0.079
0.0
-0.043
-0.03
0.055
0.014
-0.067
0.027
0.014
-0.027
-0.036
0.039
-0.032
-0.099
-0.01
0.037
-0.094
0.023
-0.05
-0.046
0.097
0.041
0.033
0.016
0.085
-0.011
0.038
-0.016
0.03
-0.025
-0.06
0.021
-0.034
0.0
0.06
0.009
-0.042
-0.03
0.008
-0.059
-0.05
0.007
-0.017
0.1
0.057
-0.046
-0.065
0.062
-0.01
0.018
-0.097
-0.071
-0.071
-0.013
-0.019
0.013
0.107
0.028
-0.009
-0.03
-0.043
-0.052
0.015
0.0
0.015
-0.041
-0.043
-0.014
0.004
-0.029
-0.047
-0.03
0.036
-0.023
-0.033
0.013
0.003
-0.01
-0.034
0.019
-0.057
-0.014
-0.016
0.065
0.097
-0.023
-0.055
-0.012
0.043
-0.045
-0.043
0.042
-0.022
0.0
-0.016
0.039
0.039
-0.006
-0.042
-0.02
-0.032
-0.059
-0.018
0.01
-0.007
-0.093
-0.039
-0.066
0.004
-0.006
0.012
-0.093
-0.051
-0.013
-0.004
-0.018
-0.042
-0.074
0.013
0.023
-0.049
-0.02
-0.002
-0.027
-0.067
-0.079
0.039
-0.011
0.0
-0.04
-0.003
0.02
-0.006
0.002
-0.019
-0.085
-0.038
-0.022
-0.043
0.022
-0.049
0.007
-0.008
-0.094
0.059
-0.02
-0.041
-0.017
-0.04
0.031
-0.006
0.014
0.051
0.001
0.06
-0.101
0.04
0.05
0.007
-0.023
-0.005
0.046
-0.004
0.049
-0.064
0.006
-0.073
-0.023
-0.048
0.027
-0.102
-0.012
-0.024
0.031
-0.063
-0.115
0.017
0.054
-0.024
0.0
-0.11
-0.05
-0.089
-0.028
0.012
0.061
-0.002
-0.005
0.025
-0.064
-0.011
0.068
-0.02
-0.067
-0.034
-0.015
0.032
-0.006
-0.001
-0.035
-0.069
0.018
0.009
0.009
0.057
-0.032
-0.047
-0.122
0.047
-0.003
0.041
0.035
-0.031
-0.01
-0.043
0.014
-0.021
-0.011
-0.033
0.026
0.035
0.003
-0.012
0.052
0.058
0.042
0.05
0.048
-0.037
-0.032
-0.011
-0.006
-0.007
0.056
-0.058
-0.045
-0.018
0.052
-0.014
-0.022
-0.018
0.051
-0.052
-0.019
-0.044
-0.06
0.002
0.015
0.093
-0.057
-0.004
-0.021
-0.018
-0.018
-0.027
0.074
-0.03
0.011
-0.028
-0.028
0.029
0.055
-0.015
-0.004
-0.015
-0.061
-0.096
-0.033
-0.008
-0.001
-0.024
0.039
0.052
-0.01
-0.025
0.042
0.079
0.032
0.0
0.0
-0.056
0.021
-0.012
0.013
-0.024
-0.013
0.008
0.015
-0.044
0.011
-0.081
-0.031
-0.005
0.039
-0.013
-0.006
-0.057
-0.05
-0.001
-0.043
-0.037
-0.079
-0.005
-0.005
-0.015
0.006
-0.063
0.0
-0.009
-0.058
-0.021
-0.052
-0.015
-0.001
0.036
-0.023
-0.051
0.096
-0.041
-0.032
-0.04
-0.037
0.039
0.005
-0.021
-0.04
-0.071
-0.082
-0.078
-0.002
-0.043
-0.058
-0.031
-0.006
-0.027
-0.008
-0.017
-0.063
-0.018
0.062
0.007
0.043
0.036
0.022
-0.034
-0.094
0.022
0.011
-0.018
-0.033
-0.014
-0.021
-0.001
-0.051
-0.099
-0.089
-0.09
-0.082
0.009
0.003
0.028
0.094
0.045
-0.07
-0.086
-0.02
0.018
-0.01
-0.049
0.002
-0.083
-0.008
0.012
0.048
-0.001
-0.037
-0.026
0.036
0.006
0.012
-0.016
0.003
0.03
-0.02
-0.016
-0.062
0.022
0.039
-0.039
-0.104
0.032
-0.025
-0.055
0.029
-0.076
-0.006
-0.023
-0.059
-0.055
0.045
-0.071
-0.041
-0.001
-0.021
-0.032
-0.003
-0.075
-0.064
-0.034
-0.061
-0.024
-0.045
0.002
-0.095
0.048
0.009
0.003
-0.016
-0.031
-0.01
0.076
-0.072
0.032
-0.007
0.086
-0.004
-0.043
-0.013
-0.038
0.001
-0.028
-0.013
-0.024
-0.073
0.04
-0.004
0.032
0.072
-0.039
0.067
-0.005
-0.056
-0.028
0.036
0.032
-0.013
-0.004
-0.011
-0.01
-0.041
0.022
-0.042
-0.009
0.032
-0.116
0.056
0.023
-0.052
-0.019
0.027
0.004
-0.021
0.036
-0.046
0.037
-0.045
-0.046
0.0
0.001
-0.032
-0.035
0.02
0.079
-0.013
-0.023
-0.034
0.001
-0.038
-0.07
-0.072
0.024
-0.078
-0.007
-0.065
0.013
0.031
-0.054
0.003
-0.003
-0.003
-0.113
0.004
-0.031
-0.011
-0.062
-0.039
-0.006
0.009
-0.038
-0.048
-0.045
-0.039
-0.026
-0.023
-0.012
0.059
-0.003
-0.02
0.043
-0.033
-0.041
-0.016
0.034
-0.027
0.059
-0.018
0.061
-0.057
0.026
-0.024
-0.111
0.031
-0.015
0.046
0.039
-0.058
0.011
-0.036
-0.002
0.013
-0.003
-0.042
-0.05
0.009
0.029
0.02
-0.05
-0.053
0.008
-0.026
-0.003
-0.004
-0.051
-0.017
0.019
0.041
-0.061
-0.052
-0.069
-0.024
0.012
0.056
-0.033
-0.037
0.008
-0.037
0.032
-0.015
-0.009
0.033
-0.013
0.008
0.001
-0.06
0.006
0.019
-0.125
0.044
-0.001
-0.041
-0.018
-0.029
-0.002
0.003
-0.009
0.078
0.036
0.074
-0.028
-0.033
-0.081
-0.053
0.019
-0.032
0.074
0.049
0.05
0.027
-0.036
-0.011
0.009
-0.022
-0.059
0.042
-0.033
0.006
0.019
-0.024
-0.014
-0.07
0.049
-0.02
0.0
-0.035
-0.001
-0.036
0.006
-0.06
-0.095
-0.041
-0.002
-0.05
0.008
-0.035
0.053
0.074
0.014
-0.064
0.01
0.021
0.004
-0.025
0.012
-0.011
-0.021
0.001
-0.007
-0.032
-0.009
-0.057
0.029
-0.008
0.068
0.043
-0.046
-0.022
-0.016
0.129
-0.001
-0.018
-0.039
0.054
-0.016
0.027
0.001
-0.019
-0.043
0.005
0.006
-0.018
-0.103
-0.035
-0.034
-0.046
-0.034
0.058
-0.005
0.106
0.005
0.038
-0.014
-0.048
0.067
-0.019
-0.038
0.0
-0.037
-0.008
0.02
-0.03
0.033
-0.038
0.02
-0.057
0.001
-0.089
-0.039
0.006
-0.004
0.032
-0.019
-0.058
0.04
-0.078
0.063
-0.102
-0.136
-0.018
-0.02
0.033
-0.015
0.023
0.01
0.01
-0.012
-0.025
-0.053
-0.028
-0.028
-0.08
-0.003
-0.028
0.028
0.031
-0.036
-0.047
0.014
-0.037
0.005
-0.057
0.023
0.103
0.041
0.05
0.087
-0.049
0.006
0.02
-0.087
0.016
-0.043
0.012
-0.041
0.042
-0.036
-0.045
-0.06
0.018
0.067
0.027
-0.018
0.004
0.107
-0.019
-0.007
-0.077
-0.041
-0.06
0.05
-0.076
0.018
-0.047
0.017
-0.083
-0.009
-0.031
-0.022
-0.046
-0.05
-0.003
0.073
0.057
-0.045
0.021
0.021
0.016
-0.114
0.057
-0.008
0.006
0.007
0.024
-0.001
-0.035
-0.04
0.0
0.076
-0.063
-0.059
0.02
-0.059
-0.018
-0.028
-0.049
-0.025
-0.043
0.081
-0.053
-0.077
-0.056
-0.01
0.035
0.037
-0.031
-0.023
-0.037
0.026
-0.011
0.046
0.005
-0.032
0.075
0.063
-0.057
0.051
0.012
0.045
-0.014
-0.032
-0.031
0.049
-0.054
-0.079
-0.041
-0.026
0.021
0.004
0.029
0.018
0.037
-0.054
-0.054
-0.016
0.074
0.053
-0.025
-0.029
0.087
-0.006
-0.045
-0.062
0.084
0.013
-0.039
-0.009
0.016
-0.003
0.109
-0.052
-0.067
-0.085
-0.052
0.009
-0.03
0.004
-0.066
0.014
-0.033
-0.003
0.014
-0.045
0.011
0.057
0.003
-0.048
0.028
0.035
0.018
0.059
0.032
-0.021
-0.054
-0.001
-0.061
0.002
-0.033
0.009
-0.029
-0.025
0.005
-0.012
0.002
0.072
0.024
-0.045
-0.062
0.041
0.018
0.014
-0.036
-0.034
-0.082
0.019
-0.051
-0.058
0.011
-0.021
0.003
-0.029
-0.021
-0.017
-0.07
0.002
0.027
-0.058
-0.041
0.006
-0.013
0.062
-0.014
-0.024
0.105
-0.046
0.035
-0.068
-0.064
-0.082
-0.019
-0.068
0.018
-0.14
-0.063
0.056
-0.061
-0.044
-0.008
-0.03
0.059
-0.058
-0.028
-0.069
0.015
-0.011
-0.065
0.071
0.029
0.056
-0.056
-0.014
-0.072
-0.055
-0.037
-0.051
0.065
0.006
0.059
-0.056
0.013
-0.036
0.02
0.054
-0.007
0.049
-0.04
-0.073
-0.002
-0.015
0.024
0.028
-0.021
-0.018
0.025
-0.076
0.007
-0.002
0.006
0.076
-0.055
-0.046
-0.083
0.048
-0.011
-0.012
-0.006
0.027
-0.034
-0.034
0.061
0.084
-0.077
0.016
-0.008
0.027
-0.02
-0.062
-0.051
0.034
-0.049
0.042
-0.032
0.039
0.006
0.01
-0.04
-0.013
-0.039
-0.031
-0.044
-0.036
0.021
-0.003
0.055
-0.032
0.063
-0.056
-0.017
-0.052
-0.01
-0.038
0.031
-0.037
-0.049
-0.041
-0.042
-0.119
-0.024
-0.05
0.019
-0.083
0.005
-0.015
-0.074
-0.033
-0.011
0.007
0.119
-0.011
0.03
-0.024
0.032
0.049
-0.058
-0.03
-0.069
-0.039
-0.028
-0.078
-0.029
-0.021
0.043
-0.043
-0.072
0.015
-0.037
-0.004
-0.064
0.023
0.003
0.019
-0.037
0.01
-0.055
-0.007
0.059
0.045
0.045
0.038
0.04
-0.051
0.005
-0.023
-0.011
0.024
-0.058
0.026
-0.099
-0.035
-0.022
0.026
-0.006
-0.016
-0.057
-0.019
0.0
-0.032
-0.034
-0.012
0.02
-0.05
-0.068
-0.033
-0.025
0.022
-0.032
0.049
0.056
0.025
-0.013
-0.03
-0.052
0.028
0.034
0.0
-0.01
0.071
0.049
-0.041
-0.024
-0.036
-0.07
0.038
-0.045
-0.068
-0.061
0.065
0.01
0.026
-0.045
-0.007
-0.054
0.013
0.001
0.0
-0.076
0.072
-0.043
-0.033
0.031
0.03
-0.087
0.031
0.138
-0.053
-0.039
-0.049
-0.026
0.036
-0.109
-0.018
0.04
0.016
-0.032
-0.018
-0.055
-0.068
-0.014
-0.038
-0.008
0.019
-0.047
0.048
0.008
0.108
0.008
-0.034
0.023
-0.027
0.009
-0.026
-0.083
-0.07
-0.015
-0.003
-0.005
-0.013
-0.007
-0.053
0.011
-0.008
0.034
-0.015
0.018
0.07
0.001
-0.049
0.004
-0.011
-0.032
-0.047
0.038
0.003
-0.009
0.047
0.045
-0.067
-0.005
-0.015
0.028
-0.017
-0.045
0.041
-0.034
-0.039
0.008
-0.048
-0.037
-0.008
-0.043
-0.065
0.049
-0.009
0.06
-0.01
-0.06
0.064
0.04
-0.084
-0.032
-0.031
0.006
-0.024
-0.044
0.018
-0.034
0.041
-0.01
-0.011
-0.025
-0.003
0.069
-0.012
-0.03
-0.06
-0.012
0.016
-0.052
0.028
-0.019
-0.017
-0.026
-0.014
-0.02
0.0
-0.047
-0.082
-0.02
-0.058
-0.043
0.065
-0.011
-0.005
0.01
-0.057
-0.033
0.009
0.024
-0.09
0.011
0.03
-0.017
-0.03
-0.001
0.007
-0.027
-0.006
-0.047
0.006
-0.009
-0.045
-0.024
-0.012
-0.025
-0.087
-0.049
-0.065
-0.017
-0.078
-0.045
0.079
-0.026
-0.005
-0.054
-0.012
-0.062
0.085
-0.056
-0.03
0.068
0.047
0.039
0.005
-0.012
-0.072
-0.089
-0.001
0.033
-0.043
-0.023
-0.098
-0.032
-0.055
-0.04
0.059
-0.062
-0.038
-0.064
0.005
-0.008
-0.07
-0.007
0.04
-0.013
-0.003
-0.002
0.013
0.041
0.035
0.032
-0.02
-0.033
-0.048
-0.01
-0.017
-0.069
0.001
-0.095
-0.019
-0.061
-0.06
0.007
-0.063
0.006
-0.072
0.026
-0.012
0.005
-0.054
0.054
-0.025
0.102
-0.083
-0.065
-0.052
0.048
0.013
0.027
0.029
-0.027
0.028
0.076
-0.044
-0.009
-0.005
-0.031
-0.058
0.027
-0.01
0.023
-0.026
0.009
-0.078
-0.104
-0.026
-0.076
-0.054
0.01
-0.035
0.052
0.071
-0.027
-0.012
-0.036
-0.05
-0.102
-0.112
0.02
-0.007
-0.005
-0.032
0.089
-0.036
-0.045
-0.072
-0.043
0.059
-0.022
-0.102
-0.08
-0.044
0.056
0.008
-0.03
-0.092
-0.033
0.028
-0.039
-0.075
0.017
0.037
-0.03
-0.021
-0.001
0.033
0.0
-0.013
-0.057
0.028
0.039
0.002
-0.082
0.067
-0.031
0.011
0.004
0.043
-0.03
-0.045
-0.104
0.023
-0.056
-0.018
0.059
-0.042
-0.042
0.01
0.016
0.039
-0.021
-0.058
-0.017
0.034
0.077
-0.009
0.005
-0.024
-0.013
-0.006
-0.01
-0.009
0.05
0.001
0.049
-0.015
0.015
-0.002
-0.043
0.043
-0.042
0.03
-0.011
-0.007
0.045
-0.031
0.019
0.046
-0.069
-0.044
-0.043
-0.002
0.02
-0.001
-0.034
-0.041
-0.015
-0.02
0.004
0.021
0.054
-0.001
0.042
-0.058
-0.07
-0.042
0.02
-0.048
-0.037
-0.033
0.033
-0.038
0.014
0.063
0.044
-0.094
0.003
-0.006
-0.025
0.03
0.002
-0.061
0.007
-0.091
0.026
-0.12
0.086
-0.053
0.03
-0.025
-0.069
-0.09
0.016
-0.068
-0.04
-0.033
0.041
-0.072
0.002
-0.07
0.03
-0.042
-0.045
-0.024
-0.026
0.009
-0.024
0.023
0.008
0.057
-0.045
0.011
0.053
0.049
0.045
-0.016
-0.036
0.012
-0.011
0.047
0.048
0.002
0.04
-0.031
-0.007
0.028
0.009
-0.064
-0.061
-0.005
-0.033
0.01
-0.062
-0.009
-0.031
0.056
-0.051
-0.114
-0.029
-0.023
0.059
-0.064
0.032
-0.07
-0.035
0.048
-0.044
-0.011
-0.059
-0.022
-0.041
0.075
-0.089
0.033
0.014
-0.049
0.013
-0.048
-0.08
-0.001
-0.003
-0.102
0.013
-0.041
-0.011
-0.012
-0.031
-0.004
0.005
-0.065
-0.069
-0.034
-0.054
-0.028
0.009
-0.044
0.046
-0.024
-0.012
0.043
0.011
-0.003
-0.043
-0.02
0.036
0.036
-0.015
0.012
-0.014
-0.11
0.016
-0.017
-0.01
0.006
-0.027
-0.037
0.038
-0.013
-0.012
-0.043
0.006
-0.039
-0.028
-0.074
-0.049
-0.032
-0.068
-0.043
-0.017
0.027
-0.059
-0.035
0.052
-0.003
-0.038
-0.09
-0.085
-0.023
-0.145
0.092
0.019
0.033
-0.015
0.029
0.029
-0.034
0.006
-0.035
-0.086
-0.001
-0.043
0.041
0.057
0.006
0.045
-0.051
-0.015
0.0
-0.01
-0.004
-0.089
0.003
0.01
0.001
-0.049
0.041
-0.021
-0.045
-0.087
-0.035
0.003
0.065
-0.102
0.011
-0.02
0.042
0.011
-0.051
0.035
0.003
0.0
0.034
-0.023
0.029
-0.007
-0.07
-0.063
0.019
-0.035
0.055
-0.011
-0.057
-0.034
-0.026
-0.072
-0.022
-0.07
-0.074
-0.052
-0.005
-0.02
0.039
0.013
0.054
0.035
0.03
0.017
-0.088
-0.041
-0.039
0.018
0.045
0.019
-0.024
0.0
0.001
0.014
-0.069
-0.017
-0.02
-0.02
0.073
0.062
0.073
0.006
0.001
-0.004
0.031
-0.052
-0.001
0.01
-0.024
-0.002
-0.035
-0.049
-0.025
0.075
-0.046
-0.102
-0.127
-0.047
-0.028
-0.006
-0.004
-0.02
-0.033
-0.036
0.002
0.017
0.0
-0.044
0.014
0.016
-0.029
0.002
0.047
0.063
-0.047
0.068
-0.037
-0.07
0.001
0.009
-0.037
0.001
-0.058
0.005
-0.03
0.002
-0.022
-0.052
-0.064
-0.015
0.076
-0.038
0.031
-0.002
0.036
0.011
-0.008
-0.038
0.012
-0.01
-0.072
0.012
-0.021
0.016
-0.084
0.04
0.039
-0.109
0.007
-0.112
0.015
0.02
-0.01
-0.128
-0.045
0.023
-0.059
0.094
0.036
0.019
0.001
-0.059
0.035
0.005
0.017
-0.051
0.033
-0.001
-0.036
-0.049
-0.066
0.004
0.018
-0.065
-0.039
-0.007
0.066
-0.036
0.065
-0.022
0.002
-0.035
0.023
0.067
0.021
-0.003
0.022
-0.023
0.06
-0.018
0.052
-0.022
0.082
0.0
-0.009
-0.005
0.024
-0.065
0.017
0.033
-0.048
-0.112
0.034
-0.092
0.107
-0.006
-0.057
0.053
-0.007
-0.065
-0.029
-0.104
0.011
-0.039
-0.03
0.04
0.026
-0.003
-0.036
0.016
0.006
-0.06
-0.118
-0.011
-0.028
-0.076
-0.007
-0.005
-0.009
0.026
0.0
0.01
0.044
-0.071
0.031
-0.046
-0.081
-0.022
-0.076
-0.069
0.007
0.017
-0.05
0.031
-0.027
-0.041
0.005
0.004
-0.028
0.074
-0.019
-0.042
-0.012
0.056
0.019
-0.036
-0.05
-0.021
-0.063
0.045
-0.014
0.014
-0.039
0.056
-0.009
-0.013
-0.068
-0.011
-0.039
-0.076
0.007
0.087
-0.084
-0.054
-0.042
-0.033
0.146
-0.059
-0.016
0.039
-0.031
0.001
-0.025
-0.106
-0.052
0.015
0.008
-0.066
-0.111
0.0
0.061
-0.057
0.061
-0.006
-0.043
0.038
-0.033
-0.034
-0.07
-0.004
-0.007
0.003
-0.044
0.013
0.056
0.091
0.033
0.035
-0.003
-0.022
-0.027
0.042
-0.004
-0.064
-0.024
0.089
-0.08
-0.028
-0.015
-0.006
0.115
-0.027
-0.014
-0.004
0.034
-0.043
0.009
0.029
-0.001
0.006
0.032
0.016
-0.054
-0.04
0.015
-0.065
0.028
-0.048
-0.022
0.012
0.044
-0.016
0.01
-0.042
-0.096
-0.04
0.094
0.003
-0.043
0.016
0.027
0.01
0.0
0.012
0.071
-0.034
-0.005
0.002
0.048
-0.073
-0.09
-0.052
-0.012
0.063
0.018
0.0
-0.023
0.045
0.017
0.032
0.065
-0.095
-0.072
-0.025
-0.085
0.0
0.091
-0.024
-0.031
0.013
-0.059
0.022
0.028
-0.071
0.029
0.002
0.032
-0.011
0.001
0.074
0.047
-0.044
-0.033
0.009
0.058
0.007
-0.025
0.054
-0.021
-0.008
-0.021
-0.042
0.001
-0.018
-0.056
0.028
-0.003
0.014
-0.024
0.008
0.096
0.062
0.017
0.03
0.052
-0.006
0.021
-0.033
0.008
-0.015
-0.033
0.052
0.043
0.017
0.043
-0.105
0.03
0.105
0.011
-0.012
-0.037
0.012
-0.015
0.028
-0.018
-0.01
-0.066
-0.001
-0.04
0.027
0.021
-0.007
-0.042
-0.031
-0.005
0.02
-0.068
0.006
-0.015
-0.046
-0.053
-0.012
-0.075
0.006
0.093
0.035
-0.002
0.046
0.028
0.066
0.032
-0.007
-0.028
0.023
0.021
-0.062
0.048
0.006
-0.069
-0.014
0.044
0.0
0.011
0.018
0.036
0.071
-0.012
-0.087
0.009
-0.013
0.003
-0.022
0.007
0.016
0.009
0.009
0.064
-0.102
-0.032
-0.039
-0.13
-0.032
-0.06
-0.012
0.021
-0.014
-0.01
-0.026
-0.04
0.041
-0.094
-0.016
-0.053
0.025
0.037
-0.01
0.088
0.004
-0.097
-0.01
0.074
0.029
0.001
-0.029
0.037
-0.018
-0.103
-0.081
-0.06
-0.108
0.052
-0.012
0.003
0.026
0.053
-0.056
0.04
-0.073
-0.027
0.059
-0.059
-0.053
-0.011
0.033
0.017
0.065
-0.074
-0.085
-0.056
0.0
-0.018
0.014
0.048
0.015
0.007
0.001
-0.047
-0.005
-0.011
-0.03
-0.031
-0.059
-0.002
-0.047
-0.011
-0.005
0.003
0.055
0.012
-0.021
-0.057
-0.061
-0.05
0.043
-0.014
0.068
0.016
-0.103
-0.005
-0.102
-0.105
0.004
-0.098
-0.002
0.026
-0.032
-0.102
0.004
-0.047
0.077
0.007
-0.05
0.05
-0.008
-0.024
-0.026
0.002
-0.088
-0.051
0.016
-0.049
-0.031
0.054
-0.031
0.0
0.056
0.009
0.022
-0.021
0.041
-0.046
0.052
0.006
-0.029
0.071
-0.004
0.001
-0.025
0.094
-0.055
-0.003
-0.034
-0.018
-0.095
-0.015
0.011
0.065
-0.095
0.006
-0.053
0.039
-0.02
0.042
0.045
-0.066
0.001
0.009
-0.002
0.009
0.007
-0.076
-0.019
-0.019
-0.001
0.056
-0.02
0.049
-0.014
-0.013
0.006
-0.006
-0.006
0.061
0.067
-0.043
-0.01
0.029
0.05
-0.04
-0.031
-0.004
-0.028
-0.001
0.004
-0.019
0.0
-0.033
-0.03
0.014
0.039
-0.043
-0.053
-0.025
-0.073
-0.034
-0.042
-0.028
-0.022
-0.01
0.099
0.022
0.032
0.039
0.029
0.004
0.001
-0.001
-0.073
0.032
0.0
-0.007
-0.042
-0.052
-0.071
-0.009
-0.016
0.017
-0.031
-0.07
0.063
-0.087
0.062
-0.04
-0.066
-0.043
0.008
-0.068
-0.043
-0.06
-0.042
0.087
-0.009
-0.027
-0.034
-0.104
-0.006
0.024
-0.033
0.047
-0.007
-0.006
0.004
-0.007
-0.004
-0.08
0.042
-0.024
-0.108
0.038
-0.047
0.058
-0.02
-0.037
0.016
-0.051
-0.109
-0.084
0.018
-0.037
-0.003
-0.101
-0.064
-0.005
-0.026
0.05
-0.024
-0.083
0.029
0.06
0.02
-0.03
-0.046
-0.041
-0.02
0.003
0.007
0.044
0.016
-0.054
-0.034
0.018
-0.081
-0.051
-0.042
0.08
0.009
-0.013
-0.034
0.056
-0.016
0.007
0.01
0.046
-0.05
0.043
0.095
0.028
-0.064
-0.02
-0.08
-0.064
0.002
0.001
-0.014
-0.015
0.081
-0.008
-0.065
0.031
0.041
-0.003
0.011
0.016
-0.03
-0.01
0.018
0.054
-0.031
-0.027
0.015
-0.048
-0.017
-0.005
-0.021
0.081
-0.056
-0.006
0.051
0.0
-0.089
-0.048
-0.04
-0.023
0.011
-0.007
0.027
-0.098
-0.098
-0.004
-0.058
-0.045
0.006
-0.04
0.029
0.046
0.037
-0.003
-0.054
-0.002
0.006
0.016
-0.096
0.067
-0.062
-0.033
-0.011
0.005
-0.013
0.034
-0.029
0.038
-0.007
-0.091
-0.013
-0.073
0.043
-0.089
-0.038
-0.064
0.01
-0.08
-0.016
-0.031
-0.01
0.081
0.066
0.111
0.007
0.081
-0.09
-0.005
0.02
-0.026
-0.088
-0.058
-0.002
0.043
0.023
-0.03
0.031
-0.037
-0.011
-0.036
0.011
0.001
0.04
-0.082
0.02
0.048
-0.04
0.042
0.003
-0.034
-0.036
-0.007
0.012
-0.045
0.06
-0.036
-0.033
0.037
0.093
-0.002
0.014
-0.057
0.002
-0.035
-0.006
0.039
-0.072
-0.051
-0.005
0.012
0.105
-0.03
0.015
0.012
0.019
-0.073
-0.035
-0.023
-0.036
0.031
0.026
-0.073
0.058
-0.022
0.058
-0.012
-0.042
-0.036
-0.051
-0.044
-0.071
0.032
-0.043
-0.016
-0.033
0.091
0.018
-0.043
-0.025
0.014
0.01
-0.041
-0.062
-0.028
-0.058
-0.074
-0.034
-0.041
0.021
0.062
0.012
-0.065
-0.008
0.052
-0.045
-0.05
0.038
-0.064
0.023
-0.057
-0.017
-0.055
-0.055
-0.043
-0.026
-0.052
-0.09
-0.015
-0.022
0.009
-0.056
-0.02
0.016
-0.027
0.046
-0.042
-0.043
-0.034
-0.073
-0.029
0.074
0.052
-0.017
-0.004
-0.056
0.002
-0.007
0.035
-0.022
0.058
0.045
-0.013
-0.014
-0.022
-0.027
-0.117
-0.039
0.019
0.042
-0.003
-0.064
-0.045
-0.022
0.055
-0.052
-0.053
0.021
0.019
-0.107
0.011
0.052
-0.014
0.046
-0.028
-0.035
-0.068
-0.008
0.012
-0.05
-0.029
-0.04
-0.048
-0.035
0.071
-0.045
-0.052
-0.022
-0.012
0.001
0.002
-0.01
0.042
-0.099
-0.046
0.07
0.037
-0.062
-0.076
-0.056
-0.046
-0.089
0.018
-0.048
0.009
-0.046
0.046
-0.06
-0.025
-0.027
0.035
0.018
0.004
0.05
-0.022
-0.116
-0.017
0.015
-0.082
-0.031
-0.037
0.016
0.112
0.006
0.045
-0.122
-0.02
-0.03
0.011
-0.041
0.004
0.016
0.017
0.022
-0.011
0.026
0.045
-0.011
-0.074
-0.046
-0.12
-0.086
0.011
0.062
-0.059
-0.004
0.021
0.014
0.082
-0.014
0.041
-0.005
0.01
-0.051
-0.067
-0.035
-0.024
0.006
-0.01
-0.1
-0.096
0.013
-0.051
0.036
0.029
-0.006
-0.003
-0.082
0.001
-0.005
-0.087
0.064
-0.019
0.014
0.092
-0.088
-0.056
0.005
-0.002
-0.069
0.025
0.123
-0.036
0.048
-0.05
-0.026
-0.042
0.0
0.048
0.023
0.038
-0.009
0.051
-0.018
0.004
-0.032
-0.073
-0.021
-0.017
0.044
0.01
-0.097
-0.022
0.026
-0.04
-0.07
-0.031
-0.001
-0.035
0.004
-0.044
0.021
0.007
0.004
-0.025
-0.017
-0.002
-0.056
-0.001
0.009
-0.086
0.067
0.008
0.055
-0.044
-0.014
0.036
-0.035
0.02
-0.083
-0.074
-0.015
-0.086
0.018
-0.062
-0.049
-0.014
0.007
-0.013
-0.01
0.062
-0.02
0.002
-0.053
-0.001
-0.076
0.065
-0.103
0.015
-0.034
-0.123
0.008
-0.003
-0.057
-0.025
0.057
0.039
0.019
0.001
-0.066
-0.024
0.017
-0.055
0.02
-0.016
-0.033
-0.052
-0.038
0.002
0.024
0.009
-0.045
0.073
-0.03
-0.009
-0.047
0.022
-0.064
-0.051
0.007
0.063
0.0
0.046
-0.04
-0.024
-0.011
-0.033
-0.042
0.028
-0.066
-0.042
-0.004
0.055
0.033
0.026
0.005
0.03
0.019
-0.028
-0.085
-0.081
0.03
-0.016
0.025
-0.062
0.012
0.059
-0.018
-0.039
0.081
-0.036
-0.013
-0.118
-0.013
-0.068
-0.012
0.031
-0.041
-0.024
-0.031
-0.011
-0.051
-0.048
0.011
-0.015
-0.122
-0.046
-0.06
-0.072
-0.056
0.026
-0.071
-0.093
-0.061
0.034
-0.009
-0.017
-0.003
0.036
0.025
0.01
0.035
0.042
-0.048
-0.01
0.037
0.017
-0.018
-0.018
-0.023
0.039
-0.028
0.067
0.032
0.023
-0.024
-0.09
-0.065
0.054
-0.032
-0.015
-0.154
0.015
-0.05
-0.058
-0.025
0.057
-0.05
0.007
0.015
-0.036
0.007
0.002
-0.062
-0.032
0.033
0.001
0.022
-0.058
0.014
0.012
0.009
-0.021
-0.007
0.028
-0.067
-0.02
0.002
-0.08
-0.005
-0.008
-0.048
-0.088
0.051
0.045
0.034
-0.015
-0.055
0.033
-0.033
-0.077
-0.084
-0.035
0.038
-0.038
-0.004
-0.013
0.007
-0.001
0.024
0.016
-0.061
-0.096
-0.099
-0.022
0.042
-0.019
-0.027
-0.051
0.004
0.024
-0.011
-0.098
-0.004
-0.069
0.068
0.036
-0.02
-0.025
-0.036
-0.024
-0.025
-0.022
-0.014
0.033
0.082
-0.023
-0.028
0.01
-0.003
-0.106
0.027
-0.071
-0.032
-0.028
-0.062
-0.031
0.014
-0.111
-0.02
-0.038
-0.009
-0.043
-0.136
-0.061
-0.043
-0.016
0.005
0.002
-0.028
-0.006
0.057
0.022
-0.034
-0.102
0.013
0.06
0.024
-0.041
-0.001
-0.039
0.007
-0.01
-0.035
-0.009
0.014
-0.044
-0.025
0.036
0.014
0.039
-0.008
0.013
-0.016
0.025
0.004
-0.02
-0.03
0.031
-0.011
-0.03
0.025
0.043
-0.039
-0.057
0.016
-0.041
0.028
-0.026
-0.051
-0.038
-0.024
0.074
-0.046
0.027
0.012
-0.051
-0.105
-0.003
-0.06
-0.009
-0.039
-0.045
-0.01
-0.006
-0.049
0.05
0.066
0.065
-0.01
-0.034
0.025
0.061
-0.039
0.028
0.061
-0.009
-0.044
0.038
-0.13
-0.048
-0.051
-0.042
-0.087
-0.041
-0.042
0.003
0.045
-0.009
-0.04
0.102
0.024
0.051
-0.001
-0.017
-0.021
-0.034
0.108
0.002
0.025
-0.031
-0.014
-0.026
-0.026
-0.006
-0.039
0.018
-0.08
0.04
-0.003
-0.038
-0.033
-0.081
0.059
0.032
-0.034
-0.01
-0.029
0.022
0.01
-0.068
-0.049
-0.028
-0.014
-0.04
0.031
-0.107
0.01
-0.02
-0.006
0.036
-0.012
-0.05
-0.052
-0.004
-0.048
0.037
-0.018
0.004
0.061
0.034
-0.028
0.065
-0.02
-0.072
-0.036
0.023
-0.048
-0.015
-0.004
0.065
-0.03
0.032
-0.047
-0.001
-0.005
0.07
0.065
0.022
-0.031
0.033
-0.021
-0.063
-0.098
0.003
-0.08
0.013
-0.04
0.05
-0.007
0.075
-0.012
-0.021
0.05
0.029
0.084
0.05
-0.012
0.025
-0.07
0.031
-0.023
-0.034
-0.017
0.062
-0.107
0.023
-0.048
0.09
0.043
-0.028
0.051
0.001
-0.018
-0.06
-0.05
0.03
-0.021
0.044
-0.02
-0.018
0.061
0.125
0.011
-0.01
-0.024
-0.06
-0.042
0.034
-0.002
-0.008
0.016
0.042
-0.01
-0.02
-0.028
-0.006
-0.03
-0.076
0.036
0.038
-0.048
0.038
-0.059
-0.064
0.026
-0.004
0.071
0.007
-0.009
0.019
-0.021
-0.073
0.116
0.004
0.038
-0.053
0.071
-0.042
0.011
-0.024
-0.037
-0.038
0.023
-0.006
0.03
-0.018
0.05
-0.002
0.005
-0.029
0.02
0.004
-0.064
-0.109
0.032
0.099
0.001
0.12
-0.091
0.015
-0.044
-0.018
-0.048
-0.032
-0.094
0.042
-0.004
0.044
0.013
-0.03
-0.095
-0.049
0.029
-0.054
-0.047
-0.08
0.048
0.016
0.008
-0.095
0.02
0.011
-0.053
0.007
-0.022
-0.036
0.014
0.008
0.013
0.042
0.046
-0.058
-0.044
-0.02
0.025
0.034
0.03
-0.01
0.033
-0.074
0.048
0.048
0.082
-0.015
0.007
-0.02
-0.019
-0.056
-0.041
-0.002
0.052
-0.077
-0.036
-0.013
-0.042
-0.043
-0.008
-0.066
0.007
-0.046
0.027
0.051
-0.034
0.047
-0.016
0.029
-0.031
-0.014
-0.031
0.035
-0.026
-0.008
-0.015
-0.002
-0.022
0.019
0.021
-0.033
-0.021
0.023
0.004
-0.028
0.035
-0.059
0.018
0.047
-0.065
-0.015
0.032
-0.034
-0.01
0.009
0.054
0.04
0.031
-0.008
-0.015
0.028
-0.059
-0.036
0.002
0.038
-0.046
-0.046
-0.028
-0.015
0.011
-0.039
-0.089
0.032
-0.056
0.073
-0.022
0.047
-0.108
-0.002
0.006
-0.01
-0.006
0.032
-0.008
0.023
-0.061
-0.049
-0.003
-0.081
-0.029
0.119
0.006
-0.026
-0.046
0.015
-0.015
-0.006
-0.028
-0.056
0.08
-0.01
-0.061
-0.044
-0.012
-0.011
0.039
-0.072
-0.092
-0.024
0.016
0.001
-0.027
0.025
-0.006
-0.063
0.021
-0.04
0.001
-0.011
0.028
0.031
0.003
-0.004
-0.047
0.051
0.008
-0.065
-0.035
-0.007
-0.011
0.03
0.027
0.09
-0.028
-0.028
-0.057
0.006
-0.074
0.026
-0.09
-0.057
0.038
-0.015
0.019
-0.057
-0.005
0.0
-0.003
-0.056
-0.001
-0.05
-0.006
-0.113
0.021
-0.031
-0.051
0.052
-0.072
-0.031
-0.004
0.062
-0.01
-0.002
0.0
0.016
0.001
0.004
-0.009
-0.001
-0.011
0.02
-0.066
-0.075
-0.008
0.002
-0.002
-0.054
0.019
-0.06
-0.008
0.021
0.007
-0.032
-0.044
-0.021
0.021
-0.049
-0.008
-0.006
-0.008
-0.012
-0.042
-0.03
0.002
-0.009
-0.027
-0.073
-0.063
-0.005
0.004
-0.046
0.014
0.051
-0.042
0.003
-0.013
-0.024
-0.011
-0.016
-0.011
0.008
0.103
-0.001
0.028
-0.03
0.028
0.029
-0.07
-0.006
-0.089
-0.1
0.02
-0.043
-0.077
0.025
0.014
-0.11
0.031
-0.006
-0.043
-0.065
-0.021
0.005
-0.073
0.013
-0.004
-0.007
0.012
-0.015
0.011
0.007
0.031
-0.011
-0.033
-0.027
0.006
0.003
-0.024
-0.075
0.034
-0.029
0.024
0.106
0.013
-0.005
0.018
-0.046
0.003
-0.042
-0.055
0.037
0.038
0.034
0.002
-0.012
0.021
0.005
-0.016
-0.005
0.026
-0.094
-0.028
0.005
-0.03
-0.083
0.009
-0.012
-0.001
0.028
-0.024
0.01
0.034
-0.064
-0.005
-0.005
-0.034
-0.059
0.009
-0.081
0.01
0.015
0.024
-0.027
0.036
0.039
-0.028
0.038
0.066
-0.038
0.021
-0.01
-0.036
-0.039
-0.03
0.062
-0.028
0.032
-0.005
0.032
-0.03
-0.052
-0.036
-0.03
0.006
0.003
-0.043
0.021
-0.01
-0.007
0.003
0.046
0.059
0.02
0.069
-0.024
-0.035
-0.091
0.01
0.005
-0.039
-0.065
0.017
0.053
-0.019
-0.056
-0.022
-0.025
-0.064
-0.031
0.036
-0.018
-0.038
-0.045
0.061
0.03
-0.011
-0.006
-0.009
-0.057
-0.074
0.007
-0.071
-0.051
0.056
-0.069
0.008
-0.021
-0.039
0.026
0.108
-0.026
0.005
0.014
0.015
-0.011
-0.013
0.054
0.011
-0.044
-0.063
0.023
-0.036
-0.032
0.001
-0.005
-0.019
0.01
0.004
0.017
-0.04
-0.015
-0.011
-0.029
-0.034
0.03
0.009
0.073
0.022
-0.075
-0.011
-0.018
0.035
-0.039
0.039
-0.05
-0.021
-0.054
0.007
0.015
-0.056
-0.036
0.029
0.052
-0.061
-0.008
0.001
-0.026
-0.057
0.027
-0.025
0.071
-0.044
-0.042
0.008
-0.06
-0.049
0.009
0.02
-0.075
0.01
0.011
-0.029
0.001
-0.017
0.013
-0.041
-0.003
0.042
0.014
0.035
-0.091
-0.008
-0.113
-0.025
-0.027
0.029
0.037
-0.039
0.081
-0.068
0.027
-0.045
-0.072
-0.096
-0.043
-0.069
-0.053
0.033
0.047
-0.117
0.081
-0.031
-0.054
0.075
0.046
0.042
0.035
0.011
-0.001
-0.015
0.03
0.035
0.006
-0.002
0.003
0.008
-0.035
-0.053
-0.015
0.0
-0.023
-0.025
-0.032
-0.051
-0.035
0.062
-0.038
0.038
0.04
0.031
0.04
0.051
-0.061
-0.065
-0.056
0.04
-0.029
-0.015
0.004
0.007
0.054
0.022
-0.022
0.099
-0.072
0.041
0.018
-0.094
-0.054
-0.063
-0.019
-0.08
-0.072
-0.046
-0.032
-0.001
-0.034
-0.121
0.036
0.006
-0.067
0.037
-0.049
-0.039
0.011
-0.008
0.033
-0.033
0.02
-0.008
-0.026
-0.028
-0.019
-0.033
0.047
0.01
-0.01
-0.047
-0.05
-0.069
-0.019
-0.046
-0.021
0.023
-0.079
0.007
0.018
0.118
-0.017
-0.039
-0.048
0.012
-0.004
-0.012
-0.005
-0.058
-0.019
-0.023
0.012
-0.034
-0.002
-0.037
-0.057
0.028
-0.005
0.034
-0.091
-0.051
-0.039
-0.038
0.036
-0.026
-0.042
0.008
-0.009
-0.068
-0.043
-0.025
-0.004
0.027
0.05
0.083
-0.029
0.033
-0.027
-0.015
-0.013
0.032
0.034
0.081
0.005
-0.042
0.033
-0.021
-0.076
0.019
-0.033
-0.019
-0.052
-0.011
-0.108
-0.038
-0.048
-0.065
-0.004
-0.037
-0.017
0.037
-0.032
0.039
0.001
0.007
-0.021
0.0
-0.03
-0.03
-0.057
0.095
-0.037
-0.016
-0.025
-0.032
-0.032
-0.022
0.019
0.037
0.062
0.07
-0.108
-0.033
-0.051
0.04
0.006
0.028
-0.01
-0.027
0.006
0.042
-0.012
-0.016
-0.005
0.014
-0.078
-0.051
0.009
0.005
0.013
-0.163
-0.105
0.041
-0.063
-0.038
0.031
-0.027
-0.032
-0.072
0.09
-0.07
-0.022
-0.047
0.006
-0.02
0.034
-0.038
0.04
-0.038
-0.051
-0.016
-0.086
0.04
0.035
-0.122
0.018
0.078
-0.067
0.028
0.013
0.038
-0.054
-0.117
-0.01
0.069
-0.008
-0.032
-0.042
-0.007
-0.056
-0.041
-0.017
-0.085
0.01
-0.018
-0.065
-0.032
0.031
-0.001
-0.036
-0.053
-0.098
-0.039
0.081
-0.003
-0.052
0.055
0.01
-0.017
0.059
-0.081
0.001
0.058
-0.033
0.006
0.091
0.022
0.035
-0.013
-0.027
-0.112
0.015
-0.046
-0.029
-0.08
-0.046
-0.026
0.049
-0.004
0.065
-0.076
-0.003
0.068
-0.022
-0.032
0.018
-0.074
0.02
-0.078
0.004
-0.007
-0.057
0.067
0.008
-0.034
-0.048
-0.036
-0.036
-0.027
-0.019
-0.015
-0.016
-0.007
-0.028
0.12
0.075
-0.029
-0.008
-0.092
-0.04
0.049
0.041
-0.045
0.044
-0.071
0.028
-0.046
0.002
-0.045
-0.004
0.046
0.031
-0.088
0.083
-0.072
0.022
0.008
-0.014
-0.04
0.081
-0.12
0.029
0.055
0.017
0.007
0.004
-0.055
0.018
-0.023
-0.045
-0.029
-0.025
0.021
-0.063
-0.053
-0.083
-0.034
-0.058
0.014
-0.014
-0.049
-0.005
0.012
-0.094
-0.01
0.033
-0.038
0.023
-0.043
-0.017
0.031
-0.116
0.042
-0.089
-0.072
-0.04
-0.023
0.038
0.048
-0.039
-0.033
-0.017
0.038
0.024
-0.06
0.042
-0.036
0.043
-0.054
-0.011
0.057
0.007
-0.018
0.035
-0.042
0.062
-0.006
0.061
-0.085
-0.003
-0.057
-0.056
0.001
0.0
-0.052
0.013
-0.072
0.046
-0.034
-0.026
0.026
0.024
-0.057
-0.021
-0.009
-0.038
-0.029
-0.078
0.094
0.0
-0.061
0.039
0.053
-0.008
-0.024
-0.094
-0.017
-0.026
0.013
-0.027
0.033
-0.072
-0.033
-0.037
0.01
0.034
0.086
-0.085
-0.007
0.009
-0.03
-0.042
-0.042
-0.028
-0.017
-0.076
-0.015
0.025
-0.017
0.052
-0.006
-0.008
-0.052
-0.082
-0.068
0.031
0.026
-0.036
0.077
-0.043
0.053
-0.009
0.08
-0.043
0.017
-0.045
0.002
0.037
-0.012
0.046
-0.075
0.013
0.01
-0.019
0.053
-0.045
-0.075
0.031
0.006
0.096
-0.015
0.028
-0.065
0.004
0.04
0.015
-0.019
-0.041
-0.048
0.018
-0.027
-0.016
-0.021
-0.072
-0.211
-0.003
0.073
-0.039
-0.046
-0.053
-0.052
-0.057
0.024
0.004
-0.01
0.107
0.071
-0.044
-0.011
-0.013
-0.01
-0.01
0.016
-0.013
-0.051
-0.037
0.008
-0.005
0.105
-0.023
0.056
-0.031
0.009
-0.15
-0.011
0.001
0.002
-0.032
0.064
0.123
0.041
-0.015
0.008
-0.008
-0.077
0.046
0.023
-0.037
0.075
0.009
0.009
0.013
0.052
0.021
0.062
0.025
0.03
-0.015
-0.028
0.008
0.018
0.001
0.049
0.04
-0.039
-0.009
-0.066
0.062
-0.06
0.028
-0.122
-0.048
0.002
0.02
-0.047
0.025
-0.026
-0.099
-0.009
-0.015
0.041
-0.084
-0.022
-0.042
0.008
-0.067
0.045
0.013
-0.061
0.022
-0.048
0.0
-0.053
0.006
-0.058
-0.036
-0.158
0.014
-0.014
-0.005
0.079
-0.063
0.079
0.005
-0.036
-0.081
-0.027
0.01
-0.025
-0.021
-0.04
-0.07
-0.056
-0.118
-0.046
-0.012
0.001
0.03
-0.008
0.114
0.023
-0.016
-0.051
-0.023
-0.1
-0.03
0.016
-0.05
-0.08
0.047
-0.009
0.062
0.042
-0.029
0.054
0.009
0.036
-0.025
0.016
-0.03
-0.087
-0.012
0.091
-0.011
0.038
-0.031
0.008
0.019
-0.016
-0.011
0.059
0.094
-0.029
0.051
-0.024
0.006
-0.062
-0.027
0.033
-0.052
0.035
-0.027
0.038
0.089
-0.036
-0.145
0.066
0.009
-0.127
-0.017
0.045
0.057
-0.005
-0.026
-0.019
-0.1
-0.048
-0.084
0.023
0.056
0.004
0.019
-0.011
0.001
0.032
0.01
-0.053
-0.04
-0.037
0.103
-0.032
0.015
-0.068
0.029
-0.013
-0.02
0.043
-0.011
0.03
-0.032
0.047
-0.048
-0.046
-0.008
-0.034
-0.019
0.06
-0.002
-0.063
-0.03
-0.062
-0.048
0.017
-0.005
-0.07
-0.01
0.006
0.047
0.02
-0.026
-0.006
-0.027
0.068
-0.019
-0.001
-0.04
0.072
-0.072
-0.056
0.086
-0.052
-0.062
-0.019
-0.088
-0.028
0.026
0.009
0.013
-0.012
0.03
0.068
-0.008
0.091
-0.02
-0.019
0.029
-0.044
-0.011
-0.013
-0.069
-0.062
-0.008
-0.045
-0.034
0.013
0.013
-0.023
-0.011
-0.065
-0.005
-0.026
-0.001
0.012
-0.013
-0.034
0.021
-0.076
-0.005
-0.037
0.067
0.001
0.068
-0.022
0.053
-0.018
-0.025
0.021
-0.021
-0.078
0.098
-0.017
-0.04
-0.008
-0.01
0.015
-0.06
-0.033
-0.09
-0.01
-0.005
-0.052
0.015
0.061
0.007
-0.011
-0.057
-0.026
-0.064
0.005
-0.046
0.041
-0.036
-0.059
-0.019
-0.033
-0.034
0.009
0.003
0.021
-0.058
0.003
0.043
0.053
-0.013
-0.041
-0.093
-0.021
0.029
0.088
-0.044
-0.035
-0.054
-0.132
0.012
-0.002
-0.049
-0.078
0.003
-0.012
0.044
-0.067
0.011
0.007
0.016
0.039
0.037
-0.014
-0.02
0.003
-0.003
-0.046
-0.048
-0.021
-0.067
-0.028
0.006
0.016
-0.08
-0.017
0.036
0.008
0.032
-0.065
-0.011
0.099
-0.06
0.086
-0.008
0.055
-0.021
0.016
0.061
0.066
-0.053
0.065
0.015
0.04
0.056
-0.022
0.017
0.084
-0.071
-0.034
0.03
-0.03
0.006
0.025
-0.032
0.049
0.009
-0.001
-0.006
0.0
-0.048
0.018
-0.037
-0.11
-0.06
-0.043
0.007
-0.056
-0.045
-0.028
-0.025
-0.019
-0.071
-0.021
0.034
0.014
0.029
-0.042
-0.084
-0.045
-0.053
-0.033
-0.019
0.025
-0.029
0.005
-0.05
-0.057
0.046
-0.068
-0.079
0.023
0.036
-0.036
-0.05
-0.071
-0.021
-0.077
0.065
-0.001
-0.016
-0.083
-0.073
-0.004
0.056
-0.074
-0.022
-0.02
0.049
0.005
-0.008
0.025
-0.065
-0.087
-0.029
0.055
0.033
0.021
-0.018
-0.055
-0.103
-0.026
-0.066
0.001
0.002
0.014
-0.015
-0.068
-0.034
-0.039
-0.053
-0.022
-0.066
-0.027
-0.032
0.045
0.007
-0.124
0.028
0.017
-0.005
-0.047
-0.003
0.038
0.04
0.051
0.002
-0.066
-0.036
0.05
0.066
-0.053
-0.027
-0.032
-0.016
-0.015
-0.043
0.037
-0.035
0.01
-0.054
0.094
-0.021
-0.092
-0.035
-0.066
-0.059
-0.009
0.07
0.039
-0.006
0.019
-0.031
-0.055
0.03
0.015
0.047
-0.116
0.005
0.014
-0.025
-0.005
-0.045
-0.06
0.056
-0.089
0.008
0.032
0.024
-0.025
-0.078
0.062
0.046
-0.05
-0.049
0.05
0.036
-0.022
0.041
-0.04
-0.009
0.021
-0.04
0.019
-0.083
-0.011
-0.045
-0.093
0.049
0.106
0.005
0.047
-0.041
-0.105
0.073
0.017
0.036
-0.042
-0.047
-0.018
-0.009
-0.051
-0.034
-0.024
-0.006
-0.038
-0.092
0.02
0.064
0.063
0.081
-0.042
0.03
-0.031
0.017
-0.008
0.015
-0.059
0.053
-0.103
0.047
0.029
-0.055
0.002
0.024
0.025
-0.03
0.03
-0.036
-0.035
-0.043
-0.019
-0.012
-0.039
0.036
-0.042
0.002
-0.024
0.041
-0.09
0.096
-0.019
0.026
-0.007
-0.08
0.06
0.063
-0.113
0.006
-0.097
0.036
0.041
-0.031
-0.008
-0.077
-0.024
0.004
-0.026
0.013
-0.063
-0.015
-0.003
-0.002
0.03
-0.055
-0.023
0.018
-0.034
0.075
-0.028
-0.083
0.002
-0.036
-0.033
0.007
-0.01
0.018
-0.038
-0.003
-0.048
-0.035
-0.057
0.001
0.024
-0.023
-0.026
0.003
-0.016
-0.03
-0.009
0.029
-0.017
-0.048
0.011
-0.032
-0.073
-0.002
-0.05
-0.04
-0.057
-0.005
0.048
0.041
-0.055
-0.019
-0.005
0.008
0.059
-0.001
-0.017
0.075
-0.014
0.025
-0.061
0.004
-0.07
0.057
-0.001
-0.005
0.036
0.05
-0.078
-0.039
-0.047
-0.05
-0.075
0.009
-0.051
-0.034
0.024
0.001
-0.015
0.028
-0.033
-0.025
-0.012
-0.051
0.018
-0.02
-0.007
0.017
-0.033
0.017
0.09
0.018
0.027
-0.049
-0.009
-0.025
0.018
0.041
-0.03
-0.059
-0.046
-0.001
0.015
-0.023
0.062
-0.102
0.004
0.022
-0.045
-0.014
0.016
-0.026
-0.029
-0.018
0.032
0.085
0.059
0.007
0.021
-0.039
0.002
0.038
0.005
0.008
-0.044
0.046
-0.007
-0.019
0.055
-0.026
0.007
0.003
-0.034
-0.008
-0.021
0.019
-0.005
-0.032
-0.081
0.043
0.026
0.045
-0.041
0.071
0.017
-0.083
0.005
-0.026
-0.004
-0.003
-0.025
-0.086
0.006
-0.036
-0.053
-0.064
0.069
0.085
0.011
-0.026
0.048
-0.038
-0.025
-0.021
-0.046
0.043
-0.017
-0.049
0.047
0.049
0.051
-0.072
0.034
-0.073
0.0
-0.004
0.008
0.042
0.043
0.058
-0.004
-0.048
0.008
-0.1
0.062
-0.01
-0.122
-0.017
0.027
-0.008
0.072
0.043
-0.022
0.008
0.038
-0.02
0.013
-0.001
0.016
-0.011
-0.038
0.023
-0.079
-0.027
0.014
0.002
-0.084
-0.044
0.002
0.031
-0.1
-0.051
-0.001
-0.035
0.015
-0.01
0.012
0.056
-0.018
0.012
-0.036
-0.028
0.058
0.004
-0.024
-0.127
0.009
-0.068
-0.017
-0.079
0.023
0.069
0.008
-0.011
0.035
0.043
-0.03
-0.006
-0.108
-0.06
-0.002
-0.037
0.029
0.059
0.002
0.024
0.056
0.048
-0.131
-0.026
-0.127
-0.049
0.015
-0.014
-0.055
-0.002
0.027
-0.099
0.056
0.022
0.058
-0.032
-0.031
-0.004
0.038
-0.093
-0.06
0.033
-0.006
-0.087
0.091
-0.036
0.07
-0.005
-0.06
0.039
-0.038
-0.075
0.043
-0.066
-0.038
0.033
-0.051
0.015
0.035
0.037
-0.082
-0.013
-0.017
0.018
0.023
0.015
-0.022
0.023
-0.028
0.031
0.044
0.024
-0.047
-0.069
-0.026
-0.071
0.038
-0.04
-0.032
-0.056
0.025
-0.021
-0.021
-0.051
-0.006
0.011
0.031
-0.033
-0.031
-0.007
-0.061
-0.015
0.049
-0.017
-0.014
-0.049
-0.021
0.022
0.057
-0.037
0.078
-0.046
-0.019
-0.007
-0.054
0.012
0.017
-0.002
-0.024
0.056
-0.023
-0.01
0.057
-0.02
0.015
0.052
0.042
0.036
-0.035
-0.053
0.012
0.033
-0.023
0.055
-0.09
0.037
0.003
-0.001
-0.02
-0.007
-0.013
0.011
0.073
-0.041
-0.07
-0.052
-0.055
-0.033
0.0
-0.041
0.021
-0.008
-0.019
0.069
-0.009
-0.044
0.012
0.006
0.0
0.046
-0.094
-0.06
0.059
-0.006
0.041
-0.071
-0.012
0.02
0.043
0.055
-0.01
-0.058
0.004
-0.059
-0.006
-0.006
0.031
-0.013
-0.06
-0.057
0.033
0.008
-0.069
-0.005
-0.024
-0.009
-0.013
0.036
-0.055
-0.032
0.029
-0.011
-0.018
0.021
0.055
0.133
-0.031
-0.059
0.029
-0.045
-0.017
-0.039
-0.058
-0.047
-0.001
-0.035
-0.017
-0.003
-0.061
-0.001
0.056
-0.145
-0.036
0.009
-0.02
-0.003
-0.099
-0.086
-0.019
0.036
-0.066
-0.052
-0.029
-0.013
-0.003
-0.03
-0.002
0.067
0.037
-0.049
-0.015
-0.031
0.018
0.034
-0.015
0.039
-0.084
0.041
-0.04
-0.04
0.055
0.032
0.095
0.024
-0.056
0.077
0.076
0.009
0.042
0.03
-0.015
0.011
-0.007
-0.01
0.085
0.0
0.035
-0.041
0.108
-0.033
-0.044
0.036
-0.076
0.087
-0.044
-0.08
0.016
0.0
-0.006
0.041
-0.055
-0.094
0.0
-0.05
0.071
-0.032
-0.029
0.039
0.016
0.075
-0.029
0.013
-0.071
0.006
0.003
0.015
-0.086
0.059
0.031
-0.034
0.003
0.026
0.059
0.059
-0.056
0.064
0.057
0.066
-0.021
-0.01
-0.029
-0.031
-0.027
-0.057
-0.038
-0.018
-0.048
0.018
-0.093
0.061
-0.112
0.045
-0.067
-0.066
-0.014
0.03
-0.026
0.069
-0.075
0.007
0.039
0.02
-0.092
0.082
0.025
0.014
-0.011
-0.072
-0.029
0.03
0.055
-0.014
-0.013
0.018
0.067
-0.027
-0.034
-0.032
-0.005
-0.014
-0.028
-0.115
-0.112
0.023
-0.009
-0.01
-0.028
-0.027
0.047
-0.019
0.0
-0.007
0.033
-0.007
0.057
0.041
0.03
0.007
-0.013
-0.049
-0.006
-0.02
-0.043
0.046
0.003
0.044
-0.029
0.005
0.021
0.022
-0.042
0.025
0.016
0.006
0.023
-0.025
-0.065
-0.006
-0.006
0.01
-0.019
0.023
-0.04
0.079
0.064
-0.055
-0.002
-0.017
-0.083
-0.027
-0.077
-0.012
-0.006
0.003
-0.005
0.013
0.033
-0.057
-0.027
-0.041
0.013
0.032
-0.043
0.041
-0.046
0.092
0.068
-0.026
-0.007
-0.017
-0.028
0.027
-0.015
-0.034
-0.005
-0.034
0.07
-0.011
-0.026
0.056
0.035
-0.004
-0.003
0.039
0.021
-0.041
-0.049
0.015
0.004
0.001
0.013
-0.056
-0.006
0.005
0.069
-0.021
0.002
-0.037
0.01
0.06
0.018
-0.04
-0.058
-0.045
0.007
-0.03
-0.039
-0.013
0.078
-0.019
-0.002
0.02
0.054
-0.085
-0.034
-0.023
-0.035
0.074
-0.049
0.049
-0.037
-0.034
-0.029
-0.008
0.03
-0.015
-0.043
-0.002
0.047
0.08
-0.037
0.012
-0.077
-0.087
0.043
-0.05
-0.013
-0.1
-0.024
0.01
-0.056
-0.054
0.018
-0.032
-0.085
-0.027
-0.058
-0.087
-0.011
0.023
0.009
-0.035
-0.072
-0.077
0.003
-0.045
-0.045
0.031
0.045
0.007
-0.048
-0.005
0.004
-0.037
0.026
-0.024
-0.015
0.017
0.072
-0.042
0.028
0.033
0.038
-0.054
0.022
-0.032
-0.049
-0.001
-0.073
-0.04
0.023
-0.013
0.069
0.058
-0.059
-0.038
-0.029
-0.057
-0.039
-0.054
0.006
0.036
0.028
-0.012
0.041
-0.042
-0.007
-0.025
-0.022
-0.038
-0.112
-0.027
0.053
0.065
0.023
-0.065
0.024
-0.068
0.026
-0.006
-0.041
-0.047
-0.003
0.065
-0.052
0.024
-0.027
0.003
0.064
-0.02
-0.045
-0.006
-0.001
0.049
-0.1
-0.014
-0.031
-0.043
0.015
-0.026
-0.042
0.016
-0.018
-0.016
0.011
-0.053
0.03
0.042
0.085
0.043
-0.015
0.04
0.071
0.034
0.0
-0.027
-0.044
-0.014
-0.019
-0.031
-0.109
-0.044
0.042
-0.048
0.053
-0.055
0.007
0.016
0.022
0.011
-0.035
-0.11
-0.098
0.024
-0.115
-0.047
0.031
-0.034
-0.008
-0.031
-0.072
-0.024
-0.019
0.051
0.019
0.077
-0.066
-0.009
-0.031
0.04
-0.005
-0.02
0.027
-0.007
-0.04
0.082
-0.064
-0.031
-0.032
-0.042
-0.038
-0.025
-0.011
-0.008
0.074
-0.019
-0.032
-0.07
-0.101
0.038
0.014
0.001
-0.025
0.02
-0.031
-0.067
-0.022
0.004
0.03
-0.008
0.012
-0.028
-0.054
0.0
0.015
-0.007
-0.044
0.053
-0.058
0.004
0.071
-0.029
-0.051
0.06
-0.055
-0.02
-0.011
0.009
-0.001
0.093
0.096
-0.007
-0.004
-0.046
0.014
0.037
0.017
-0.014
-0.012
-0.008
0.061
-0.055
-0.072
-0.039
-0.021
-0.016
0.005
-0.068
-0.06
0.045
-0.001
-0.026
0.014
-0.045
-0.089
-0.027
-0.052
0.014
0.076
0.039
0.088
-0.024
0.098
-0.012
0.058
0.024
-0.04
0.053
-0.026
0.078
-0.049
-0.07
0.023
-0.046
-0.017
0.018
-0.032
-0.029
0.0
0.1
0.053
-0.029
-0.014
-0.067
0.029
0.045
0.024
0.061
-0.064
0.06
-0.011
-0.057
-0.008
0.019
-0.03
-0.025
0.074
-0.052
0.031
-0.003
-0.054
-0.002
-0.123
0.008
-0.041
0.051
-0.037
-0.043
0.015
0.001
-0.082
0.017
-0.012
0.032
-0.032
0.025
-0.024
-0.053
-0.007
0.026
-0.038
0.031
-0.02
-0.042
-0.068
0.007
-0.02
-0.006
0.022
-0.019
-0.062
-0.097
0.055
-0.054
-0.032
-0.004
-0.083
-0.02
0.008
0.009
-0.063
-0.059
0.008
0.026
-0.061
0.03
0.004
-0.034
-0.04
0.067
-0.018
0.026
0.022
0.016
-0.101
0.008
-0.053
0.036
0.01
-0.038
0.061
-0.041
-0.038
-0.008
0.018
0.034
0.001
-0.077
0.021
0.057
-0.008
-0.031
0.059
-0.064
0.061
-0.029
-0.083
0.004
-0.095
0.008
-0.073
-0.034
-0.015
-0.017
-0.037
-0.061
-0.054
0.026
-0.012
-0.056
0.042
0.052
-0.008
-0.01
-0.007
0.07
0.05
0.009
-0.035
-0.05
0.021
-0.009
-0.019
-0.105
-0.023
-0.008
-0.016
0.037
0.026
-0.07
0.03
0.044
-0.028
0.003
-0.075
-0.025
-0.042
0.011
0.027
-0.002
-0.071
-0.03
0.007
-0.025
-0.011
-0.023
-0.038
0.002
-0.005
-0.01
-0.048
0.015
0.01
0.001
0.035
-0.009
-0.057
0.015
-0.096
-0.054
-0.054
-0.019
-0.077
-0.052
-0.012
-0.052
0.02
-0.025
-0.011
-0.066
-0.038
0.014
-0.026
-0.056
-0.035
0.0
0.044
-0.037
-0.023
-0.028
-0.02
0.086
0.053
0.006
0.0
-0.01
-0.033
-0.014
-0.002
-0.007
0.029
-0.068
-0.104
0.011
0.012
0.084
-0.07
0.008
0.02
-0.04
0.019
0.022
0.065
-0.033
0.021
-0.075
0.144
0.018
0.05
-0.023
-0.003
-0.026
-0.055
-0.036
-0.01
-0.059
0.018
0.01
-0.03
0.03
0.025
0.061
0.029
0.126
-0.013
-0.014
-0.101
-0.021
-0.062
-0.057
0.048
-0.083
0.054
-0.085
-0.038
-0.02
-0.041
-0.048
-0.014
-0.018
0.02
0.039
0.024
-0.048
-0.034
0.05
0.017
-0.059
-0.051
-0.028
0.019
0.006
-0.061
-0.043
0.033
-0.064
-0.022
-0.074
0.071
0.004
-0.048
0.004
0.011
-0.086
-0.036
0.002
-0.01
-0.038
0.025
0.017
-0.07
0.011
0.0
-0.013
0.069
0.033
-0.035
-0.073
-0.072
0.038
-0.072
-0.023
0.024
-0.002
0.036
-0.076
-0.06
-0.007
-0.037
-0.049
0.029
-0.025
-0.025
0.01
-0.029
-0.012
0.029
0.03
0.043
-0.032
0.022
0.109
0.005
-0.046
0.033
0.021
-0.031
0.014
-0.056
-0.035
0.012
-0.026
0.033
0.091
-0.015
-0.063
0.034
-0.054
0.016
-0.058
0.034
-0.06
-0.052
-0.083
-0.034
-0.079
-0.024
-0.033
-0.05
-0.057
0.099
-0.032
0.007
0.013
-0.014
-0.025
0.018
-0.038
-0.068
-0.056
-0.012
-0.058
-0.046
-0.044
-0.025
-0.01
-0.094
-0.11
-0.068
0.013
0.029
-0.024
0.043
0.037
-0.004
0.104
-0.108
-0.008
-0.058
-0.014
-0.015
-0.004
-0.019
0.011
0.01
-0.051
0.036
-0.011
-0.006
-0.078
-0.007
-0.054
-0.026
0.017
0.048
0.022
-0.039
-0.003
0.007
-0.014
-0.033
0.039
0.044
-0.014
-0.036
0.076
-0.079
-0.008
-0.109
0.049
-0.017
0.034
0.014
0.037
-0.057
0.033
-0.1
0.012
-0.03
-0.02
-0.038
-0.079
0.077
0.042
0.008
-0.067
-0.018
-0.023
0.067
-0.027
0.007
0.095
-0.008
0.127
-0.027
-0.015
0.03
0.012
-0.053
0.022
-0.051
0.061
-0.007
0.027
-0.088
0.023
-0.05
-0.014
-0.071
-0.014
-0.009
0.127
0.035
-0.038
-0.068
0.04
0.007
-0.016
0.082
0.043
0.073
0.015
-0.027
0.01
-0.015
0.009
-0.013
0.026
-0.014
-0.036
0.094
0.022
-0.015
-0.032
0.051
0.007
-0.001
0.009
-0.011
-0.046
-0.04
-0.054
-0.025
0.0
0.006
0.025
0.021
0.076
-0.002
-0.052
0.005
-0.028
0.038
0.073
-0.008
0.129
0.023
0.028
-0.013
-0.103
0.015
-0.023
-0.017
0.035
0.002
-0.049
0.013
-0.107
0.033
0.011
-0.073
-0.014
-0.069
-0.045
0.023
-0.036
-0.006
-0.07
-0.02
0.063
0.036
0.004
0.036
-0.006
-0.051
-0.028
-0.026
-0.049
0.018
0.136
-0.02
0.018
0.043
0.044
-0.036
-0.023
0.042
-0.128
0.03
-0.005
0.065
0.002
-0.084
-0.068
0.016
-0.045
0.012
0.086
0.0
-0.013
0.014
0.104
-0.043
0.013
-0.043
-0.022
-0.018
-0.119
-0.068
-0.039
-0.015
-0.037
0.056
-0.016
-0.044
0.035
0.016
-0.064
-0.01
-0.05
0.004
0.003
-0.026
-0.055
-0.057
-0.03
-0.044
-0.019
-0.037
0.05
-0.042
-0.155
-0.037
0.016
0.0
-0.016
-0.034
-0.064
-0.046
-0.007
-0.019
-0.058
-0.025
-0.084
-0.001
-0.064
0.007
0.005
0.011
0.001
0.006
-0.044
-0.004
-0.05
0.029
0.002
0.047
0.018
-0.012
-0.006
-0.036
-0.042
0.08
-0.003
-0.059
0.029
0.045
-0.041
-0.019
-0.002
0.005
0.041
-0.004
-0.018
-0.014
-0.003
0.044
0.013
-0.035
0.011
0.043
-0.111
-0.081
-0.061
0.01
-0.007
-0.064
0.059
0.025
-0.017
-0.038
0.001
0.019
0.0
-0.007
0.044
-0.019
-0.002
-0.003
0.039
-0.015
0.028
-0.067
-0.015
0.022
-0.016
0.019
-0.046
0.032
0.069
0.017
-0.004
0.017
-0.001
0.007
0.013
-0.061
-0.021
0.015
0.032
-0.047
0.016
-0.028
0.095
-0.073
-0.027
0.0
-0.096
0.091
0.009
-0.063
-0.036
-0.004
-0.042
-0.054
-0.053
-0.041
0.002
-0.126
-0.007
-0.005
-0.038
-0.029
-0.058
-0.063
0.064
0.097
-0.021
-0.053
-0.032
-0.02
0.036
-0.022
0.075
-0.042
-0.045
-0.041
0.034
-0.054
-0.099
-0.069
-0.044
-0.108
0.002
-0.004
-0.015
0.0
-0.059
-0.035
-0.029
-0.076
0.003
-0.005
-0.001
-0.055
-0.049
-0.083
-0.069
0.001
-0.042
-0.018
0.037
-0.009
-0.032
0.027
0.057
-0.08
-0.053
-0.069
0.009
-0.034
-0.002
0.036
0.102
-0.009
0.02
0.056
-0.021
-0.003
-0.004
-0.04
-0.001
-0.04
0.035
0.013
-0.013
0.027
0.076
0.007
-0.008
-0.002
0.0
-0.031
0.054
-0.023
-0.03
-0.012
-0.053
-0.016
0.015
0.045
0.016
0.06
0.019
0.028
-0.046
0.06
-0.025
0.008
-0.05
-0.08
0.0
-0.007
-0.005
-0.022
0.073
0.022
-0.032
-0.012
-0.049
0.072
-0.046
0.029
-0.058
0.025
-0.043
-0.049
0.022
-0.007
0.001
-0.086
0.06
-0.015
-0.054
-0.094
-0.01
-0.016
0.009
0.029
-0.005
-0.063
-0.018
0.02
-0.013
-0.062
0.02
-0.035
-0.03
0.149
0.001
-0.005
-0.012
0.112
0.072
-0.054
-0.02
0.038
0.095
-0.05
-0.054
-0.062
-0.062
0.013
0.035
-0.006
-0.014
0.011
0.017
-0.03
0.018
0.045
-0.036
0.016
0.01
-0.096
-0.044
-0.035
-0.059
0.002
0.029
-0.022
-0.049
0.015
0.02
-0.056
0.009
-0.048
0.056
-0.078
-0.06
0.018
-0.06
0.033
-0.006
0.005
0.038
-0.029
0.041
0.055
-0.06
0.0
0.002
-0.045
-0.028
0.019
0.007
0.036
0.02
0.042
-0.034
-0.097
0.036
-0.004
-0.042
0.048
-0.019
-0.016
-0.022
-0.054
-0.027
-0.064
0.011
0.009
0.052
-0.009
-0.012
-0.024
-0.049
0.004
-0.081
-0.003
0.095
0.0
0.003
-0.004
0.014
0.035
-0.031
-0.035
-0.046
-0.019
-0.001
0.027
-0.006
-0.054
0.012
-0.046
0.09
-0.01
0.063
-0.022
0.011
0.03
0.001
-0.005
-0.096
0.006
0.019
-0.032
-0.025
0.039
-0.007
0.084
-0.039
-0.117
-0.074
0.096
-0.003
-0.031
0.022
0.005
-0.064
0.029
0.023
0.002
0.0
-0.004
-0.057
-0.025
-0.033
-0.031
-0.007
-0.037
0.023
-0.03
-0.019
-0.054
-0.063
0.025
-0.005
0.01
-0.01
0.001
-0.012
-0.03
-0.037
-0.013
0.023
-0.127
-0.071
-0.008
-0.097
-0.031
-0.08
-0.002
-0.061
-0.04
0.015
-0.069
-0.058
-0.06
-0.032
0.097
-0.019
0.034
-0.054
-0.014
-0.097
-0.03
-0.01
0.015
0.03
0.039
0.008
-0.111
0.008
-0.02
-0.069
0.055
-0.095
0.001
-0.138
0.016
-0.022
0.011
-0.075
-0.014
-0.063
0.029
-0.079
0.028
0.027
-0.034
0.021
-0.114
-0.092
0.062
-0.047
0.011
-0.037
-0.066
-0.07
-0.04
-0.037
0.009
-0.011
-0.055
0.011
0.057
-0.012
0.0
0.009
0.032
-0.084
-0.037
0.023
-0.014
0.052
0.036
-0.062
0.007
-0.029
-0.031
0.06
0.015
-0.007
-0.024
-0.035
0.029
-0.023
-0.024
0.053
0.035
-0.017
-0.045
0.062
0.052
0.025
-0.041
0.009
0.044
0.013
-0.035
-0.052
-0.078
-0.069
-0.028
-0.027
-0.073
0.002
-0.044
-0.024
-0.03
-0.035
0.013
0.049
-0.027
0.042
-0.002
0.02
-0.005
-0.021
-0.041
-0.027
-0.005
-0.02
-0.006
-0.11
-0.028
-0.03
-0.011
-0.002
0.035
-0.048
0.047
-0.037
-0.089
-0.066
0.005
0.022
-0.008
-0.027
-0.008
-0.004
-0.044
-0.012
-0.022
-0.078
0.059
-0.037
0.002
-0.067
-0.104
-0.082
0.1
-0.008
-0.038
-0.043
-0.004
0.001
0.047
-0.009
-0.091
-0.074
0.037
0.002
0.003
-0.043
0.026
0.038
0.034
-0.014
-0.021
-0.003
0.035
-0.003
0.021
0.038
0.022
-0.03
-0.077
-0.075
-0.018
-0.036
-0.027
-0.074
-0.008
-0.014
0.019
0.025
-0.045
0.062
-0.029
-0.024
0.041
-0.1
-0.085
-0.002
-0.003
0.077
-0.031
0.027
0.019
-0.009
-0.041
0.009
-0.044
0.022
0.01
0.014
-0.027
-0.047
0.049
-0.011
0.092
0.053
0.001
-0.036
0.022
0.048
0.072
-0.011
0.055
-0.026
0.034
-0.004
0.04
0.061
0.105
-0.022
-0.047
0.019
0.014
0.0
0.01
-0.014
-0.015
-0.016
-0.016
0.001
-0.021
0.007
-0.026
-0.032
-0.023
-0.038
-0.124
-0.008
0.032
-0.039
0.039
-0.026
-0.011
-0.101
-0.002
-0.029
-0.028
0.046
0.057
0.009
0.042
0.042
0.062
0.001
-0.041
-0.007
-0.035
0.015
-0.02
0.018
-0.031
-0.048
0.098
-0.046
0.025
-0.068
0.052
0.092
-0.035
-0.043
0.044
-0.003
-0.01
-0.024
0.027
-0.024
-0.006
-0.06
0.063
0.019
-0.048
0.015
-0.054
-0.003
0.025
-0.041
-0.003
-0.071
0.02
-0.054
-0.043
-0.087
-0.079
-0.015
-0.119
0.058
-0.018
0.024
-0.067
-0.012
-0.006
0.069
0.025
-0.037
-0.055
0.053
0.036
-0.022
-0.033
-0.003
-0.061
0.001
0.077
0.038
0.027
-0.007
-0.058
0.042
0.02
0.048
0.017
0.01
-0.032
-0.051
0.003
0.057
0.008
-0.021
-0.058
0.021
-0.017
-0.039
0.022
-0.15
-0.065
0.06
0.018
0.013
0.025
0.057
-0.118
-0.022
0.044
-0.001
-0.033
0.037
-0.016
-0.006
0.013
0.033
0.033
-0.023
-0.076
-0.03
-0.044
-0.114
0.039
-0.052
0.061
-0.027
0.024
-0.05
-0.059
0.016
-0.033
-0.018
-0.133
0.006
0.01
-0.053
-0.054
0.065
0.047
0.022
0.001
-0.061
-0.034
-0.009
-0.035
-0.082
-0.037
0.04
-0.026
-0.082
-0.055
0.031
-0.032
-0.033
-0.041
0.019
-0.072
-0.04
-0.014
0.006
0.0
0.019
0.024
0.025
-0.032
-0.061
0.055
-0.063
0.018
0.07
0.032
-0.022
-0.092
-0.001
-0.052
0.086
-0.092
-0.012
0.009
-0.045
-0.085
-0.018
-0.015
-0.086
-0.004
-0.036
-0.024
-0.036
-0.109
0.081
-0.033
-0.016
-0.043
-0.049
0.061
-0.011
0.02
0.039
-0.075
-0.078
-0.027
-0.025
0.013
-0.023
-0.089
-0.058
0.036
-0.029
-0.052
0.017
-0.052
0.101
-0.019
-0.058
0.004
-0.082
-0.092
-0.057
0.049
0.04
0.036
-0.044
0.086
0.084
-0.06
0.045
0.046
0.015
-0.078
0.005
0.05
-0.037
0.006
0.012
-0.073
0.037
-0.113
-0.005
-0.035
-0.021
0.003
-0.01
-0.051
-0.043
-0.025
0.007
0.017
0.009
-0.054
0.003
-0.027
0.05
-0.038
-0.028
0.002
0.001
-0.07
0.034
-0.056
-0.004
0.098
-0.047
-0.043
-0.01
0.051
-0.029
-0.018
-0.064
-0.055
-0.032
0.05
-0.084
0.01
-0.025
0.024
0.091
-0.021
0.026
-0.06
-0.056
-0.021
-0.091
-0.025
0.013
0.004
-0.036
-0.01
0.019
-0.03
-0.014
0.012
-0.07
-0.053
-0.004
-0.087
-0.018
-0.012
-0.007
-0.039
0.019
0.022
-0.034
-0.08
-0.087
0.023
0.04
-0.001
-0.059
0.017
0.047
0.004
0.065
-0.021
0.063
-0.038
-0.098
0.007
0.009
0.062
-0.016
-0.029
0.026
0.029
-0.065
0.016
0.005
0.022
0.054
0.025
-0.013
-0.035
0.03
-0.003
0.0
0.023
-0.025
0.025

