0.106
0.101
0.154
0.253
0.19
0.116
0.218
0.212
0.232
0.222
0.208
0.166
0.202
0.075
0.266
0.195
0.248
0.05
0.222
0.169
0.294
0.261
0.268
0.189
0.132
0.069
0.192
0.232
0.184
0.227
-0.031
0.156
0.201
0.297
0.295
0.403
0.145
0.207
0.249
0.35
0.023
0.221
0.257
0.189
0.218
0.172
0.204
0.261
0.138
0.009
0.077
0.158
0.253
0.117
0.091
0.222
0.304
0.261
0.042
0.137
0.204
0.129
0.243
0.189
0.177
0.246
0.213
0.249
0.158
0.076
0.203
0.17
0.083
0.224
0.321
0.017
0.241
0.172
0.141
0.19
0.156
0.103
0.059
0.204
0.287
0.028
0.186
0.344
0.205
0.236
0.255
0.007
0.012
0.068
0.126
0.141
0.18
0.178
0.244
0.114
0.208
0.196
0.212
0.025
0.129
0.23
0.148
0.194
0.182
0.11
0.291
0.073
0.038
0.236
0.111
0.148
0.304
0.179
0.234
0.22
0.206
0.198
0.221
0.289
0.149
0.207
0.108
0.204
0.22
0.129
0.239
0.021
0.184
0.208
0.181
0.284
0.174
0.19
0.2
0.177
0.234
0.287
0.253
0.239
0.246
0.164
0.184
0.198
0.16
0.201
0.276
0.205
0.148
0.151
-0.001
0.107
0.136
0.112
0.121
0.089
0.113
0.224
0.195
0.265
0.048
0.187
0.1
0.115
0.218
0.213
0.129
0.195
0.133
0.238
0.09
0.173
0.012
0.296
0.11
0.282
0.197
0.105
0.194
0.248
0.245
0.128
0.04
0.299
0.235
0.232
0.168
0.226
0.048
0.212
0.218
0.316
0.24
0.206
0.021
0.209
0.245
0.22
0.182
0.11
0.112
0.278
0.183
0.141
0.2
0.024
0.155
-0.004
0.315
0.152
0.327
0.187
0.281
0.149
0.271
0.045
0.125
0.177
0.168
0.252
0.239
0.187
0.259
0.21
0.195
0.227
0.235
0.32
0.235
0.221
0.115
0.165
0.258
0.291
0.146
0.197
0.241
0.121
0.189
0.049
0.13
0.24
0.1
0.03
0.171
0.163
0.194
0.173
0.154
0.268
0.015
0.238
0.17
0.241
0.148
0.16
0.164
0.175
0.178
0.079
0.183
0.03
0.171
0.302
0.261
0.051
0.042
0.168
0.064
0.347
0.238
-0.001
0.176
0.315
0.249
0.18
0.27
0.285
0.181
0.202
0.311
0.282
0.227
0.181
0.062
0.003
0.285
0.161
0.217
0.18
0.16
0.323
0.26
0.136
0.254
0.208
0.174
0.231
0.251
0.204
0.122
0.129
0.179
0.253
0.181
0.202
0.17
0.016
0.007
0.169
0.307
0.212
0.03
0.226
0.132
0.25
0.038
0.218
0.279
0.222
0.24
0.226
0.215
0.314
0.204
0.151
0.033
0.302
0.259
0.298
0.27
0.067
0.201
0.137
0.234
-0.029
0.271
0.186
0.183
0.04
0.25
0.18
0.098
0.252
0.038
0.228
0.256
0.022
0.159
0.062
0.106
0.096
0.185
0.133
0.215
0.189
0.356
0.27
0.252
0.208
0.151
0.187
0.23
0.07
0.155
0.045
0.061
0.044
0.182
0.193
0.297
0.3
0.306
0.163
0.22
0.213
0.063
0.298
0.227
0.011
0.133
0.16
0.153
0.242
0.126
0.214
0.135
0.147
0.25
0.17
0.255
0.196
0.245
0.18
0.183
0.124
0.368
0.275
0.195
0.146
0.202
0.291
0.011
0.185
0.125
0.233
0.179
0.077
0.211
0.1
0.226
0.179
0.252
0.228
0.187
0.117
0.217
0.036
0.129
0.222
0.294
0.197
0.02
0.106
0.09
0.261
0.194
0.193
0.005
0.208
0.182
0.019
0.251
-0.023
0.398
0.245
0.197
0.216
0.15
0.208
0.096
0.294
-0.007
0.263
0.205
0.235
0.196
0.227
0.083
0.146
0.246
0.02
0.056
0.236
0.264
0.04
-0.006
0.03
-0.004
-0.035
0.149
0.264
0.341
0.331
0.087
0.249
0.28
0.268
0.198
0.123
0.228
0.157
0.107
0.009
0.181
0.271
0.249
0.224
0.266
0.13
0.238
0.176
0.197
0.247
0.1
0.255
0.234
0.146
0.095
0.204
0.175
0.191
0.209
0.251
0.194
0.218
0.173
0.086
0.08
0.026
0.043
-0.001
0.209
0.216
0.251
0.189
0.334
0.011
0.13
0.281
0.266
0.221
0.171
0.217
0.212
0.241
0.278
0.207
0.095
0.177
0.203
0.172
0.267
0.138
0.084
0.172
0.208
0.142
0.253
0.207
0.226
0.326
0.201
0.312
0.073
0.174
0.194
0.087
0.304
0.244
0.188
0.136
0.115
0.232
0.118
0.118
0.128
0.241
0.283
0.213
0.083
0.21
0.278
0.161
0.192
0.076
0.199
0.319
0.222
0.2
0.155
0.057
0.129
0.195
0.121
0.136
0.256
0.209
0.162
0.265
0.164
0.299
0.185
0.006
0.223
0.284
0.204
0.267
0.153
0.155
0.117
0.116
0.098
0.089
0.196
0.227
0.234
0.244
0.112
0.214
0.111
0.046
0.055
0.187
0.029
0.197
0.106
0.167
0.163
0.277
0.212
0.196
0.281
0.12
0.284
0.199
0.261
0.291
0.114
0.191
0.102
0.241
0.28
0.236
0.339
0.047
0.069
0.069
0.23
0.042
0.054
0.171
0.231
0.044
0.211
0.051
0.123
0.228
0.235
0.396
0.154
0.174
0.208
0.165
0.184
-0.03
0.21
0.102
0.24
0.059
0.245
0.276
0.169
0.223
0.138
0.171
0.228
0.039
0.183
0.217
0.045
0.061
0.068
0.192
0.27
0.251
0.118
0.239
0.203
0.363
0.173
0.165
0.233
0.119
0.157
0.183
0.16
0.281
0.175
0.193
0.196
0.176
0.242
0.309
0.292
0.245
0.185
0.323
0.076
0.069
0.114
0.259
0.232
0.128
0.296
0.221
0.112
0.081
0.238
0.054
0.254
0.245
0.012
0.026
0.269
0.186
0.217
0.217
0.328
0.254
0.32
0.194
0.173
0.222
0.255
0.289
0.225
0.092
0.132
0.203
0.15
0.227
0.218
0.012
0.12
-0.002
0.283
0.239
0.133
0.233
0.272
0.236
0.273
0.151
0.13
0.306
0.241
0.057
0.217
0.212
0.236
0.221
0.138
0.175
0.33
0.221
0.151
0.106
0.04
0.203
0.225
0.219
0.219
0.284
0.204
0.194
0.175
0.179
0.416
0.061
0.2
0.261
0.245
0.283
0.073
0.244
0.234
0.083
0.23
0.207
0.109
0.132
0.169
0.119
0.166
0.203
0.268
0.153
0.155
0.203
0.181
0.327
0.242
0.185
0.151
0.199
0.246
0.198
0.017
0.248
0.205
0.236
0.285
0.261
0.247
0.34
0.354
0.247
0.211
0.251
0.208
0.372
0.295
0.291
0.254
0.26
0.333
0.205
0.316
0.194
0.24
0.104
0.046
0.205
0.19
0.163
0.278
0.225
0.258
0.168
0.209
0.247
0.274
0.149
0.187
0.109
0.231
0.143
0.037
0.281
0.173
0.268
0.061
0.174
0.183
0.256
0.277
0.232
0.135
0.048
0.217
0.319
0.193
0.228
0.238
0.294
0.155
0.037
0.164
0.299
0.211
0.212
0.015
0.295
0.179
0.008
0.191
0.238
0.082
0.231
0.011
0.173
0.068
0.12
0.243
0.143
0.251
0.209
0.233
0.062
0.161
0.206
0.043
0.077
0.159
0.141
0.278
0.155
0.262
0.122
0.258
0.054
0.131
0.209
0.339
0.13
0.272
0.149
0.227
0.169
0.05
0.098
0.115
-0.066
0.182
0.194
0.302
0.223
0.291
0.295
0.09
0.033
0.246
0.212
0.317
0.272
0.332
0.047
0.346
0.295
0.268
0.252
0.124
0.168
0.178
0.227
0.214
0.232
0.167
0.036
0.185
0.173
0.166
0.084
0.071
0.125
0.12
0.247
0.195
0.124
0.227
0.164
0.266
0.227
0.199
0.311
0.09
0.236
0.159
0.163
0.233
0.144
0.188
0.134
0.238
0.207
0.204
0.221
0.167
0.154
0.1
0.247
0.242
0.103
0.215
0.149
0.209
0.188
0.139
0.239
0.281
0.223
0.189
0.151
0.16
0.199
0.067
0.22
0.21
0.235
0.239
0.201
0.21
0.208
0.256
0.258
0.145
0.244
0.127
0.181
0.17
0.217
0.248
0.029
0.336
0.242
0.25
0.15
0.143
0.215
0.344
0.11
0.204
0.217
0.295
0.271
0.075
0.043
0.072
0.057
0.245
0.185
0.297
0.179
0.319
0.096
0.248
0.019
0.054
0.042
0.173
0.054
0.231
0.166
0.096
0.173
0.223
0.232
0.29
0.222
-0.042
0.059
0.042
0.315
-0.005
0.258
0.208
0.307
0.216
0.245
0.203
0.278
0.217
0.156
0.1
0.126
0.084
0.183
-0.002
0.095
0.215
0.384
0.229
0.146
0.09
0.197
0.196
0.21
0.074
0.143
0.151
0.25
0.151
0.214
0.12
0.271
0.297
0.295
0.206
0.161
0.228
0.298
0.1
0.101
0.138
0.24
0.271
0.028
0.275
0.145
0.237
0.303
0.069
0.157
0.173
0.137
0.154
0.149
0.038
0.135
0.233
0.057
0.148
0.264
0.034
0.238
0.046
0.184
0.219
0.194
0.254
0.217
0.392
0.168
0.104
0.005
0.191
0.206
0.029
0.101
0.202
0.211
0.102
0.23
0.076
0.285
0.147
0.153
0.239
0.271
0.156
0.274
0.246
0.313
0.026
0.154
0.118
0.177
0.161
0.234
0.112
0.247
0.154
0.307
0.245
0.176
0.207
0.238
0.399
0.346
0.13
0.152
0.229
0.222
0.2
0.006
0.278
0.193
0.096
0.214
0.248
0.163
0.24
0.165
0.086
0.032
0.19
0.135
0.206
0.144
0.072
0.172
0.11
0.291
0.215
0.047
0.211
0.287
0.137
0.215
0.252
0.243
0.297
0.207
0.335
0.165
0.161
0.164
0.032
0.054
0.205
0.229
0.168
0.218
0.17
-0.016
0.056
0.048
0.234
0.246
0.223
0.289
0.163
0.121
0.195
0.2
0.207
0.095
0.209
0.003
0.237
0.213
0.202
0.25
0.196
0.234
0.217
0.289
0.284
0.321
0.223
0.171
0.158
0.21
0.22
0.239
0.191
0.231
0.365
0.276
0.257
0.257
0.182
0.088
0.344
0.101
0.235
0.22
0.202
0.301
0.248
0.099
0.045
0.088
0.187
0.24
0.164
0.202
0.162
0.096
0.06
0.176
0.162
0.013
0.285
0.15
0.282
0.156
0.204
0.052
0.233
0.224
0.037
0.039
0.202
0.167
0.178
0.274
0.178
0.228
0.25
0.239
0.121
0.177
-0.048
0.316
0.134
0.2
0.21
0.133
0.18
0.236
0.216
0.115
0.175
0.205
0.283
0.15
0.215
0.28
0.166
0.083
0.345
0.196
0.251
0.196
0.126
0.161
0.229
0.226
0.245
0.056
0.157
0.232
0.181
0.186
0.232
0.268
0.106
0.098
0.097
0.297
0.197
0.227
0.132
0.277
0.224
0.255
0.285
0.318
0.387
0.036
0.225
0.044
0.057
0.294
0.17
0.159
0.233
0.199
-0.002
0.225
0.183
0.273
0.174
-0.023
0.191
0.172
0.254
-0.01
0.205
0.073
0.165
0.275
0.17
0.226
0.239
0.246
0.138
0.197
0.282
0.093
0.134
0.156
0.115
0.144
-0.008
0.212
0.209
0.216
0.211
0.254
0.162
0.254
0.215
0.182
0.187
0.217
0.142
0.193
0.209
0.213
0.062
0.063
0.217
0.142
0.234
0.27
0.099
0.118
0.219
0.238
0.267
0.106
0.224
0.212
0.248
0.11
0.173
0.287
0.157
0.01
-0.035
0.06
0.257
0.247
0.212
0.235
0.045
0.159
0.209
0.012
0.039
0.098
0.182
0.235
0.195
0.229
0.252
0.02
0.175
0.072
0.06
0.204
0.297
0.168
0.068
0.285
0.189
0.052
0.176
0.24
0.18
0.017
0.13
0.207
0.16
0.025
0.13
0.198
0.031
0.194
0.207
0.185
0.008
0.259
0.214
0.084
0.192
0.118
0.312
0.133
0.197
0.053
0.161
0.251
0.019
0.125
0.005
0.292
0.284
0.04
0.286
0.072
0.307
0.086
0.128
0.231
0.241
0.125
0.23
0.101
0.078
0.136
0.258
0.183
0.149
0.276
0.193
0.049
0.215
0.193
0.173
0.116
0.231
0.19
0.144
0.052
0.338
0.102
0.106
0.239
0.241
0.226
0.272
0.182
0.331
0.256
0.039
0.2
0.167
0.251
-0.007
0.305
0.253
0.235
0.257
0.205
0.116
0.271
0.243
0.223
0.292
0.169
0.215
0.246
0.189
0.087
0.26
0.305
0.045
0.28
0.148
0.227
0.267
0.208
0.271
0.168
0.105
0.216
0.162
0.147
0.141
0.234
0.117
0.272
0.202
0.044
0.151
0.29
0.211
0.232
0.188
0.232
0.272
0.175
0.069
0.206
0.273
0.27
0.309
0.088
0.271
0.221
0.073
0.145
0.158
0.274
0.028
0.241
0.056
0.146
0.218
0.074
0.219
0.093
0.124
0.155
0.13
0.138
0.157
0.192
0.284
0.179
0.177
0.247
0.183
0.253
0.165
0.209
0.003
0.059
0.074
0.15
0.138
0.215
0.262
0.282
0.159
0.287
0.219
0.167
0.035
0.223
0.23
0.178
0.254
0.227
0.17
0.214
0.144
0.214
0.065
0.239
0.141
0.22
0.212
0.228
0.017
0.0
0.073
0.195
0.161
0.069
0.281
0.263
0.159
0.209
0.028
0.2
0.233
0.234
0.232
0.263
0.242
0.095
0.076
0.28
0.154
0.106
0.21
0.225
0.139
0.154
0.045
0.234
0.111
0.119
0.251
0.265
0.224
0.177
0.246
0.095
0.3
0.113
0.218
0.173
0.093
0.188
0.287
0.246
0.137
0.081
0.265
0.128
0.264
0.165
0.029
0.089
0.089
0.234
0.081
0.301
0.067
0.267
0.27
0.208
0.153
0.095
0.125
0.086
0.197
0.136
0.086
-0.01
0.083
0.101
0.043
0.236
0.159
0.034
0.134
0.234
0.048
0.196
0.324
0.267
0.232
0.119
0.152
0.038
0.017
0.201
0.23
0.313
0.115
0.258
0.191
0.041
0.235
0.097
0.209
0.218
0.202
0.174
0.105
0.226
0.074
0.263
0.246
0.172
0.145
0.058
0.095
0.359
0.155
0.2
0.2
0.144
0.119
0.031
0.06
0.217
0.252
0.223
0.172
0.077
0.159
0.229
0.336
0.079
0.244
0.243
0.177
0.168
0.298
0.226
0.266
0.228
0.177
0.411
0.206
0.055
0.215
0.348
0.061
0.139
0.294
0.127
0.118
0.28
0.25
0.264
0.265
0.171
0.175
0.082
0.197
0.098
0.189
0.244
0.128
0.271
0.013
0.025
0.243
0.107
0.248
0.23
0.341
0.181
0.24
0.037
0.158
0.06
0.191
0.127
0.222
0.167
0.159
0.248
0.18
0.215
0.238
0.107
0.226
0.234
0.144
0.289
-0.007
0.259
0.163
0.243
0.181
0.164
0.252
0.262
0.155
0.307
0.169
0.011
0.081
0.291
0.217
0.293
0.27
0.055
0.177
0.05
0.196
0.155
0.203
0.11
0.237
0.215
0.189
0.266
0.219
0.133
0.004
0.126
0.155
0.113
0.201
0.18
0.057
0.2
0.106
0.021
0.225
0.232
0.141
0.276
0.037
0.272
0.166
0.164
0.277
0.143
0.075
0.265
0.091
0.265
0.19
0.227
0.241
0.297
0.159
0.047
0.032
0.178
0.071
0.039
0.194
0.265
0.297
0.164
0.077
0.222
0.334
0.218
0.166
0.236
0.242
0.177
0.294
0.309
0.062
0.157
0.131
0.187
0.305
0.244
0.094
0.162
0.086
0.228
0.184
0.129
0.292
0.093
0.257
0.16
0.241
0.217
0.224
0.281
0.006
0.237
0.169
0.147
0.174
0.27
0.177
0.243
0.161
0.129
0.231
0.276
0.226
0.273
0.065
0.282
0.093
0.163
0.098
0.253
0.053
0.152
0.235
0.196
0.226
0.243
0.202
-0.004
0.239
0.272
0.216
-0.027
0.204
0.082
0.07
0.074
0.044
0.081
0.315
0.175
0.08
0.139
0.104
0.181
0.267
0.337
-0.004
0.232
0.174
0.199
0.256
0.286
0.162
0.242
0.226
0.098
0.165
0.044
0.216
0.278
0.245
0.108
0.243
0.26
0.235
0.059
0.294
0.078
0.227
0.041
0.294
0.161
0.165
0.011
0.319
0.282
0.204
0.201
0.241
0.214
0.082
0.183
0.17
0.193
0.166
0.231
0.18
0.102
0.152
0.242
0.085
0.187
0.251
0.245
0.208
0.096
0.203
-0.019
0.304
0.171
0.147
0.073
0.174
0.065
0.195
0.289
0.15
0.277
0.058
0.191
0.152
0.152
0.29
0.197
0.174
0.164
0.21
0.289
0.26
0.215
0.211
0.198
0.089
0.117
0.211
0.158
0.215
0.149
0.033
0.273
0.283
0.271
0.173
0.262
0.177
0.032
0.066
0.169
0.227
0.194
0.154
0.046
0.28
0.245
0.248
0.213
0.269
0.262
0.187
0.082
0.133
0.163
0.305
0.045
0.311
0.235
0.238
0.248
0.181
0.102
0.29
0.194
0.216
0.055
0.139
-0.009
0.191
0.012
0.265
0.201
0.198
0.269
0.263
0.236
0.194
0.117
0.072
0.165
0.1
0.05
0.284
0.098
0.163
0.056
0.027
0.238
0.196
0.207
0.19
0.223
0.172
0.157
0.204
0.199
0.262
0.265
0.151
0.157
0.162
0.156
0.241
0.212
0.143
0.331
0.17
0.267
0.046
0.188
0.212
0.013
0.198
0.224
0.174
0.275
0.251
0.16
0.198
0.207
0.218
0.128
0.188
0.244
0.305
0.233
0.091
0.176
0.022
0.197
0.095
0.029
-0.027
0.211
0.163
0.234
0.297
0.086
0.126
0.256
0.08
0.177
0.241
0.246
0.278
0.233
0.191
0.159
0.269
0.307
0.205
0.129
0.148
0.151
0.144
0.173
0.264
0.193
0.162
0.21
0.204
0.301
0.086
0.217
0.073
0.168
0.172
0.238
0.162
0.143
0.235
0.263
0.17
0.142
0.13
0.075
0.222
0.054
0.122
0.181
0.184
0.243
0.207
0.313
0.244
0.226
0.122
0.135
0.311
0.071
0.118
0.293
0.197
0.099
0.09
0.136
0.23
0.288
0.022
0.252
0.168
0.098
0.019
0.176
0.198
0.059
0.021
0.065
0.216
0.274
0.2
0.284
0.207
0.34
0.189
0.159
0.072
0.236
0.158
0.203
0.213
0.212
0.174
0.162
0.202
0.228
0.209
0.346
0.205
0.231
0.171
0.153
0.068
0.219
0.214
0.269
0.139
0.29
0.357
0.078
0.148
0.104
0.053
0.056
0.286
0.275
0.17
0.118
0.201
0.269
0.051
0.243
0.185
0.274
0.134
0.254
0.211
0.149
0.068
0.242
0.036
0.155
0.155
0.085
0.207
0.194
0.237
0.072
0.304
0.203
0.225
0.117
0.177
0.183
0.13
0.162
0.207
0.297
0.237
0.141
0.073
0.307
0.053
0.056
0.236
0.245
0.171
-0.033
0.091
0.277
0.173
0.11
0.189
0.143
0.079
0.219
0.15
0.195
0.096
0.207
0.224
0.256
0.322
-0.002
0.057
0.386
0.176
0.217
0.257
0.236
0.102
0.203
0.232
0.223
0.226
0.22
0.118
0.359
0.311
0.133
0.094
0.242
0.291
0.284
0.14
0.135
0.214
0.244
0.183
0.28
0.168
0.25
0.042
0.407
0.225
0.02
0.23
0.219
0.271
0.233
0.012
0.261
0.039
0.263
-0.013
0.231
0.249
-0.04
0.205
0.33
0.284
0.291
0.215
0.022
0.115
0.03
0.131
0.233
0.15
0.182
0.179
0.22
0.322
0.17
0.181
0.151
0.22
0.206
0.084
0.09
0.288
0.078
0.291
0.184
0.301
0.215
0.114
0.212
0.379
0.318
0.266
0.057
0.144
0.053
0.205
0.234
0.182
0.064
-0.003
0.173
-0.013
0.213
0.225
0.271
0.19
0.272
0.252
0.191
0.017
0.154
0.043
0.257
0.245
0.247
0.35
0.06
0.357
0.224
0.201
0.246
0.201
0.223
0.034
0.202
0.186
0.179
0.224
0.219
0.091
0.109
0.235
0.16
0.076
0.242
0.277
0.152
0.208
0.162
0.087
0.149
0.314
0.026
0.183
0.133
-0.014
0.346
0.187
0.287
0.346
0.024
0.214
0.203
0.185
0.264
0.149
0.262
0.255
0.047
0.28
0.228
0.103
0.306
0.173
0.245
0.072
0.206
0.204
0.273
0.226
0.165
0.167
0.219
0.236
0.082
0.289
0.168
0.252
0.173
0.214
0.085
0.213
0.137
0.184
0.117
0.202
0.309
0.271
0.29
0.175
0.164
0.162
0.171
0.229
0.259
0.091
0.158
0.23
0.285
0.267
0.233
0.251
0.093
0.226
0.187
0.179
0.129
0.291
0.233
0.279
0.026
0.278
0.199
0.178
0.145
0.168
0.144
0.202
0.292
0.272
0.017
0.102
0.309
0.219
0.067
0.19
0.022
0.191
0.308
-0.008
0.221
0.195
0.157
0.163
0.224
0.272
0.242
0.143
0.188
0.227
0.218
0.045
0.092
0.292
0.218
0.247
0.358
0.262
0.214
0.235
0.235
0.185
0.235
0.158
0.11
0.205
0.22
0.152
0.292
0.049
0.278
0.12
0.242
0.237
0.197
0.26
0.112
0.257
0.184
0.39
0.213
0.177
0.054
0.249
0.302
0.096
0.192
0.007
0.264
0.266
0.301
0.223
0.124
0.044
0.233
0.175
0.211
0.32
0.196
0.223
0.199
0.235
0.211
0.137
0.293
0.354
0.179
-0.051
0.32
0.268
0.124
0.225
0.248
0.086
0.126
0.189
0.171
0.037
0.188
0.052
0.107
0.077
0.216
0.166
0.134
0.193
0.273
0.052
0.262
0.199
0.197
0.049
0.34
0.217
0.214
0.259
0.253
0.231
0.239
0.183
0.248
0.201
0.24
0.21
0.21
0.202
0.181
0.225
0.122
0.293
0.303
0.166
0.166
0.171
0.181
0.254
0.328
0.271
0.196
0.303
0.132
0.279
0.001
0.256
0.167
0.187
0.091
0.179
0.221
0.212
0.22
0.247
0.174
0.19
0.186
0.126
0.33
0.184
0.329
0.293
0.196
0.148
0.24
0.165
0.101
0.319
0.103
0.131
0.231
0.021
0.056
0.218
0.111
0.113
0.156
0.163
0.181
0.287
0.144
0.337
0.159
0.137
0.269
0.27
0.069
0.205
0.266
0.237
0.189
0.207
0.198
0.223
0.32
0.161
0.052
0.14
0.216
0.192
0.225
0.179
0.231
0.014
0.021
0.022
0.18
0.252
0.128
0.261
0.16
0.137
0.202
0.076
0.046
0.14
0.163
0.18
0.208
0.218
0.196
0.187
0.229
0.03
0.101
0.212
0.174
0.115
0.078
0.341
0.222
0.341
0.182
0.211
0.058
0.257
0.323
0.245
0.056
0.074
0.209
0.165
0.234
0.102
0.218
0.215
0.219
0.283
0.299
0.098
0.277
0.035
0.239
0.339
0.155
0.217
-0.015
0.12
0.263
0.235
0.225
0.308
0.318
0.198
0.241
0.227
0.317
0.12
0.174
0.158
0.282
0.279
0.376
0.282
0.164
0.24
0.285
0.166
0.059
0.07
0.044
0.181
0.056
0.096
0.274
0.173
0.135
0.234
0.192
0.156
0.198
0.27
0.174
0.268
0.197
0.03
0.249
0.291
0.16
0.257
0.277
0.258
0.186
0.229
0.203
0.265
0.213
0.204
0.223
0.304
0.193
0.255
0.296
0.206
0.162
0.108
0.235
0.131
0.184
0.11
0.215
0.179
0.27
0.092
0.167
0.231
0.234
0.25
0.278
0.198
0.229
0.182
-0.032
0.233
0.199
0.006
0.167
0.278
0.33
0.239
0.258
0.138
0.328
0.186
0.303
0.252
0.206
0.18
0.23
0.171
0.135
0.173
0.149
0.037
0.278
0.207
0.052
0.245
0.191
0.242
0.223
0.224
0.055
0.025
0.197
0.191
0.3
0.152
0.167
0.278
0.219
0.092
0.07
0.281
0.212
0.267
0.071
0.302
0.302
0.01
0.1
0.193
0.106
0.199
0.238
0.205
0.046
0.263
0.195
0.293
0.181
0.265
0.216
0.196
0.207
0.212
0.227
0.013
0.157
0.208
0.259
0.158
0.172
0.133
0.228
0.215
0.186
0.266
0.115
0.23
0.208
0.083
0.264
0.231
0.141
0.15
0.212
0.267
0.295
0.246
0.289
0.177
0.097
0.182
0.237
0.208
0.233
0.24
0.291
0.269
0.206
0.206
0.037
0.228
0.172
0.091
0.015
0.022
0.271
0.233
0.271
0.128
0.162
0.114
0.364
0.188
0.029
0.092
0.268
0.126
0.187
0.237
0.232
0.277
0.243
0.124
0.3
0.241
0.191
0.235
0.156
0.133
0.109
0.141
0.214
0.035
0.309
0.328
0.01
0.227
0.11
0.254
0.258
0.017
0.196
0.222
0.234
0.088
0.124
0.193
0.185
0.198
0.149
0.016
0.127
0.216
0.287
0.247
0.177
0.229
0.066
0.003
0.177
0.179
0.023
0.213
0.076
0.208
0.193
0.325
0.142
0.286
0.111
0.238
0.286
0.23
0.074
0.038
0.062
0.215
0.194
0.327
0.242
0.209
0.194
0.308
0.219
0.247
0.215
0.192
0.249
0.215
0.133
0.255
0.257
0.074
0.055
0.044
0.209
0.211
0.208
0.127
0.229
0.01
0.193
0.255
0.296
0.3
0.203
0.231
0.248
0.193
0.098
0.25
0.193
0.23
0.275
0.184
0.167
0.034
0.144
0.336
0.177
0.113
-0.02
0.328
0.271
0.153
0.165
0.283
0.195
0.186
0.162
0.162
0.239
0.035
0.333
0.127
0.156
0.05
0.231
0.196
0.263
0.294
0.249
0.004
-0.001
0.205
0.224
0.122
0.271
0.238
0.289
0.18
0.161
0.02
0.164
0.219
0.149
0.089
0.312
0.243
0.259
0.263
0.205
0.239
0.318
0.157
0.374
0.17
0.184
0.076
0.082
0.266
0.212
0.224
-0.042
0.202
0.24
0.282
0.217
0.053
0.02
0.293
0.062
0.054
0.15
0.12
0.3
0.187
0.099
0.123
0.161
0.262
0.228
0.111
0.127
0.201
0.259
0.136
0.294
0.09
0.329
0.078
0.183
0.214
0.199
0.158
0.203
0.234
0.095
0.149
0.16
0.287
0.219
0.154
0.176
0.218
0.131
0.304
0.041
0.221
0.053
0.157
0.187
0.175
0.154
0.082
0.038
0.103
0.182
0.18
-0.007
0.225
0.311
0.247
0.222
0.248
0.211
0.288
0.23
0.203
0.235
0.192
0.239
0.056
0.091
0.101
0.134
0.217
0.158
0.166
0.207
0.294
0.066
0.082
0.08
0.198
0.203
0.191
0.241
0.231
0.116
0.174
0.224
0.343
0.154
0.232
0.067
0.259
0.275
0.236
0.231
0.287
0.08
0.219
0.219
0.091
0.054
0.123
0.176
0.298
0.239
0.139
0.012
0.177
0.266
0.011
0.189
0.249
-0.031
0.198
0.201
0.266
0.17
0.167
0.252
0.292
0.259
0.113
0.235
0.23
0.235
0.197
0.235
0.222
0.277
0.317
0.228
0.222
0.189
0.229
0.125
0.337
0.201
0.162
0.048
0.165
0.211
0.213
0.21
0.182
0.044
0.148
0.167
0.185
0.275
0.16
0.067
0.223
0.246
0.279
0.321
0.034
0.194
0.248
0.27
0.049
0.217
0.197
0.207
0.178
0.204
0.279
0.199
0.175
0.192
0.179
0.2
0.148
0.201
0.141
0.078
0.234
0.254
0.232
0.18
0.138
0.1
0.139
0.234
0.181
0.207
0.144
0.05
0.193
0.172
0.082
0.233
0.212
0.214
0.234
0.195
0.191
0.183
0.21
0.071
0.159
0.233
0.146
0.224
-0.031
0.089
0.036
0.182
0.086
0.146
0.081
0.31
0.218
0.023
0.066
0.202
0.232
0.001
0.236
0.069
0.331
0.213
0.07
0.089
0.14
0.101
0.053
0.212
0.274
0.235
0.318
0.016
0.157
0.245
0.133
0.129
0.294
0.139
0.275
0.329
0.18
0.165
0.214
0.07
0.204
0.11
0.132
0.248
0.082
-0.02
0.172
0.24
0.185
0.095
0.217
0.197
0.138
-0.04
0.114
0.072
0.218
0.1
0.187
0.007
0.111
0.131
0.066
0.174
0.204
0.08
0.287
0.202
0.176
0.193
0.212
0.165
0.149
0.199
0.249
0.179
0.209
0.03
0.154
0.183
0.064
0.246
0.076
0.32
0.114
0.209
0.208
0.136
0.191
0.122
0.232
0.02
0.27
0.25
0.22
0.214
0.172
0.137
0.22
0.258
0.169
0.263
-0.006
0.199
0.178
0.281
0.283
0.239
0.264
0.183
0.286
0.231
0.122
0.046
0.013
0.238
0.141
0.181
0.154
0.218
0.05
0.147
0.154
0.27
0.217
0.222
0.199
0.128
0.009
0.275
0.205
0.249
0.152
0.201
0.276
0.203
0.061
0.193
0.197
0.179
0.19
0.241
0.274
0.333
0.295
0.263
0.163
0.077
0.102
0.267
0.091
0.238
0.192
0.272
0.231
0.286
0.074
0.207
0.011
0.135
-0.044
0.118
0.126
0.25
0.004
0.272
0.255
0.031
0.155
0.135
0.138
0.015
0.051
0.242
0.228
0.07
0.086
0.275
-0.025
0.29
-0.018
0.203
0.208
0.098
0.248
0.221
0.103
0.178
-0.009
0.17
0.268
0.103
0.198
0.175
0.303
0.167
0.017
0.074
0.131
0.122
0.17
0.169
0.23
0.235
0.065
0.21
0.101
0.263
0.183
0.183
0.276
0.188
0.076
0.186
0.165
0.167
-0.037
0.189
0.146
0.264
0.248
0.235
0.221
0.184
0.107
0.19
0.205
0.169
0.136
0.34
0.192
0.196
0.217
0.204
0.319
0.239
0.229
0.23
0.017
0.245
0.234
0.016
0.206
0.229
0.212
0.224
0.16
0.212
0.194
0.269
0.109
0.317
0.166
0.131
0.233
0.222
0.234
0.236
0.243
0.153
0.184
0.035
0.194
0.041
0.257
0.271
0.086
0.141
0.152
0.211
0.031
0.177
0.139
0.254
0.38
0.187
0.036
0.18
0.256
0.223
0.21
0.25
0.073
0.223
0.241
0.178
0.154
0.175
0.17
0.06
0.284
0.293
0.214
0.189
0.242
0.067
0.037
0.224
0.237
0.13
0.038
0.266
0.175
0.315
0.236
0.213
0.183
0.288
0.295
0.198
0.231
0.178
0.212
0.095
0.025
0.253
0.258
0.192
0.244
0.098
0.233
-0.047
0.116
0.271
0.248
0.252
0.154
0.074
0.072
0.271
0.268
0.213
0.077
0.191
0.298
0.114
0.173
0.18
0.051
0.256
0.173
0.056
0.027
0.026
0.007
0.199
0.175
0.267
0.221
0.16
0.136
0.164
0.265
0.274
0.225
0.166
0.127
0.33
0.195
0.231
0.3
0.007
0.292
0.329
0.226
0.262
0.24
0.243
0.084
0.204
0.204
0.26
0.208
0.28
0.027
0.058
0.023
0.269
0.172
0.273
0.176
0.246
0.149
0.177
0.15
0.174
0.218
0.033
0.224
0.175
0.204
0.319
0.202
0.092
0.25
0.237
0.231
0.142
0.209
0.231
0.137
-0.03
0.198
0.163
0.367
0.293
0.052
0.252
0.306
0.033
0.254
0.179
0.173
0.09
0.201
0.3
0.197
0.221
0.271
0.199
0.171
0.136
0.072
0.153
0.174
0.229
0.328
0.281
0.062
0.005
0.03
0.066
0.208
0.234
0.195
-0.013
0.197
0.192
0.298
0.176
0.285
0.235
0.038
0.245
0.244
0.128
0.192
0.166
0.081
0.101
0.079
0.239
0.068
0.26
0.157
0.136
0.234
0.173
0.21
0.196
0.099
0.089
0.272
0.227
0.253
0.257
0.18
0.051
0.326
0.054
0.082
0.086
0.082
0.249
0.31
0.108
0.279
0.178
0.129
0.169
0.204
0.183
0.068
0.235
0.023
0.178
0.162
0.286
0.194
0.155
0.218
0.138
-0.003
0.258
0.194
0.174
-0.008
0.165
0.125
0.149
0.237
0.125
0.165
0.28
0.072
0.194
0.15
0.216
0.287
0.297
0.181
0.253
0.114
0.276
0.031
0.176
0.072
0.281
0.101
0.194
0.101
0.267
0.166
0.23
0.061
0.193
0.159
0.065
0.187
0.193
0.236
0.278
0.192
0.244
0.294
0.121
0.159
0.272
0.106
0.191
0.24
0.234
0.027
0.143
0.197
0.144
0.14
0.107
0.269
0.018
0.21
0.294
0.092
0.245
0.26
0.108
0.075
0.239
0.126
0.28
0.211
0.286
0.188
0.226
0.277
0.274
0.01
0.202
0.206
0.175
0.281
0.217
0.312
0.217
0.152
0.184
0.072
0.139
0.302
0.138
0.209
0.073
0.075
0.055
0.157
0.156
0.006
0.19
0.203
0.248
0.172
0.269
0.232
0.257
0.207
0.237
0.181
0.05
0.011
0.238
0.178
0.197
0.226
0.165
0.289
0.261
0.182
-0.001
0.191
0.067
0.093
0.053
0.233
0.186
0.195
0.233
0.148
0.165
0.111
0.064
0.147
0.007
0.058
0.213
0.206
0.241
0.037
0.176
0.247
0.208
0.176
0.195
0.19
0.164
0.28
0.255
0.128
0.136
0.173
0.077
0.327
0.08
0.176
0.261
0.243
0.201
0.163
0.127
0.191
0.142
0.199
0.271
0.201
0.26
0.248
-0.007
0.125
0.153
0.273
0.288
0.26
-0.007
0.282
0.192
0.087
0.239
0.177
0.289
0.253
0.054
0.164
0.258
0.251
0.161
0.204
0.173
0.031
0.283
0.152
0.224
0.273
0.201
0.109
0.27
0.122
0.188
0.229
0.178
0.096
0.06
0.127
0.287
0.288
0.219
0.179
0.258
0.066
0.285
0.173
0.117
0.233
0.138
0.224
0.045
0.072
0.278
0.244
0.256
0.14
0.226
0.163
0.056
0.295
0.174
0.23
0.208
0.093
0.124
0.168
0.082
0.185
0.226
0.24
0.184
0.262
0.163
0.133
0.02
0.274
0.215
0.209
-0.003
0.225
0.127
0.191
0.181
0.332
0.127
0.116
0.086
0.192
0.177
0.154
0.235
0.169
0.258
0.149
0.169
0.224
0.313
0.26
0.165
0.245
0.106
0.263
0.196
0.243
0.231
0.21
0.128
0.066
0.193
0.218
0.201
0.237
0.188
0.052
0.227
0.273
0.176
0.193
0.028
0.043
0.131
0.039
0.247
0.129
0.198
0.183
0.269
0.236
0.204
0.182
0.124
0.231
0.287
-0.035
0.239
0.187
0.202
0.224
0.233
0.17
0.292
0.168
0.23
0.199
0.194
-0.019
0.066
0.259
0.094
0.113
0.183
0.187
0.231
0.057
0.188
0.174
0.067
0.217
0.159
0.192
0.155
0.286
0.156
0.149
0.337
0.132
0.006
0.2
0.079
0.106
0.275
0.245
0.257
0.204
0.188
0.233
0.188
0.271
0.188
0.336
0.284
0.155
0.208
0.169
0.29
0.164
0.209
0.181
0.012
0.172
0.063
0.309
0.256
0.152
0.221
0.143
0.196
0.094
0.234
0.272
0.202
0.284
0.27
0.068
0.122
0.154
0.263
0.213
0.236
0.202
0.096
0.031
0.197
0.233
0.244
0.24
0.236
0.14
0.23
0.284
0.267
-0.018
0.201
0.099
0.329
0.204
0.158
0.213
0.235
0.157
0.163
0.012
0.181
0.23
0.097
0.073
0.283
0.173
0.248
0.207
-0.029
0.094
0.122
0.173
0.179
0.212
0.161
0.218
0.244
0.255
0.185
0.15
0.281
0.171
0.191
0.187
0.116
0.211
0.167
0.185
0.117
0.276
0.274
0.287
0.213
0.26
0.24
0.181
0.076
0.053
0.214
0.067
0.243
0.305
0.198
0.24
0.231
0.15
0.209
0.024
0.069
0.027
0.064
0.265
0.039
0.273
0.2
0.246
0.187
0.153
0.171
0.182
0.051
0.017
0.127
0.298
0.204
0.275
0.218
0.136
0.051
0.114
0.296
0.139
0.278
0.229
0.159
0.179
0.22
0.171
0.084
0.269
0.271
0.236
0.226
0.193
0.181
0.112
0.17
0.297
0.209
0.164
0.194
0.288
0.245
0.039
0.185
0.175
0.223
0.225
0.218
0.214
0.159
0.317
0.151
0.004
0.214
0.178
0.206
0.25
0.092
0.152
0.277
0.2
0.02
0.292
0.221
0.201
0.287
0.136
0.249
0.171
0.203
0.113
0.249
0.241
0.282
0.238
0.237
0.073
0.286
0.165
0.236
0.184
0.195
0.313
0.159
0.258
0.306
0.276
0.312
0.136
0.236
0.308
0.158
0.193
0.152
0.029
0.263
0.238
0.176
0.28
0.152
0.242
0.118
0.194
0.237
0.262
0.152
0.299
0.256
0.042
0.233
0.214
0.241
0.172
0.066
0.208
0.288
0.278
0.167
0.246
0.2
0.214
0.296
0.112
0.126
0.105
0.18
0.296
0.289
0.191
0.23
0.239
0.064
0.269
0.16
0.203
0.179
0.123
0.152
0.199
0.179
0.234
0.26
0.261
0.291
0.074
0.203
0.288
0.048
0.109
0.181
0.22
0.153
0.258
0.217
0.251
0.277
0.149
0.297
0.155
0.264
0.08
0.166
0.144
0.245
0.126
0.048
0.197
0.229
0.27
0.252
0.171
0.169
0.176
0.207
0.163
0.061
0.296
0.386
0.051
0.225
0.303
0.224
0.177
0.166
0.226
0.339
0.255
0.119
0.071
0.234
0.174
0.261
0.19
0.217
0.249
0.147
0.26
0.204
0.007
0.132
0.241
0.241
0.122
0.263
0.121
0.194
0.207
0.193
0.233
0.247
0.085
0.141
0.267
0.062
0.17
0.307
0.155
0.202
0.215
0.25
0.053
0.252
0.064
0.118
0.278
0.256
0.133
0.248
0.371
0.164
0.142
0.262
0.217
0.322
0.021
0.323
0.06
0.118
0.17
0.123
0.235
0.231
0.337
0.205
0.203
0.088
0.175
0.101
0.137
0.254
0.182
0.284
0.209
0.21
0.085
0.136
0.226
0.294
0.214
0.234
0.177
0.105
0.0
0.065
0.189
0.245
0.367
0.255
0.263
0.276
0.197
0.211
0.153
0.173
0.041
0.213
0.183
0.22
0.226
0.245
0.239
0.162
0.299
0.274
0.21
0.221
0.019
0.167
0.305
0.266
0.251
0.27
0.298
0.138
0.212
0.2
0.233
0.239
0.211
0.047
0.254
0.241
0.215
0.133
0.211
0.275
0.175
0.22
0.185
0.179
0.159
0.264
0.189
0.204
0.199
0.304
0.303
0.019
0.073
0.216
0.214
0.186
0.253
0.225
0.316
0.101
0.019
0.218
0.053
0.004
0.203
0.21
0.242
0.255
0.16
0.012
0.277
0.343
0.235
0.255
0.023
0.196
0.184
0.191
0.124
0.251
0.127
0.035
0.174
0.233
0.296
0.272
0.208
0.306
0.167
0.143
0.162
0.255
0.091
0.232
0.3
0.186
0.221
0.125
0.225
0.278
0.284
0.099
0.245
0.191
0.256
0.279
0.023
0.211
0.235
0.304
0.194
0.228
0.21
0.257
0.162
0.311
0.152
0.186
0.26
0.21
0.147
0.155
0.136
0.13
0.128
0.112
0.051
0.275
0.093
0.217
0.045
0.259
0.179
0.167
0.142
0.095
0.097
0.155
0.032
0.208
0.255
0.302
0.197
0.189
0.207
0.236
0.2
0.137
0.239
0.211
0.189
0.158
0.183
0.167
0.25
0.311
0.189
0.213
0.201
0.085
0.281
0.225
0.061
0.044
0.151
0.234
0.258
0.228
0.223
0.017
0.131
0.176
0.077
0.125
0.179
0.107
0.211
0.107
0.21
0.22
0.162
0.284
0.176
0.202
0.283
0.155
0.244
0.211
0.21
0.244
0.242
0.252
0.041
0.062
0.146
0.175
0.105
0.168
0.139
0.184
0.014
0.328
0.177
0.337
0.185
0.06
0.201
0.183
0.226
0.247
0.224
0.193
0.124
0.234
0.051
0.207
0.01
0.252
0.237
0.092
0.144
0.195
0.055
0.241
0.156
0.224
0.217
0.282
0.25
0.227
0.28
0.231
0.282
0.273
0.238
0.19
0.14
0.274
0.198
0.073
0.253
0.172
0.273
0.216
0.255
0.214
0.053
0.03
0.238
0.027
0.002
0.037
0.252
0.216
0.181
0.043
0.191
0.356
0.22
0.225
0.197
0.015
0.203
0.19
0.088
0.046
0.107
0.099
0.129
0.303
0.304
0.139
0.254
0.215
0.214
0.124
0.221
0.307
0.192
0.348
0.21
0.18
0.245
0.16
0.135
0.15
0.238
0.155
0.094
0.228
0.239
0.077
0.189
0.247
0.012
0.245
0.235
0.219
0.03
0.314
0.05
0.182
0.145
0.266
0.054
0.222
0.133
0.084
0.253
0.193
0.047
0.186
0.197
-0.014
0.193
0.089
0.155
0.269
0.279
0.247
0.293
0.086
0.132
0.184
0.324
0.258
0.156
0.302
0.227
0.053
0.194
0.047
0.123
0.269
0.133
0.224
0.284
0.3
0.268
0.107
0.208
0.057
0.215
0.183
0.196
0.206
0.086
0.202
0.272
0.221
0.141
0.024
0.253
0.064
0.177
0.319
0.169
0.037
0.263
-0.003
0.246
-0.037
0.193
0.271
0.328
0.272
0.189
0.173
0.202
0.237
0.123
0.195
0.065
0.179
0.055
0.214
0.086
0.128
0.207
0.173
0.274
0.276
0.299
0.154
0.198
0.232
0.145
0.215
0.156
0.193
0.246
0.219
0.123
0.287
0.08
0.232
0.276
0.195
0.209
0.121
0.209
0.106
0.012
0.219
0.255
0.109
0.135
0.149
0.229
0.352
0.371
0.193
0.229
0.221
0.103
0.291
0.274
0.227
0.205
0.228
0.193
0.139
0.224
0.102
0.174
0.187
0.242
0.091
0.08
0.326
0.137
0.139
0.24
0.262
0.191
0.108
0.152
0.164
0.03
0.318
0.218
0.043
0.265
0.17
0.098
0.018
0.117
0.104
0.246
0.236
0.226
0.298
0.172
0.215
0.166
0.207
0.161
0.173
0.25
0.203
0.261
0.267
0.28
0.268
0.221
0.315
0.247
0.071
0.186
0.255
0.271
0.142
0.25
0.183
0.112
0.327
0.071
0.316
0.201
0.269
0.147
0.045
0.22
0.165
0.233
0.296
0.231
0.099
0.275
0.154
0.084
0.111
0.167
0.203
0.155
0.174
0.095
0.204
0.232
0.19
0.122
0.218
0.146
0.18
0.167
0.141
0.287
0.143
0.064
0.143
-0.033
0.206
0.177
0.262
0.229
0.051
0.257
0.108
0.127
0.181
0.239
0.043
0.193
0.227
0.124
0.163
0.029
0.217
0.134
0.245
0.258
0.149
0.166
0.248
0.056
0.045
0.064
0.274
0.033
0.21
0.273
0.211
0.197
0.202
0.02
0.189
0.243
0.074
0.265
0.116
0.311
0.104
0.325
0.269
0.151
0.163
0.112
0.159
0.18
0.207
0.143
0.168
0.118
0.223
0.083
0.171
0.152
0.26
0.254
0.231
0.123
0.074
0.234
0.222
0.131
0.053
0.277
0.18
0.002
0.22
0.292
0.263
0.226
0.262
0.18
0.16
0.061
0.004
0.246
0.192
0.209
-0.009
0.171
0.223
0.311
0.184
0.364
0.107
0.268
0.209
0.248
0.276
0.265
0.28
0.019
0.123
0.104
0.242
0.188
0.274
0.22
0.098
0.069
0.161
0.229
0.107
0.208
0.253
0.207
0.228
0.172
0.048
0.239
0.172
0.194
0.0
0.233
0.158
0.225
0.3
0.254
0.285
0.171
0.223
0.191
0.206
0.251
0.306
0.101
0.274
0.281
0.276
0.207
0.27
0.096
0.111
0.148
0.029
0.218
0.161
-0.016
0.217
0.085
0.2
0.103
0.005
0.052
0.116
0.195
0.263
0.126
0.115
0.177
0.187
0.203
0.198
0.184
0.242
0.146
0.163
0.054
0.21
0.165
0.297
0.254
0.31
0.298
0.209
0.077
0.233
0.222
0.03
0.219
0.245
0.195
0.045
0.244
0.071
0.285
0.2
0.172
0.188
0.244
0.215
0.04
0.248
0.211
0.175
0.258
0.149
0.252
0.228
0.193
0.245
0.208
0.222
0.127
0.141
0.115
0.29
0.219
0.2
0.211
0.295
0.199
0.257
0.19
0.267
0.264
0.029
0.117
0.101
0.212
0.08
0.144
0.181
0.016
0.185
0.22
0.172
-0.05
0.026
0.228
0.051
0.18
0.268
0.214
0.275
0.307
-0.037
0.334
0.184
0.273
0.233
0.242
-0.004
0.257
0.311
0.183
0.255
0.098
0.319
-0.006
0.116
0.173
0.217
0.007
0.23
0.14
0.11
0.11
0.098
0.148
0.316
0.19
0.256
0.155
0.271
0.072
0.226
0.067
0.276
0.156
0.215
0.233
0.198
0.177
0.124
-0.005
0.066
0.158
0.213
0.2
0.141
0.273
0.232
0.213
0.3
0.044
0.017
0.166
0.166
0.258
0.22
0.248
0.083
0.024
0.287
0.257
0.261
0.152
0.143
0.233
0.255
0.208
0.219
0.183
0.239
0.067
0.192
0.296
0.252
0.162
0.065
0.264
0.099
0.053
0.308
0.171
0.246
0.048
0.258
0.215
0.219
0.076
0.322
0.188
0.171
0.187
0.278
0.225
0.02
0.198
0.199
0.145
0.199
0.267
0.172
0.176
0.041
0.081
0.203
0.283
0.182
0.046
0.234
0.109
0.156
0.038
0.248
0.246
0.082
0.088
0.249
0.195
0.331
0.054
0.104
0.171
0.268
0.21
0.115
0.205
0.187
0.07
0.143
0.233
0.333
0.269
0.243
0.188
0.136
0.237
0.13
0.24
0.207
0.267
0.047
0.243
0.012
0.115
0.195
0.188
0.175
0.158
0.074
0.322
0.246
0.167
0.171
0.224
0.051
-0.016
0.195
0.21
0.199
0.261
0.317
0.269
0.171
0.229
0.166
0.214
0.238
0.124
0.154
0.307
0.153
0.138
0.31
0.096
0.139
0.019
0.209
0.057
0.2
0.081
0.156
0.248
0.18
0.188
0.237
0.026
0.235
0.187
0.276
0.059
0.229
0.275
0.231
0.283
0.213
0.187
0.153
0.265
0.189
0.015
0.238
0.269
0.099
0.212
0.017
0.137
0.22
0.276
0.278
0.215
0.219
-0.018
0.21
0.219
0.116
0.229
0.199
0.248
0.264
0.211
0.06
0.208
0.093
0.181
0.205
0.212
0.149
0.253
0.282
0.137
0.168
0.031
0.183
0.091
0.28
0.038
0.227
0.029
0.046
0.174
0.119
0.22
0.214
0.167
0.265
0.266
0.128
0.18
0.287
0.291
0.161
0.172
0.18
0.141
0.258
0.2
0.215
0.244
0.207
0.226
0.308
0.093
0.196
0.103
0.225
0.239
0.206
0.202
0.214
0.123
0.207
0.231
0.282
0.085
0.151
0.189
0.262
0.014
0.042
0.272
0.239
0.103
0.218
0.132
0.208
0.265
0.197
0.213
0.113
0.242
0.25
0.17
0.046
0.146
-0.024
0.172
0.267
0.253
0.076
0.207
0.199
0.224
0.214
0.292
0.181
0.152
0.182
0.182
0.232
0.231
0.21
0.201
0.304
0.134
0.314
0.232
0.338
0.308
0.3
0.31
0.026
0.058
0.04
0.071
0.214
0.212
0.025
0.281
0.211
0.204
0.215
0.211
0.199
0.207
0.2
0.191
0.204
0.012
0.287
0.193
0.238
0.288
0.187
0.158
0.365
0.174
0.327
0.231
0.02
0.304
0.324
0.167
0.162
0.134
0.187
0.135
0.195
0.264
0.292
0.065
0.043
0.157
0.187
0.044
0.337
0.005
0.188
0.213
0.176
0.189
0.069
0.157
0.2
0.078
0.154
0.279
0.094
0.14
0.274
0.231
0.304
0.217
0.226
0.243
0.249
0.365
0.214
0.119
0.147
0.23
0.209
0.182
0.225
0.214
0.245
0.17
0.275
0.0
0.13
0.215
0.391
-0.002
0.314
0.276
0.138
0.215
0.227
0.191
0.122
0.025
0.258
0.283
0.224
0.213
0.121
0.072
0.268
0.2
0.137
0.19
0.208
0.141
0.115
0.235
0.166
0.202
0.3
0.214
0.222
0.026
0.24
0.06
0.193
0.119
0.251
0.238
0.183
0.232
0.202
0.01
0.183
0.245
0.33
0.166
0.117
0.053
0.181
0.125
0.074
0.062
0.331
0.194
0.229
0.282
0.244
0.187
0.179
0.282
0.2
0.287
0.26
0.198
0.088
0.067
0.035
0.243
0.08
0.259
0.17
0.249
0.164
0.076
0.076
0.134
0.132
0.195
0.153
0.176
0.197
0.24
0.033
0.208
0.0
0.152
0.267
0.023
0.223
0.208
0.124
0.092
0.226
0.212
0.209
0.188
0.231
0.014
0.229
0.243
0.312
0.297
0.243
0.258
0.276
0.071
0.187
0.065
0.239
0.202
0.244
0.201
0.225
0.284
0.289
0.016
0.19
0.041
0.034
0.102
0.11
0.204
0.2
0.279
0.104
0.194
0.204
0.214
0.078
0.182
0.278
0.107
0.167
0.261
0.27
0.214
0.222
0.114
0.053
0.091
0.3
0.306
0.232
0.218
0.028
0.269
0.166
0.308
0.23
0.255
0.212
0.157
0.094
0.121
0.225
0.169
0.197
-0.034
0.158
0.231
0.262
0.042
0.229
0.199
0.164
0.231
0.223
0.236
0.191
0.184
0.042
0.151
0.07
0.231
0.223
0.144
0.179
0.032
0.03
0.172
0.011
0.283
0.278
0.242
0.222
0.286
0.217
0.238
0.262
0.229
0.219
0.327
0.229
0.236
0.065
0.086
0.282
0.235
0.144
0.243
0.179
0.28
0.251
0.331
0.241
0.285
0.248
0.216
0.201
0.242
0.248
0.175
0.186
0.151
0.3
0.259
0.185
0.161
0.287
0.262
0.248
0.14
0.148
0.186
0.252
0.227
0.065
0.08
0.247
0.217
0.206
0.085
0.252
0.164
0.072
0.085
0.192
0.061
0.265
0.248
0.022
0.354
0.214
0.164
0.27
0.208
0.252
0.129
0.181
0.152
0.149
0.183
0.212
0.151
0.218
0.235
0.244
0.068
0.256
0.227
0.272
0.058
0.19
0.205
0.24
0.182
0.173
0.057
0.164
0.132
0.261
0.179
0.276
0.199
0.177
0.18
0.284
0.174
0.225
0.116
0.19
0.221
0.238
0.142
0.211
0.184
0.119
0.257
0.194
0.297
0.278
0.274
0.287
0.059
0.217
0.297
0.286
0.173
0.173
0.058
0.054
0.234
0.222
0.144
0.241
0.247
0.275
0.276
0.317
0.239
0.266
0.148
0.206
0.193
-0.004
0.216
0.11
0.2
0.244
0.01
0.286
0.185
0.232
0.001
0.092
0.216
0.238
0.189
0.25
0.198
0.196
0.111
0.375
0.094
0.197
0.261
0.175
0.172
0.029
0.265
0.118
0.215
0.042
0.281
0.089
0.214
0.252
0.15
0.178
0.277
0.218
0.226
0.212
0.128
0.247
0.145
0.144
0.312
0.012
0.203
0.16
0.126
0.112
-0.005
0.106
0.191
0.077
0.214
0.043
0.301
0.236
0.018
0.173
0.343
0.33
0.313
0.329
0.227
0.205
0.246
0.265
0.227
0.228
0.077
0.289
0.254
0.169
0.169
0.335
0.142
0.125
0.201
0.152
0.093
0.337
0.247
0.278
0.231
0.24
0.169
0.204
0.239
0.266
0.194
0.152
0.174
0.204
0.231
0.301
0.034
0.182
0.012
0.075
0.239
0.1
-0.007
-0.025
0.208
0.304
0.063
0.135
0.072
0.154
0.145
0.26
0.154
0.286
0.249
0.252
0.177
0.105
0.226
0.289
0.16
0.17
0.211
0.166
0.062
0.278
0.142
0.131
0.272
0.12
0.189
0.039
0.014
0.264
0.192
0.049
0.166
0.246
0.185
0.233
0.133
0.282
0.143
0.25
0.215
0.175
0.023
0.008
0.088
0.24
0.103
0.209
0.21
0.149
0.044
0.177
0.087
0.134
0.13
0.208
0.228
0.213
0.245
0.19
0.11
0.265
0.241
0.057
0.191
0.221
0.105
0.163
0.265
0.244
0.04
0.048
0.184
0.184
0.253
0.234
0.195
0.169
0.086
0.123
0.22
0.191
0.304
0.106
0.204
0.145
0.087
0.208
0.215
0.039
0.194
0.254
0.155
0.092
0.095
0.239
0.212
0.125
0.277
0.287
0.247
0.038
0.111
0.158
0.112
0.232
0.185
0.308
0.226
0.216
0.254
0.087
0.269
0.279
0.236
0.198
0.164
0.103
0.087
0.223
0.148
0.201
0.185
0.196
0.06
0.1
-0.003
0.143
0.144
0.178
0.204
0.183
0.205
-0.037
0.264
0.241
0.066
0.061
0.0
0.051
0.282
0.144
0.19
0.025
0.214
0.227
0.226
0.247
0.045
0.123
0.249
0.25
0.298
0.346
0.217
0.229
0.283
0.083
0.059
0.277
0.21
0.046
0.147
0.271
0.14
0.23
0.316
0.193
0.351
0.242
0.08
0.256
0.212
0.201
0.049
0.104
0.215
0.056
0.238
0.109
0.117
0.165
0.184
0.254
0.276
0.101
0.162
0.239
0.107
0.183
0.268
0.091
0.336
0.222
0.075
0.174
0.292
0.198
0.124
0.085
0.209
0.198
0.148
0.24
0.068
0.192
0.172
0.093
0.289
0.3
0.211
0.131
0.245
0.228
0.269
0.256
0.261
0.215
0.302
0.209
0.28
0.229
0.15
0.132
0.231
0.191
0.184
0.211
0.217
0.253
0.174
0.283
0.302
0.249
0.196
0.237
0.167
0.242
0.175
0.069
0.356
0.115
0.088
0.258
0.161
0.209
0.195
0.199
0.134
0.191
0.027
0.109
0.144
0.205
0.23
0.162
0.254
0.204
-0.001
0.24
0.358
0.203
0.204
0.103
0.266
0.153
0.217
0.288
0.15
0.217
0.321
0.21
0.1
0.181
0.222
0.235
0.213
0.215
0.193
0.075
0.138
0.324
0.151
0.254
0.256
0.166
0.187
0.051
0.139
0.203
0.164
0.167
0.273
0.054
0.132
0.356
0.239
0.126
0.236
0.083
0.222
0.254
0.247
0.148
0.16
0.294
0.094
0.263
0.119
0.219
0.117
0.11
0.089
0.101
0.233
0.198
0.201
0.199
0.142
0.305
0.234
0.257
0.052
0.222
0.205
0.113
0.045
0.18
0.177
0.11
0.139
0.091
0.235
0.28
0.183
0.222
0.11
0.123
0.124
0.134
0.162
0.03
0.227
0.102
0.273
0.065
0.12
0.067
0.266
0.17
0.262
0.235
0.075
0.245
0.165
0.251
0.267
0.172
0.17
0.229
0.257
0.059
0.141
0.303
0.216
0.249
0.09
0.249
0.156
0.131
0.148
0.2
0.291
0.29
0.017
0.135
0.242
0.158
0.265
0.128
0.223
0.226
0.207
0.307
0.288
0.31
0.246
0.303
0.175
0.099
0.177
0.275
0.23
0.2
-0.001
0.297
0.168
0.204
0.243
0.217
0.2
0.09
0.255
0.207
0.18
0.104
0.176
0.02
0.148
0.211
0.245
0.239
0.183
0.235
0.041
0.201
0.145
0.253
0.219
0.326
0.181
0.101
0.301
0.136
0.261
0.203
0.101
0.296
0.306
0.185
0.201
0.206
0.229
-0.008
0.221
0.119
0.188
0.153
0.087
0.185
0.147
0.239
0.177
0.241
0.045
0.187
0.231
0.135
0.209
0.194
0.195
0.257
0.233
0.093
-0.033
0.103
0.244
0.228
0.106
0.237
0.105
0.237
0.17
0.207
0.288
0.242
0.166
0.388
0.158
0.346
0.263
0.202
0.146
0.166
0.229
0.273
0.212
0.036
0.082
0.262
0.205
0.265
0.15
0.315
0.12
0.174
0.068
0.17
0.187
0.292
0.271
0.191
0.228
0.253
0.15
0.294
0.034
0.272
0.274
0.182
0.044
0.09
0.217
0.204
0.281
0.192
0.114
0.162
0.189
0.225
0.282
0.193
0.23
0.196
0.304
0.352
0.176
0.144
0.231
0.135
0.17
0.201
0.073
0.029
0.174
0.268
0.217
0.027
0.303
0.195
0.198
0.1
0.243
0.137
0.076
0.152
0.156
0.21
0.192
0.153
0.061
0.243
0.227
0.122
0.163
0.232
0.248
0.129
0.267
0.342
0.211
0.047
0.19
0.262
0.245
0.226
0.29
0.114
0.168
0.104
0.175
0.221
0.194
0.252
0.231
0.092
0.264
0.226
0.231
0.142
0.344
0.33
0.18
0.266
0.213
0.234
0.234
0.209
-0.023
0.229
0.3
0.292
0.017
0.269
0.244
0.237
0.225
0.187
0.19
0.054
0.173
0.182
0.254
0.2
0.16
0.118
0.136
0.196
0.22
0.26
0.213
0.291
0.137
0.337
0.186
0.113
0.044
0.273
0.255
0.201
0.317
0.208
0.086
0.211
0.212
0.034
0.135
0.096
0.135
0.236
0.058
0.213
0.299
0.112
0.225
0.245
0.211
0.134
0.153
0.216
0.237
0.231
0.298
0.154
0.228
0.217
0.145
0.035
0.287
0.07
0.205
0.194
0.112
0.193
0.156
0.183
0.176
0.152
0.113
0.072
0.227
0.229
0.207
0.247
0.182
0.22
0.148
0.298
0.216
0.108
0.309
0.16
0.25
0.172
0.254
0.075
0.242
0.279
0.068
0.221
0.212
0.09
0.157
0.217
0.223
0.315
0.286
0.083
0.164
0.038
0.287
0.052
0.12
0.182
0.203
0.101
0.251
0.165
0.055
0.266
0.137
0.091
0.276
0.263
0.229
0.247
0.12
0.183
0.301
0.289
0.139
0.24
0.294
0.209
0.204
0.26
0.153
0.299
0.287
0.176
0.221
0.2
0.06
0.159
0.075
0.04
0.136
0.216
0.254
0.211
0.227
0.182
0.028
0.284
0.071
0.304
0.081
0.183
0.211
0.104
0.288
0.233
0.105
0.293
0.016
0.307
0.26
0.08
0.293
0.181
0.136
0.134
0.335
0.372
0.272
0.185
0.077
0.33
0.261
0.127
0.288
0.265
0.193
0.267
0.189
0.152
0.179
0.259
0.109
0.211
0.247
0.018
0.024
0.009
0.171
-0.05
-0.022
0.226
0.173
0.278
0.236
0.255
0.179
0.26
0.221
0.298
0.176
0.248
0.152
0.033
0.233
0.077
0.217
0.047
0.261
0.317
0.168
0.211
0.358
0.104
0.234
0.046
0.191
0.037
0.256
0.252
0.271
0.101
0.275
0.158
0.101
0.223
0.257
0.17
0.23
0.28
0.39
0.174
0.268
0.202
0.292
0.119
0.225
0.224
0.244
0.169
0.157
0.157
0.309
0.161
0.232
0.182
0.225
0.202
0.282
0.295
0.216
0.335
0.217
0.185
0.282
0.17
0.192
0.113
0.21
0.252
0.221
0.202
0.168
0.084
0.158
0.355
0.275
0.289
-0.007
0.222
-0.016
0.291
0.214
0.163
-0.004
0.079
0.259
0.102
0.27
0.143
0.137
0.041
0.27
0.081
0.223
0.208
0.236
0.174
0.279
0.206
0.168
0.223
0.238
0.092
0.188
0.104
0.165
0.106
0.24
0.206
0.063
0.151
0.196
0.274
0.277
0.204
0.196
0.119
0.136
0.256
0.128
0.21
0.207
0.26
0.223
0.118
0.04
0.147
0.229
0.254
0.172
0.178
0.241
0.278
0.257
0.198
0.298
0.266
0.251
0.223
0.186
0.273
0.282
0.2
0.232
0.143
0.153
0.229
0.13
0.136
0.232
0.212
0.043
0.134
0.233
0.048
0.201
0.041
0.298
0.247
0.207
0.026
0.019
0.217
0.095
0.191
0.222
0.301
0.036
0.226
0.228
0.308
0.133
0.222
0.065
0.064
0.185
0.234
0.159
0.197
0.146
0.279
0.203
0.187
0.205
0.219
0.278
0.315
0.26
0.088
0.334
0.188
0.209
0.324
0.335
0.194
0.017
0.182
0.174
0.293
0.171
0.213
0.223
0.153
0.242
0.141
-0.019
0.186
0.159
0.097
0.161
0.045
0.257
0.206
0.253
0.275
0.204
0.252
0.034
0.092
0.278
0.174
0.192
0.229
0.19
0.307
0.173
0.054
0.008
0.218
0.248
0.137
0.031
0.231
0.038
0.202
0.247
0.287
0.191
0.267
0.22
0.217
0.01
0.235
0.201
0.268
0.323
0.246
0.047
0.273
0.17
0.262
0.258
0.206
0.153
0.054
0.203
0.235
0.237
0.051
0.329
0.265
0.197
0.193
0.288
0.181
0.28
0.117
0.217
0.081
0.073
0.275
0.077
0.153
0.19
0.272
0.186
0.18
0.221
0.312
0.079
0.12
0.228
0.209
0.185
0.158
0.266
0.285
0.135
0.22
0.183
0.214
0.219
0.254
0.225
0.052
0.278
0.161
0.281
0.19
0.252
0.157
0.217
0.143
0.179
0.09
0.052
0.119
0.232
0.27
0.244
0.208
0.265
0.089
0.06
0.135
0.126
0.194
0.248
0.13
0.2
0.25
0.105
0.194
0.224
0.157
0.225
0.075
0.251
0.16
0.252
0.171
0.19
0.209
0.201
0.197
0.254
0.198
0.192
0.065
0.236
0.145
0.206
0.14
0.298
-0.009
0.316
0.119
0.301
0.268
-0.004
0.292
0.178
0.2
0.12
0.118
0.214
0.173
0.283
0.11
0.257
0.189
0.143
0.246
0.224
0.281
0.109
0.288
0.337
0.262
0.171
0.315
0.001
0.301
0.055
0.171
0.294
0.09
0.272
-0.019
0.075
0.247
0.19
0.037
0.241
0.277
0.177
-0.05
0.208
0.014
0.177
0.246
0.293
0.161
0.332
0.202
0.181
0.033
-0.029
0.251
0.22
0.193
0.207
0.227
0.284
0.23
0.231
0.2
0.283
0.145
0.236
0.284
0.241
0.286
0.192
0.263
0.216
0.198
0.143
0.239
0.219
0.152
0.236
0.152
0.266
0.271
0.137
0.014
0.218
0.264
0.201
0.28
0.197
0.123
0.201
0.168
0.247
0.026
0.219
0.298
0.312
0.31
0.077
0.162
0.244
0.306
0.088
0.359
0.233
0.285
0.213
0.243
0.239
0.239
0.137
0.335
0.208
0.297
0.169
0.214
0.082
0.19
0.102
0.139
0.118
0.177
0.252
0.177
0.245
0.195
0.285
0.317
0.137
0.251
0.218
0.142
0.108
0.232
0.251
0.305
0.198
0.27
-0.006
0.177
0.217
0.192
0.25
0.039
0.223
0.219
0.238
0.297
0.255
0.224
0.243
0.195
0.08
0.233
0.021
0.157
0.1
0.19
0.22
0.244
0.262
0.222
0.275
0.183
0.279
0.177
0.259
0.271
0.284
0.229
0.241
0.192
0.188
0.164
0.179
0.17
0.162
0.219
0.123
0.183
0.234
0.272
0.124
0.231
0.06
0.233
0.141
0.152
0.217
0.222
0.142
0.26
0.267
0.216
0.168
0.049
0.033
0.136
0.208
0.225
0.138
0.141
0.196
0.166
0.176
0.243
0.33
0.305
0.212
0.2
0.212
0.27
0.235
0.276
0.126
0.192
0.017
0.295
0.309
0.266
0.231
0.293
0.203
0.22
0.147
0.048
0.18
0.049
0.101
0.277
0.182
0.199
0.134
0.153
0.029
0.051
0.234
0.145
0.27
0.152
0.332
0.139
0.121
0.23
0.116
0.145
0.241
0.243
0.278
0.217
0.276
0.209
0.097
0.185
0.265
0.089
0.3
0.206
0.219
0.288
0.162
0.199
0.029
0.147
0.277
0.155
0.018
0.249
0.011
0.115
0.193
0.176
0.205
0.211
0.233
0.028
0.056
0.246
0.159
0.247
0.272
0.287
0.249
0.178
0.188
0.002
0.283
0.189
0.193
0.161
0.055
0.18
0.12
0.132
0.07
0.22
0.162
0.229
0.016
0.274
0.071
0.199
0.062
0.145
0.236
0.261
0.331
0.193
0.178
0.227
0.284
0.107
0.287
0.254
0.277
0.036
0.218
0.183
0.25
0.316
0.197
0.119
0.201
0.15
0.298
0.214
0.01
0.088
0.217
0.238
0.247
0.118
0.186
0.174
0.1
0.08
0.245
0.249
0.184
-0.015
0.185
0.266
0.212
0.216
0.065
0.267
0.23
0.267
0.216
0.113
0.053
0.266
0.101
0.275
0.29
0.186
0.174
0.255
0.059
0.232
0.236
0.203
0.059
0.208
0.176
0.33
0.243
0.262
0.168
0.2
0.179
0.155
0.113
0.171
0.271
0.137
0.025
0.21
0.125
0.197
0.198
0.272
0.259
0.326
0.253
0.129
0.106
0.207
0.219
0.375
0.215
0.191
0.095
0.228
0.103
0.308
0.144
0.129
0.231
0.187
0.233
0.011
0.259
0.216
0.137
0.168
0.173
0.333
0.203
0.225
0.242
0.219
0.255
0.251
0.211
0.153
0.098
0.116
0.295
0.249
0.261
0.242
0.197
0.225
0.308
0.033
0.179
0.194
0.263
0.238
0.237
-0.015
0.091
0.277
0.176
0.033
0.18
0.262
0.157
0.187
0.255
0.286
0.114
0.239
0.164
0.159
0.231
0.035
0.163
0.186
0.227
0.287
0.218
0.097
0.218
0.005
0.035
0.223
0.212
0.155
0.144
0.132
0.181
0.192
0.222
0.045
0.285
0.062
0.199
0.138
0.241
0.358
0.114
0.232
0.159
0.171
0.185
0.309
0.284
0.271
0.162
0.051
0.284
0.171
0.226
0.24
0.129
0.173
0.255
0.179
0.132
0.05
0.137
0.278
0.219
0.081
0.25
0.198
0.024
0.213
0.185
0.265
0.264
0.109
0.165
0.224
0.178
0.231
0.22
0.265
0.227
0.185
0.278
0.001
0.178
0.134
0.141
0.145
0.165
0.174
0.051
0.219
0.038
0.232
0.27
0.212
0.231
0.153
0.114
0.322
0.243
0.156
0.037
0.279
0.232
0.139
0.103
0.147
-0.015
0.309
0.139
0.241
0.108
0.228
0.286
0.068
0.115
0.305
0.151
0.157
0.191
0.215
0.175
0.282
0.239
0.094
0.348
0.12
0.362
0.209
0.257
0.276
0.007
0.237
0.241
0.225
0.179
0.132
0.159
0.034
0.283
0.213
0.255
0.29
0.245
0.001
0.063
0.05
0.222
0.259
0.239
0.295
0.272
0.276
0.174
0.229
0.232
0.136
0.037
0.265
0.227
0.233
0.212
0.236
0.293
0.251
0.161
0.217
0.267
0.281
0.065
0.306
0.266
0.254
0.121
0.003
0.274
0.148
0.184
0.239
0.27
0.21
0.237
0.184
0.29
0.349
0.244
0.207
0.234
0.15
0.031
0.269
0.117
0.055
0.044
0.231
0.248
0.144
0.279
0.107
0.195
0.206
0.089
0.09
0.231
0.146
0.199
0.194
0.024
0.145
0.26
0.036
0.266
0.291
0.17
0.206
0.176
0.26
0.201
0.167
0.268
0.179
0.292
0.179
0.286
0.267
0.324
0.18
0.0
0.052
0.189
0.268
0.112
0.173
0.228
0.217
0.187
0.189
0.276
0.129
0.189
0.221
0.255
0.136
0.157
0.238
0.225
0.12
0.302
0.009
0.12
0.206
0.041
0.15
0.043
0.201
0.183
0.253
0.179
0.138
0.216
0.29
0.092
0.233
0.204
0.05
0.083
0.278
0.338
0.266
-0.031
0.201
0.065
0.23
-0.019
0.293
0.278
0.18
0.273
0.333
0.03
0.248
0.265
0.257
0.116
0.209
0.085
0.22
0.142
0.234
0.201
0.267
0.228
0.135
0.16
0.22
0.2
0.279
0.197
0.273
0.211
0.023
0.314
0.216
0.283
0.202
0.225
0.12
0.258
0.257
0.062
0.111
0.2
0.217
0.278
0.004
0.151
0.305
0.115
0.258
0.212
0.137
0.233
0.275
0.211
0.244
0.094
0.227
0.214
0.23
0.192
0.295
0.289
0.232
0.201
0.198
0.083
0.052
0.174
0.24
0.18
0.002
0.182
0.232
0.251
0.178
0.227
0.23
0.064
0.145
0.182
0.182
0.071
0.107
0.223
0.055
0.198
0.034
0.178
0.277
0.23
0.12
0.182
0.232
0.283
0.224
0.206
0.248
0.237
0.136
0.094
0.184
0.203
0.322
0.223
0.21
0.121
0.285
0.047
0.265
0.025
0.205
0.221
0.153
0.182
0.142
0.229
0.203
0.268
0.239
0.084
0.241
0.175
0.177
0.02
0.211
0.187
0.196
0.241
0.067
0.199
0.158
0.171
0.169
0.194
0.139
0.257
0.268
0.163
0.048
0.144
0.22
0.298
0.114
0.074
0.273
0.189
0.262
0.249
0.252
0.245
0.077
0.165
0.198
0.221
0.062
0.138
0.059
0.207
0.158
0.227
0.215
0.217
0.265
0.268
0.172
0.241
0.287
0.294
0.262
0.114
0.251
0.168
0.202
0.308
0.192
0.266
0.215
0.072
0.376
0.237
0.311
0.118
0.286
0.086
0.127
0.231
0.216
0.286
0.146
0.012
0.138
0.292
0.182
0.267
0.208
0.277
0.076
0.093
0.295
0.222
0.023
0.206
0.231
0.271
0.158
0.067
0.28
0.181
0.224
0.333
0.111
0.06
0.055
0.197
0.215
0.196
0.195
0.252
0.002
0.145
0.331
0.181
0.187
0.045
0.159
0.008
0.067
0.148
0.087
0.22
0.163
0.122
0.242
0.207
0.27
0.265
0.101
0.209
0.187
0.205
0.084
0.218
0.304
0.177
0.162
0.04
0.164
0.171
0.187
0.134
0.154
0.05
0.149
0.183
-0.008
0.071
0.006
0.012
0.094
0.075
0.265
0.236
0.037
0.212
0.278
0.141
0.204
0.037
0.091
0.198
0.07
0.01
0.181
0.326
0.062
0.278
0.192
0.166
-0.023
0.29
0.198
0.354
0.264
0.225
0.222
0.286
0.308
0.274
0.172
0.182
0.262
0.235
0.231
0.345
0.178
0.185
0.026
0.153
0.05
0.226
0.195
0.103
0.166
0.325
0.164
0.26
0.122
0.213
0.208
0.208
0.158
0.082
0.147
-0.021
0.174
0.233
0.243
0.302
0.229
0.28
0.279
0.165
0.182
0.109
0.344
0.333
0.054
0.069
0.213
0.046
0.172
0.186
0.358
0.341
0.091
0.204
0.188
0.223
0.188
0.119
0.102
0.066
0.202
0.064
0.286
0.248
0.098
0.091
0.248
0.171
0.26
0.249
0.097
0.003
0.172
0.236
0.306
0.135
0.129
0.259
0.166
0.183
0.009
0.293
0.227
0.171
0.08
0.216
0.376
0.287
0.226
0.002
0.311
0.001
0.232
0.428
0.183
0.165
0.154
0.277
0.089
0.158
0.121
0.256
0.259
0.199
0.311
0.216
0.214
0.237
0.196
0.092
0.313
0.205
0.186
0.169
0.218
0.221
0.085
0.095
0.175
0.169
0.135
0.168
0.209
0.114
0.132
0.135
0.2
0.19
0.153
0.138
0.156
0.134
0.118
0.187
0.126
0.198
0.17
0.232
0.347
0.099
0.156
0.243
0.298
0.324
0.121
0.21
0.323
0.117
0.118
0.132
0.291
0.244
0.295
0.038
0.196
0.15
0.046
0.261
0.075
0.187
0.263
0.119
0.067
0.089
0.172
0.299
0.084
0.172
0.055
0.029
0.222
0.237
0.01
0.22
0.222
0.017
0.198
0.225
0.238
0.237
0.046
0.287
0.175
0.186
0.185
0.332
0.12
0.124
0.151
0.248
0.19
0.154
0.287
0.224
0.3
0.188
0.096
0.18
0.173
0.353
0.193
0.239
0.177
0.074
0.224
0.12
0.185
0.225
0.32
0.156
0.136
0.175
0.296
0.195
0.237
0.242
0.223
0.248
0.055
0.207
0.208
0.23
0.141
0.205
0.256
0.279
0.174
0.037
0.112
0.194
0.257
0.277
0.245
0.207
0.023
0.135
0.059
0.171
0.1
0.309
0.079
0.112
0.257
0.149
0.136
0.263
0.152
0.164
0.249
0.039
0.063
0.271
0.145
0.117
0.163
0.401
0.167
0.271
0.107
0.227
0.185
0.241
0.042
0.034
0.233
0.358
0.138
0.158
0.293
0.23
0.048
0.197
0.257
0.286
0.215
0.305
0.361
0.181
0.253
0.179
0.185
0.273
-0.022
0.069
0.262
0.374
0.197
0.209
0.301
0.197
0.237
0.186
0.14
0.104
0.248
0.26
0.308
0.207
0.114
0.069
0.14
0.204
0.098
0.275
0.162
0.268
0.029
0.272
0.079
0.082
0.054
0.221
0.311
0.29
0.325
0.052
0.193
0.131
0.282
0.158
0.304
0.048
0.091
0.017
0.321
0.267
0.197
0.257
0.074
0.229
0.233
0.126
0.013
0.272
0.169
0.202
0.105
0.311
0.247
0.139
0.251
0.176
0.316
0.283
0.107
0.234
0.2
0.226
0.176
0.227
0.187
0.182
0.098
0.074
0.237
0.236
0.263
0.107
0.062
0.266
0.266
0.293
0.2
0.148
0.282
0.26
0.185
0.114
0.262
0.021
0.236
0.239
0.142
0.261
0.293
0.221
0.252
0.179
0.12
0.197
0.218
0.048
0.007
0.257
0.188
0.111
0.05
0.065
0.224
0.167
0.245
0.179
0.189
0.256
0.238
0.18
0.037
0.21
0.17
0.266
0.011
0.165
0.141
0.26
0.267
0.182
0.139
0.089
0.087
0.046
0.261
0.099
0.008
0.182
0.194
0.162
0.244
0.078
0.177
0.218
0.174
0.214
0.159
0.146
0.219
0.174
0.048
0.201
0.183
0.114
0.001
0.147
0.036
0.212
0.033
0.265
0.066
0.098
0.235
0.162
0.196
0.075
0.015
0.215
0.191
0.322
0.148
0.217
-0.043
0.12
0.202
0.18
0.124
0.202
0.317
0.156
0.141
0.021
0.214
0.058
0.23
0.314
0.172
0.278
0.19
0.114
0.211
0.13
0.199
0.151
0.298
0.149
0.24
-0.006
0.14
0.192
0.068
0.022
0.069
0.152
0.111
0.157
0.209
0.163
0.301
0.216
0.017
0.191
0.173
0.003
0.045
0.204
0.117
0.208
0.233
0.058
0.23
0.165
0.114
0.235
0.346
-0.013
0.118
0.272
0.207
0.179
0.166
0.079
0.15
0.168
0.089
0.235
0.089
0.19
0.257
0.122
0.197
0.183
0.315
0.142
0.157
0.045
0.117
0.269
0.143
0.197
0.244
0.211
0.04
0.054
0.089
0.285
0.263
0.077
0.227
0.284
0.184
0.107
-0.098
-0.013
0.159
0.154
0.157
0.268
0.069
0.158
-0.031
0.165
0.071
0.177
0.259
0.187
0.217
0.063
0.115
0.242
0.044
0.264
0.236
0.149
0.047
0.214
0.296
0.001
0.271
0.024
0.107
0.159
0.277
0.148
0.32
0.344
0.199
0.06
0.325
0.15
0.186
0.203
0.187
0.136
0.194
0.153
0.048
0.251
0.216
0.311
0.227
0.201
0.128
0.234
0.26
0.209
0.068
0.197
0.218
0.31
0.272
0.024
0.268
0.171
0.284
0.054
0.312
0.261
0.014
0.221
0.239
0.172
0.152
0.253
0.132
0.226
0.196
0.229
0.131
0.239
0.031
0.215
0.093
0.14
0.013
0.23
0.175
0.237
0.044
0.262
0.005
0.175
0.153
0.091
0.185
0.202
0.037
0.269
0.038
0.239
0.162
0.056
0.121
0.072
0.234
0.038
0.228
0.254
0.146
0.068
0.089
0.19
0.187
0.161
0.246
0.148
0.272
0.275
0.31
0.199
0.157
0.251
0.14
0.066
0.316
0.133
0.093
0.103
0.166
0.214
0.246
0.113
0.248
0.267
0.235
0.095
0.241
0.234
0.2
0.034
0.023
0.291
0.255
0.18
0.145
0.171
0.222
0.182
0.019
0.038
0.152
0.338
0.369
0.287
0.177
0.226
0.3
0.111
0.132
0.265
0.096
0.175
0.223
0.184
0.218
0.34
0.169
0.263
0.256
0.203
0.121
0.219
0.194
0.2
0.18
0.194
0.166
0.218
0.188
0.207
0.211
0.233
0.25
0.27
0.325
0.19
0.037
0.273
0.245
0.261
0.179
0.202
0.137
-0.044
0.183
0.242
0.107
0.153
0.152
0.256
0.149
0.094
0.257
0.181
0.196
0.14
0.14
0.195
0.077
0.217
0.234
0.193
0.169
0.157
0.341
0.218
0.177
0.099
0.227
0.197
0.171
0.208
0.199
0.095
0.265
0.142
0.221
0.302
0.272
0.161
0.182
0.23
0.305
0.303
0.195
0.173
0.052
0.203
0.262
0.234
0.191
0.309
0.166
0.247
0.1
0.094
0.142
0.25
0.06
0.238
0.269
0.238
0.276
0.217
0.242
0.199
-0.017
0.298
0.264
0.178
0.178
-0.005
0.125
0.237
0.21
0.154
0.208
0.176
0.294
0.204
0.325
0.26
0.183
0.215
0.024
0.212
0.293
0.262
0.263
0.121
0.049
0.262
0.209
0.242
0.209
-0.008
0.183
0.272
0.243
0.276
0.155
0.205
0.066
0.2
0.211
0.16
0.214
0.069
0.092
0.215
0.176
0.201
0.031
0.018
0.169
0.359
0.228
0.169
0.277
0.234
0.024
0.188
0.255
0.12
0.241
0.233
0.244
0.243
0.198
0.242
0.13
0.108
0.051
0.228
0.185
0.223
0.234
0.165
0.306
0.282
0.119
0.196
0.222
0.038
0.343
0.203
0.245
0.304
0.168
0.125
0.091
0.054
0.213
0.234
0.051
0.111
0.028
0.079
0.152
0.214
0.226
0.235
0.149
0.223
0.186
0.093
0.299
0.038
0.152
0.209
0.074
0.25
0.059
0.289
0.13
0.061
0.2
0.032
0.222
0.071
0.216
0.282
0.23
0.175
0.076
0.09
0.189
0.222
0.242
0.22
0.178
0.243
0.22
0.121
0.14
0.104
0.038
0.298
0.105
0.162
0.031
0.227
0.282
0.309
0.058
0.221
0.199
0.241
0.113
0.05
0.253
0.124
0.258
0.074
0.299
0.154
0.23
0.246
0.117
0.214
0.124
0.065
0.223
-0.012
0.167
0.159
0.194
0.235
0.248
0.309
0.221
0.169
0.275
0.207
0.198
0.132
0.13
0.068
-0.032
0.283
-0.033
0.261
0.2
0.255
0.201
0.229
0.167
0.153
0.231
0.102
0.069
0.132
0.11
0.208
0.307
0.19
0.114
0.241
0.076
0.185
0.175
0.198
0.271
0.223
0.203
0.257
0.214
0.209
0.234
0.184
0.275
0.083
0.081
0.147
0.228
0.176
0.166
0.172
0.272
0.127
0.244
0.292
0.219
0.23
-0.001
0.072
0.047
0.036
0.178
0.227
0.202
0.137
0.099
0.245
0.179
0.108
0.061
0.189
0.2
0.149
0.248
0.174
0.269
0.329
0.273
0.185
0.084
0.101
0.182
0.217
0.275
0.123
-0.037
0.198
0.149
0.133
0.084
0.313
0.133
0.13
0.215
0.241
0.219
0.174
0.242
0.199
0.145
0.146
0.038
0.065
0.254
0.051
0.055
0.202
0.043
0.196
0.093
0.288
0.246
0.246
0.208
0.186
0.159
0.05
0.329
0.143
0.094
0.136
0.022
0.14
0.192
0.247
0.276
0.217
0.36
0.14
0.176
0.214
0.271
0.199
0.24
0.232
0.145
0.216
0.202
0.062
0.073
0.116
0.264
0.195
0.173
0.203
0.163
0.123
0.176
0.287
0.336
0.274
0.22
0.06
0.117
0.182
0.044
0.232
0.196
0.09
0.04
0.276
0.14
0.074
0.24
0.134
0.198
0.353
0.187
0.175
0.309
0.215
0.095
0.27
0.156
0.16
0.207
0.213
0.192
0.246
0.309
0.1
0.255
0.08
0.196
0.182
0.007
0.246
0.061
0.116
0.197
0.091
0.259
0.227
0.179
0.067
0.149
0.131
0.214
0.224
0.26
-0.058
0.087
0.171
0.034
0.24
0.248
0.231
0.04
0.279
0.074
0.12
0.207
0.288
0.271
0.137
0.166
0.349
0.175
0.225
0.158
0.347
0.202
0.163
0.224
0.057
0.029
0.237
0.352
0.318
0.2
0.0
0.274
0.048
0.26
0.122
0.04
0.179
0.289
0.19
0.36
0.277
0.089
0.21
0.148
0.219
0.152
0.237
0.141
0.327
0.195
0.189
0.044
0.176
0.304
0.059
0.215
0.127
0.268
0.102
0.229
0.014
0.24
0.149
0.169
0.245
0.152
-0.002
0.276
0.165
0.016
0.138
0.153
0.121
0.21
0.414
0.183
0.264
0.324
0.319
0.225
0.269
0.166
0.234
0.222
0.01
0.171
0.237
0.214
0.281
0.28
0.076
0.116
0.276
-0.016
0.18
0.29
0.254
0.234
0.173
0.237
0.073
0.288
0.167
0.165
0.09
0.157
0.221
0.079
0.219
0.215
0.234
0.136
0.249
0.108
0.264
0.17
0.272
0.259
0.038
0.217
0.2
0.0
0.071
0.124
0.189
0.151
0.07
0.287
0.166
0.151
0.096
0.256
0.123
0.23
0.092
0.048
0.271
0.058
0.087
0.203
0.3
0.251
0.056
0.03
0.186
0.263
0.151
0.025
0.246
0.171
0.299
0.231
0.134
0.211
0.158
0.308
0.218
0.177
0.262
0.221
0.138
0.123
0.201
0.037
0.085
0.012
0.279
0.287
0.167
0.228
0.205
0.211
0.234
0.235
0.18
0.159
0.362
0.221
0.243
0.176
0.126
0.254
0.153
0.248
0.225
0.18
0.27
0.094
0.227
0.206
0.234
0.2
0.209
0.265
0.116
0.221
0.193
0.205
0.268
0.142
0.186
0.303
0.305
0.085
0.168
0.179
0.25
0.218
0.247
0.318
0.131
0.134
0.066
0.209
0.227
0.24
0.271
0.188
0.158
0.244
0.02
0.196
0.219
0.084
0.293
0.257
0.232
0.106
0.197
0.218
0.15
0.157
0.218
0.246
0.152
0.138
0.214
0.289
0.213
0.053
0.243
0.223
0.027
0.223
0.157
0.099
0.251
0.315
0.218
0.244
0.209
0.193
0.294
0.169
0.248
0.226
0.141
0.225
0.141
0.171
0.286
0.264
0.268
0.217
0.175
0.197
0.202
0.138
0.087
0.275
0.229
0.018
0.105
0.196
0.229
0.241
0.227
0.247
0.15
0.246
0.277
0.142
0.234
0.059
0.209
0.301
0.186
0.17
0.155
0.09
0.183
0.19
0.273
0.193
0.024
0.237
0.173
0.188
0.224
0.262
0.306
0.164
0.18
0.273
0.207
0.36
0.317
0.153
0.167
0.117
0.075
0.209
0.141
0.242
0.244
0.05
0.157
0.123
0.141
0.157
0.327
0.146
0.288
0.268
0.148
0.244
0.191
0.259
0.254
0.256
0.211
0.297
0.227
0.224
0.284
0.053
0.26
0.323
0.219
0.205
0.027
0.158
-0.004
0.212
0.211
0.245
0.27
0.221
0.24
0.251
0.231
0.209
0.185
0.206
0.174
0.262
0.196
0.345
0.148
0.243
0.216
0.139
0.076
0.209
0.196
0.2
0.073
0.253
0.066
0.144
0.046
0.281
0.157
0.215
0.19
0.046
0.22
0.122
0.058
0.313
0.181
0.237
0.21
0.269
-0.033
0.222
0.133
0.289
0.128
0.186
0.305
0.209
0.177
0.234
0.266
0.211
0.309
0.299
0.157
0.142
0.218
0.174
0.151
0.221
-0.011
0.12
0.309
0.225
0.172
0.06
0.157
0.1
0.095
0.114
0.222
0.215
0.254
0.167
0.219
0.067
0.074
0.109
0.298
0.239
0.231
0.142
0.046
0.082
0.178
0.122
0.242
0.272
0.174
0.209
0.301
0.256
0.22
0.224
0.213
0.045
0.123
0.128
0.202
0.208
0.185
0.19
0.198
0.279
0.129
0.031
0.265
0.099
0.124
0.143
-0.004
0.281
0.158
0.257
0.137
0.062
0.206
0.163
0.173
0.197
0.249
0.197
0.049
0.21
0.222
0.2
0.292
0.237
0.12
0.013
0.158
0.257
0.271
0.161
0.013
0.344
0.287
0.223
0.028
0.155
0.265
0.144
0.134
0.258
0.286
0.239
0.158
0.19
0.205
0.204
0.329
0.144
0.287
0.23
0.202
0.204
0.293
0.222
0.15
0.054
0.265
0.289
0.034
0.319
0.103
0.273
0.196
0.058
0.203
0.272
0.21
0.378
0.181
0.197
0.151
-0.035
0.265
0.208
0.087
0.139
0.244
0.22
0.163
0.153
0.273
0.248
0.265
0.331
0.144
0.202
0.304
0.219
0.142
0.206
0.221
0.043
0.16
0.19
0.147
0.133
0.278
0.035
0.219
0.287
0.081
0.191
0.262
0.13
0.218
0.029
0.201
0.039
0.181
0.259
0.282
0.2
0.243
0.247
0.246
0.26
0.204
0.029
0.204
0.248
0.23
0.246
0.229
0.22
0.068
0.237
0.052
0.177
0.27
0.253
0.188
0.232
0.204
0.29
0.125
0.169
0.221
0.265
0.201
0.22
0.25
0.192
0.199
0.026
0.162
0.135
0.178
0.16
0.178
0.167
0.262
0.084
0.12
0.022
0.308
0.239
0.03
0.037
0.196
0.291
0.22
0.045
0.027
-0.02
0.077
0.176
0.332
0.094
0.201
0.117
0.146
0.18
0.114
0.123
0.165
0.267
0.065
0.227
0.055
0.084
0.307
0.263
0.217
0.095
0.071
0.157
0.237
0.111
0.14
0.11
0.186
0.198
0.225
0.188
0.149
0.235
0.228
0.188
0.256
0.138
0.149
0.183
0.03
0.173
0.126
0.217
0.19
0.144
0.065
-0.006
0.23
0.238
0.179
0.145
0.273
0.188
0.225
0.288
0.139
0.115
0.191
0.23
0.303
0.255
0.229
0.328
0.178
0.145
0.201
0.133
0.312
0.012
0.066
0.257
0.325
0.205
0.207
0.246
0.189
0.043
0.25
0.146
0.063
0.132
0.054
0.118
0.321
0.341
0.047
0.22
0.151
0.148
0.218
0.23
0.271
0.243
0.3
0.22
0.254
0.221
0.205
0.3
0.161
0.278
0.185
0.309
0.232
0.135
0.253
0.266
0.06
0.213
0.327
0.139
0.083
0.326
0.266
0.236
0.282
0.052
0.166
0.158
0.218
0.189
0.252
0.132
0.089
0.245
0.213
0.22
0.278
0.059
0.198
0.085

