-0.051
-0.066
-0.022
-0.029
-0.003
-0.103
0.036
-0.012
-0.054
-0.07
-0.073
-0.033
0.015
-0.117
-0.006
-0.034
0.021
-0.096
-0.014
-0.019
-0.122
-0.049
-0.007
-0.075
-0.059
-0.097
-0.022
-0.023
-0.01
-0.131
-0.112
-0.07
-0.098
-0.02
0.018
-0.073
-0.096
-0.064
-0.019
0.009
-0.062
-0.031
-0.009
0.009
-0.111
-0.035
-0.002
-0.077
-0.009
-0.045
0.001
-0.123
-0.004
0.045
-0.007
-0.088
-0.047
-0.062
-0.03
-0.122
-0.047
-0.033
-0.072
-0.048
-0.061
-0.071
-0.042
-0.094
-0.034
-0.054
-0.056
0.038
-0.037
-0.103
-0.087
-0.198
-0.056
-0.055
-0.06
-0.058
-0.067
-0.066
-0.064
-0.044
-0.053
-0.076
-0.07
-0.022
-0.072
-0.007
-0.095
-0.156
-0.055
-0.088
-0.141
-0.042
-0.081
-0.042
-0.069
-0.062
0.042
-0.057
-0.044
-0.076
-0.023
0.025
-0.031
-0.089
-0.052
-0.009
-0.043
-0.004
-0.116
-0.047
-0.023
-0.081
-0.106
-0.083
-0.091
-0.062
-0.042
-0.019
-0.017
-0.033
-0.054
-0.058
-0.075
-0.105
-0.123
-0.057
-0.053
-0.061
-0.053
-0.009
0.025
-0.04
-0.01
-0.068
-0.049
-0.028
-0.044
-0.003
-0.063
-0.118
-0.03
-0.032
-0.114
-0.087
-0.115
-0.03
0.039
-0.049
-0.063
-0.011
-0.048
-0.122
-0.14
-0.074
-0.119
-0.004
-0.052
-0.019
0.002
-0.09
-0.089
0.006
-0.054
-0.107
-0.032
0.013
-0.016
-0.052
-0.058
-0.01
0.016
-0.045
0.001
-0.11
-0.035
-0.069
-0.031
-0.116
-0.099
-0.142
-0.029
-0.105
-0.03
0.0
0.037
-0.086
-0.024
-0.089
-0.023
-0.008
-0.038
0.012
-0.042
-0.025
-0.034
-0.068
-0.071
-0.051
-0.028
-0.074
-0.069
-0.003
-0.021
-0.061
0.013
-0.044
-0.103
-0.058
-0.02
-0.104
-0.055
0.043
-0.055
-0.024
-0.06
-0.044
-0.052
-0.03
-0.104
0.004
-0.062
0.005
-0.016
-0.045
-0.01
-0.062
-0.056
-0.037
-0.07
0.015
-0.098
-0.069
-0.103
-0.011
-0.041
0.001
-0.014
-0.064
-0.043
-0.047
-0.032
-0.138
-0.064
-0.05
-0.033
-0.049
-0.137
-0.095
-0.064
-0.066
-0.087
-0.032
-0.042
-0.024
-0.015
-0.109
-0.038
-0.001
-0.002
0.022
-0.029
-0.052
-0.038
-0.093
-0.08
-0.086
-0.038
-0.1
-0.053
0.006
0.005
-0.022
0.014
-0.014
-0.047
-0.072
-0.071
-0.125
-0.055
-0.09
-0.071
-0.022
-0.118
-0.053
-0.082
-0.05
-0.08
-0.062
-0.051
-0.087
-0.064
-0.073
-0.079
-0.053
-0.026
-0.046
-0.091
-0.038
-0.079
-0.105
-0.064
-0.062
-0.057
-0.041
-0.069
-0.04
-0.056
-0.087
-0.139
-0.053
-0.113
-0.049
-0.072
0.004
0.017
-0.011
0.016
-0.085
-0.009
-0.044
-0.107
-0.109
-0.099
-0.045
-0.043
-0.117
-0.013
-0.078
-0.087
-0.141
-0.064
-0.112
0.009
-0.02
-0.004
-0.065
0.004
-0.079
-0.097
-0.07
-0.052
-0.036
0.036
-0.104
-0.047
-0.072
-0.056
-0.076
-0.078
-0.033
-0.073
-0.012
-0.027
-0.074
-0.066
-0.053
-0.058
-0.113
-0.077
-0.046
-0.014
-0.076
-0.074
-0.157
0.004
-0.024
-0.032
0.003
-0.072
-0.055
-0.119
-0.097
-0.081
-0.131
-0.08
-0.125
-0.054
-0.065
-0.084
-0.033
-0.044
-0.04
-0.065
-0.058
0.052
-0.058
-0.041
-0.02
-0.051
-0.074
-0.108
-0.042
-0.005
-0.093
-0.054
-0.034
-0.059
-0.034
-0.054
-0.1
-0.053
-0.122
-0.023
-0.053
0.031
0.042
-0.084
-0.096
-0.142
-0.053
0.044
-0.091
-0.071
-0.02
-0.057
-0.089
-0.044
-0.011
-0.012
-0.078
-0.015
-0.053
-0.048
-0.049
-0.035
-0.042
-0.032
-0.058
-0.004
-0.078
-0.078
-0.015
-0.03
0.053
-0.037
0.004
-0.01
-0.156
-0.096
0.023
-0.146
-0.032
-0.017
-0.057
-0.054
-0.043
-0.027
-0.042
-0.158
-0.077
-0.074
-0.066
-0.067
-0.043
-0.157
-0.011
0.016
0.01
-0.051
-0.024
-0.067
-0.036
-0.039
-0.065
-0.078
-0.067
-0.035
-0.013
0.042
-0.032
-0.052
-0.074
-0.073
-0.079
-0.063
-0.057
-0.106
-0.048
-0.012
-0.04
-0.056
-0.064
-0.116
-0.077
-0.024
-0.128
-0.009
-0.048
-0.048
0.055
-0.006
-0.016
0.015
-0.074
-0.034
-0.068
0.029
-0.071
-0.027
-0.055
-0.123
-0.108
-0.033
-0.023
-0.038
-0.089
-0.003
-0.08
-0.017
-0.03
-0.069
-0.031
-0.076
-0.035
-0.04
0.064
-0.056
-0.025
-0.066
-0.068
-0.072
-0.014
-0.004
-0.09
-0.058
0.001
-0.116
-0.052
-0.051
-0.062
-0.091
-0.068
-0.016
-0.025
-0.081
-0.028
-0.041
-0.029
-0.116
-0.052
-0.011
-0.009
-0.061
-0.033
-0.064
-0.06
-0.084
0.001
-0.058
-0.132
0.021
-0.11
-0.052
-0.096
0.009
-0.043
-0.056
-0.1
-0.044
0.059
0.007
-0.002
-0.09
-0.038
-0.043
-0.046
-0.103
-0.052
-0.031
-0.097
-0.036
-0.042
-0.116
-0.028
-0.07
-0.062
0.008
-0.072
-0.049
-0.086
-0.033
-0.079
-0.054
-0.061
-0.064
-0.063
-0.085
-0.15
-0.125
-0.062
-0.005
-0.075
-0.093
-0.021
-0.136
-0.13
-0.066
-0.06
0.015
-0.118
-0.057
-0.156
-0.1
-0.019
-0.052
-0.091
-0.082
-0.038
-0.121
-0.056
-0.081
-0.006
-0.044
-0.044
-0.081
-0.117
-0.028
0.004
-0.055
-0.041
-0.024
-0.012
-0.103
-0.039
-0.025
-0.017
-0.038
-0.055
-0.082
-0.121
0.003
0.067
-0.142
-0.057
-0.048
-0.072
-0.018
0.007
-0.047
0.003
-0.096
-0.02
-0.129
-0.063
-0.027
-0.092
-0.07
-0.027
0.031
0.007
-0.038
-0.098
-0.038
-0.07
-0.066
-0.048
-0.051
-0.161
-0.083
0.02
0.015
0.015
0.0
-0.03
-0.063
-0.018
0.028
-0.058
-0.074
0.006
-0.08
-0.03
-0.102
-0.079
-0.023
0.046
-0.063
-0.073
-0.07
-0.014
-0.127
-0.036
-0.033
-0.062
-0.068
-0.069
-0.028
-0.082
-0.074
-0.133
-0.156
-0.103
-0.084
-0.084
-0.097
-0.076
-0.011
-0.121
-0.034
-0.083
-0.053
-0.027
-0.045
-0.049
-0.045
-0.062
-0.085
-0.039
-0.027
-0.054
0.028
-0.109
-0.114
-0.179
-0.001
-0.015
-0.041
-0.126
-0.111
0.009
-0.069
-0.016
-0.015
0.004
-0.084
-0.041
-0.09
-0.014
-0.004
-0.1
-0.125
-0.017
-0.076
-0.08
-0.068
-0.021
-0.05
-0.025
-0.065
-0.052
-0.112
-0.05
-0.062
-0.016
-0.084
0.06
-0.123
-0.062
-0.095
-0.065
-0.059
-0.028
-0.072
-0.027
-0.061
-0.105
-0.06
-0.061
-0.045
-0.061
-0.002
-0.057
-0.089
-0.111
-0.011
0.011
-0.046
-0.058
-0.047
-0.07
-0.028
-0.05
-0.09
-0.059
-0.083
-0.054
-0.034
-0.036
-0.114
-0.028
-0.089
-0.095
-0.117
-0.032
-0.022
-0.062
-0.035
0.004
-0.107
-0.05
-0.029
-0.072
-0.02
-0.002
-0.072
-0.068
-0.078
-0.071
-0.039
-0.065
-0.048
-0.033
-0.039
-0.103
0.027
0.005
-0.072
0.001
0.037
-0.08
-0.088
-0.088
-0.047
-0.043
0.012
0.011
0.044
-0.1
-0.121
0.016
-0.077
-0.057
-0.135
0.082
-0.025
-0.082
-0.056
-0.06
-0.096
-0.134
-0.091
-0.106
-0.035
-0.003
-0.062
-0.128
-0.065
-0.048
-0.122
-0.109
-0.021
-0.055
-0.14
-0.056
-0.038
-0.012
0.029
-0.019
-0.058
-0.036
-0.023
-0.079
-0.12
-0.017
-0.082
0.032
-0.104
-0.001
-0.025
0.108
-0.093
-0.066
-0.071
-0.032
-0.111
-0.016
-0.026
-0.069
-0.001
-0.068
-0.051
-0.027
-0.017
-0.154
-0.07
0.048
0.031
-0.084
0.003
-0.072
-0.064
-0.061
-0.025
-0.087
-0.045
-0.077
0.019
-0.083
-0.059
-0.057
-0.028
-0.192
-0.027
-0.094
-0.092
0.05
-0.086
-0.005
-0.053
-0.034
-0.105
-0.061
-0.065
-0.036
-0.058
-0.083
-0.07
-0.025
-0.045
-0.047
-0.072
-0.145
-0.082
-0.057
-0.097
-0.007
-0.083
-0.033
-0.064
-0.042
-0.117
-0.078
-0.067
-0.043
-0.053
-0.081
0.029
0.023
-0.072
-0.024
-0.08
-0.11
-0.022
-0.087
-0.08
-0.104
-0.016
-0.056
-0.1
-0.007
-0.048
-0.027
-0.093
0.002
-0.061
-0.053
-0.044
-0.056
-0.156
-0.014
-0.023
-0.053
-0.08
-0.091
0.018
-0.026
0.032
-0.114
-0.018
-0.107
-0.114
-0.108
-0.06
-0.033
-0.09
-0.087
-0.021
-0.046
-0.023
-0.025
-0.006
-0.137
-0.073
-0.109
-0.05
-0.093
-0.089
-0.074
-0.015
0.002
-0.152
-0.044
-0.05
-0.06
-0.033
-0.077
-0.07
-0.086
-0.059
-0.075
0.038
-0.094
-0.059
-0.046
-0.103
-0.04
-0.07
-0.059
-0.109
-0.053
-0.047
-0.058
-0.113
-0.095
-0.027
-0.025
-0.042
-0.105
-0.048
-0.036
-0.074
-0.046
-0.053
-0.045
-0.052
-0.041
-0.063
-0.033
-0.095
-0.054
-0.111
-0.04
-0.029
-0.066
-0.086
-0.096
-0.128
-0.084
-0.023
-0.075
-0.015
-0.051
-0.071
-0.101
-0.048
-0.071
-0.021
-0.067
-0.035
-0.078
-0.076
-0.141
-0.068
-0.074
-0.14
-0.104
-0.025
-0.061
-0.093
-0.014
-0.002
-0.083
-0.028
0.022
-0.057
-0.018
-0.067
-0.074
-0.077
-0.007
0.021
-0.132
-0.066
0.041
0.04
-0.047
-0.077
-0.096
-0.079
-0.044
-0.105
-0.1
-0.072
-0.102
-0.099
-0.085
-0.008
-0.039
-0.111
-0.113
-0.108
-0.054
-0.03
-0.085
-0.006
0.032
0.003
0.05
-0.052
-0.025
-0.013
-0.084
0.012
-0.114
-0.017
-0.047
-0.043
-0.045
-0.038
-0.08
-0.004
0.01
-0.034
0.021
-0.085
-0.06
-0.087
-0.082
0.043
0.019
-0.091
-0.076
-0.092
-0.031
-0.016
-0.081
-0.033
-0.028
-0.037
-0.07
-0.08
-0.073
-0.07
-0.104
-0.125
-0.002
-0.062
-0.073
-0.058
-0.055
-0.082
-0.035
-0.057
0.01
-0.143
-0.131
-0.06
-0.065
-0.022
-0.085
-0.058
0.081
-0.017
0.0
-0.033
-0.096
-0.135
-0.056
-0.051
-0.023
-0.071
-0.044
-0.044
-0.125
-0.084
-0.05
-0.083
-0.056
-0.089
-0.026
-0.088
-0.078
-0.071
-0.094
-0.062
-0.055
-0.03
-0.065
-0.041
-0.012
-0.099
-0.089
-0.058
-0.121
-0.102
-0.03
-0.137
0.011
-0.128
-0.035
-0.089
-0.037
-0.068
-0.054
-0.069
-0.122
-0.005
-0.034
-0.062
-0.071
-0.045
-0.039
-0.028
-0.052
0.043
-0.058
-0.029
-0.154
-0.033
-0.074
-0.046
-0.019
-0.043
-0.107
-0.078
-0.05
-0.043
-0.083
-0.071
-0.104
-0.039
-0.177
-0.097
-0.042
-0.049
-0.056
-0.064
-0.133
-0.015
-0.081
-0.033
0.002
-0.094
-0.046
-0.035
-0.075
-0.126
-0.142
-0.052
-0.145
-0.033
-0.084
0.065
-0.035
-0.086
-0.074
-0.104
-0.005
-0.026
-0.024
-0.088
-0.078
-0.015
-0.083
-0.173
-0.058
-0.009
-0.051
-0.015
-0.07
-0.041
-0.093
-0.089
-0.072
0.019
-0.035
-0.062
-0.096
-0.121
-0.034
-0.005
0.042
-0.07
-0.097
0.0
-0.071
-0.058
0.044
-0.014
0.0
-0.088
0.006
-0.05
-0.109
-0.073
-0.035
-0.098
-0.047
-0.061
-0.053
-0.102
-0.096
-0.023
-0.051
-0.05
-0.054
0.054
-0.006
-0.007
-0.11
-0.111
-0.064
-0.059
-0.06
-0.073
-0.094
-0.165
-0.008
-0.047
-0.022
-0.093
-0.005
-0.071
-0.074
-0.05
-0.037
-0.016
-0.133
-0.101
-0.015
-0.067
-0.086
-0.07
-0.149
-0.038
-0.051
-0.073
-0.094
-0.045
-0.054
0.0
-0.01
-0.086
-0.068
-0.102
0.037
-0.021
-0.119
-0.084
-0.054
-0.042
-0.11
-0.049
-0.096
-0.002
-0.051
-0.083
-0.008
-0.013
-0.053
-0.06
-0.037
-0.072
0.025
-0.053
-0.087
-0.08
-0.067
-0.037
-0.163
-0.006
-0.08
0.016
-0.009
-0.076
-0.038
-0.045
0.003
-0.027
0.003
-0.032
-0.042
-0.003
-0.067
-0.031
-0.075
-0.009
-0.009
-0.058
-0.067
-0.035
-0.058
-0.008
-0.059
-0.063
-0.074
-0.04
-0.043
-0.041
-0.008
-0.05
-0.073
-0.121
-0.081
-0.004
0.014
-0.011
-0.021
-0.037
-0.101
-0.035
-0.024
-0.063
-0.101
-0.079
-0.069
-0.067
-0.128
-0.114
-0.032
-0.072
-0.082
-0.1
-0.101
0.008
-0.03
-0.057
-0.038
-0.02
-0.065
-0.032
-0.001
-0.022
-0.027
-0.067
0.004
-0.033
-0.101
-0.102
-0.071
-0.082
0.03
-0.109
-0.038
-0.05
-0.089
-0.04
-0.076
-0.007
-0.091
-0.017
-0.06
-0.105
-0.021
-0.052
-0.125
-0.046
-0.021
-0.094
-0.05
-0.102
-0.012
-0.176
-0.045
-0.06
0.027
-0.05
-0.069
-0.125
-0.095
-0.034
-0.067
-0.043
-0.071
-0.043
-0.104
-0.059
0.015
-0.047
-0.02
-0.045
-0.044
-0.107
-0.027
-0.042
-0.038
-0.088
-0.096
-0.022
-0.053
-0.113
-0.002
-0.048
-0.025
-0.022
-0.065
-0.067
-0.102
-0.002
-0.065
-0.126
-0.055
-0.018
-0.064
-0.136
-0.022
-0.065
-0.106
-0.051
0.049
-0.002
-0.043
-0.132
-0.076
-0.07
-0.082
0.001
-0.07
-0.059
-0.026
-0.06
-0.017
-0.071
-0.023
-0.042
-0.069
0.021
-0.052
-0.075
-0.113
-0.041
-0.03
-0.078
-0.118
-0.018
0.004
-0.042
-0.058
-0.034
-0.125
-0.055
-0.047
0.019
-0.11
-0.081
-0.079
0.026
-0.091
-0.042
-0.115
-0.059
-0.052
-0.081
-0.13
-0.079
-0.032
-0.04
-0.085
-0.047
-0.039
0.004
-0.031
-0.116
-0.074
0.022
-0.077
-0.015
-0.014
-0.102
-0.053
-0.055
-0.017
-0.121
-0.04
-0.082
-0.035
0.0
-0.027
-0.043
-0.058
-0.073
-0.06
-0.007
-0.094
-0.059
-0.092
-0.064
-0.055
-0.089
-0.057
-0.1
-0.132
-0.071
-0.057
0.023
-0.023
-0.035
-0.042
0.007
-0.036
-0.108
-0.063
-0.041
-0.096
-0.038
-0.092
-0.049
-0.096
-0.027
-0.063
-0.124
-0.052
-0.069
-0.089
-0.104
-0.08
-0.013
-0.075
-0.008
-0.044
-0.008
-0.037
-0.078
0.043
-0.049
-0.09
-0.012
-0.021
0.038
0.07
-0.104
-0.091
-0.093
-0.069
-0.102
-0.039
-0.057
-0.035
-0.095
-0.147
-0.064
-0.112
-0.028
-0.149
-0.089
-0.104
0.072
-0.052
-0.088
-0.067
-0.019
-0.083
-0.07
-0.062
-0.115
-0.066
-0.099
-0.096
-0.056
-0.138
-0.062
-0.027
-0.058
-0.074
-0.032
0.012
-0.01
-0.091
-0.076
-0.1
-0.11
-0.04
-0.067
-0.033
-0.074
-0.09
-0.076
-0.012
-0.071
-0.018
-0.081
-0.042
-0.049
-0.077
-0.032
-0.063
-0.043
-0.068
-0.054
-0.118
-0.015
-0.003
-0.017
0.005
-0.067
-0.105
0.001
-0.093
-0.054
-0.039
-0.094
-0.03
-0.063
-0.086
-0.061
-0.049
0.054
-0.03
-0.085
-0.103
-0.074
-0.042
-0.097
0.017
-0.059
0.025
-0.038
-0.051
0.067
0.048
-0.13
-0.047
-0.09
-0.094
-0.056
0.026
-0.04
-0.052
0.045
-0.043
-0.038
-0.024
0.0
-0.06
-0.129
0.022
0.014
-0.055
-0.048
-0.042
-0.076
0.02
-0.077
-0.096
-0.06
-0.037
-0.044
-0.091
-0.085
0.029
-0.059
-0.04
-0.106
-0.079
-0.051
-0.089
-0.065
0.021
-0.042
-0.034
0.001
-0.08
-0.109
-0.043
-0.079
-0.044
-0.028
-0.078
-0.074
-0.069
-0.023
0.008
-0.036
-0.08
-0.064
0.103
-0.095
-0.072
-0.077
-0.067
-0.039
-0.053
-0.059
-0.04
-0.038
-0.132
-0.131
-0.07
-0.076
-0.078
0.032
-0.003
-0.099
-0.059
-0.101
-0.063
-0.091
-0.067
-0.093
-0.022
-0.077
-0.096
-0.102
-0.035
-0.021
0.017
-0.102
-0.061
0.007
-0.07
-0.025
-0.066
-0.03
-0.012
-0.046
-0.143
-0.037
0.024
-0.046
-0.116
-0.074
-0.103
-0.074
-0.045
0.042
-0.042
-0.039
-0.035
-0.064
-0.01
-0.07
0.052
-0.038
-0.035
-0.056
-0.057
-0.075
-0.052
-0.121
0.037
-0.067
-0.05
-0.136
-0.041
-0.081
0.02
-0.057
-0.069
-0.022
-0.087
-0.051
-0.054
-0.026
0.006
-0.052
-0.075
-0.044
-0.001
-0.048
-0.117
-0.024
-0.031
-0.03
-0.02
-0.073
-0.06
-0.083
-0.009
-0.075
-0.029
-0.073
-0.044
-0.054
-0.074
-0.014
-0.073
-0.076
-0.032
-0.105
-0.017
-0.064
0.002
-0.047
-0.067
-0.043
-0.078
-0.115
-0.002
0.011
-0.058
-0.072
-0.037
-0.102
-0.072
-0.071
-0.059
-0.075
-0.118
-0.072
-0.054
-0.07
-0.047
-0.036
-0.057
-0.083
-0.015
-0.048
-0.096
0.019
-0.06
-0.026
0.016
-0.061
-0.032
-0.011
-0.063
-0.001
-0.028
-0.004
-0.063
-0.097
-0.067
-0.012
-0.088
-0.107
-0.035
-0.066
0.005
-0.083
-0.054
-0.076
-0.059
-0.086
-0.084
-0.107
-0.025
-0.02
-0.097
-0.041
-0.101
-0.017
-0.134
-0.059
-0.097
-0.056
-0.092
-0.067
-0.078
-0.066
-0.031
0.03
0.016
-0.032
-0.122
-0.078
-0.011
0.033
0.009
-0.107
-0.095
-0.071
-0.107
-0.074
-0.071
-0.039
-0.106
-0.082
-0.068
-0.081
-0.087
-0.026
0.028
-0.11
-0.065
-0.074
-0.127
-0.08
-0.044
-0.046
-0.039
-0.019
-0.054
-0.095
-0.101
-0.086
0.034
-0.115
-0.099
-0.02
0.032
-0.009
0.0
0.015
-0.064
-0.021
-0.032
-0.054
-0.105
-0.043
-0.124
0.02
-0.06
-0.049
-0.083
-0.112
-0.111
-0.067
0.008
0.013
-0.068
-0.014
-0.043
-0.151
-0.024
-0.032
-0.079
0.008
-0.05
-0.032
-0.138
0.026
-0.045
-0.095
-0.049
-0.045
-0.037
-0.083
-0.061
0.005
-0.069
-0.034
-0.002
-0.075
-0.074
-0.053
-0.127
-0.065
-0.062
-0.012
-0.037
-0.082
-0.002
-0.078
0.034
-0.064
-0.034
-0.093
-0.096
0.023
-0.006
-0.058
-0.047
-0.108
0.026
-0.041
0.004
0.053
-0.053
-0.035
0.029
-0.095
-0.11
-0.039
-0.097
-0.028
-0.079
-0.055
-0.066
0.024
-0.105
-0.045
-0.031
-0.005
-0.093
-0.061
-0.043
-0.035
-0.112
-0.062
-0.116
-0.005
-0.007
-0.042
-0.095
-0.042
-0.06
-0.086
-0.026
-0.094
-0.063
-0.04
-0.008
-0.06
-0.018
-0.086
-0.023
-0.105
-0.074
0.016
-0.018
-0.06
-0.122
-0.078
-0.127
-0.047
-0.034
-0.059
-0.031
-0.086
-0.13
-0.108
-0.032
-0.092
-0.078
-0.061
-0.077
-0.04
-0.091
-0.035
-0.003
-0.07
-0.057
-0.038
-0.037
-0.043
-0.112
-0.023
0.007
-0.069
-0.028
-0.048
-0.092
-0.006
-0.03
-0.173
-0.016
-0.034
-0.069
-0.062
-0.003
-0.1
-0.152
-0.117
-0.1
-0.088
-0.032
-0.057
-0.114
-0.082
-0.114
-0.007
-0.097
-0.102
-0.123
-0.058
-0.046
-0.073
-0.041
-0.037
-0.14
-0.091
-0.132
-0.088
-0.06
-0.073
-0.047
-0.072
-0.006
-0.048
-0.065
-0.018
-0.095
-0.001
-0.024
-0.091
0.006
-0.119
-0.058
-0.077
-0.146
-0.028
-0.054
-0.057
-0.038
-0.059
-0.127
-0.067
-0.042
-0.013
-0.115
-0.011
-0.063
-0.049
-0.061
-0.049
-0.024
-0.02
-0.054
-0.04
-0.096
-0.102
-0.04
-0.083
-0.045
0.004
-0.07
-0.07
-0.032
-0.083
-0.031
-0.068
-0.068
-0.022
-0.116
-0.057
-0.032
-0.053
-0.083
-0.066
0.025
-0.01
-0.043
-0.073
-0.081
-0.069
-0.01
-0.007
-0.069
-0.065
-0.038
-0.011
-0.086
-0.114
-0.051
-0.125
-0.096
-0.089
-0.019
-0.069
-0.103
-0.09
0.039
-0.083
-0.054
-0.092
-0.003
0.003
-0.098
0.006
-0.101
-0.082
-0.159
-0.054
-0.043
-0.1
-0.047
-0.126
-0.01
-0.022
-0.089
-0.117
-0.07
-0.043
-0.085
-0.057
-0.019
-0.007
-0.086
-0.018
-0.039
-0.035
-0.021
-0.059
0.005
-0.122
-0.101
-0.035
-0.046
-0.109
-0.18
0.022
-0.061
0.004
-0.091
-0.057
-0.092
-0.053
-0.005
-0.076
0.028
-0.085
-0.153
-0.042
-0.116
-0.055
-0.056
-0.052
-0.02
-0.076
-0.028
-0.093
-0.081
-0.078
-0.106
-0.068
-0.06
-0.102
-0.031
-0.134
0.019
-0.012
-0.095
-0.081
-0.066
-0.066
-0.112
-0.104
-0.06
-0.109
-0.061
-0.091
-0.036
-0.029
0.03
-0.055
-0.082
-0.136
-0.131
-0.089
-0.021
-0.121
-0.024
-0.085
-0.029
-0.002
-0.074
0.067
0.021
-0.016
-0.037
-0.093
-0.053
-0.058
-0.027
-0.092
-0.049
-0.003
-0.1
-0.048
-0.111
-0.056
-0.039
-0.026
-0.023
-0.079
-0.064
-0.1
-0.109
-0.018
-0.027
-0.022
-0.064
-0.089
-0.047
-0.032
-0.028
-0.045
0.024
-0.106
0.004
0.0
-0.051
-0.046
0.005
-0.04
-0.036
-0.057
-0.076
-0.008
-0.046
-0.053
-0.102
-0.038
-0.084
-0.084
-0.135
-0.022
-0.062
-0.007
-0.04
-0.103
-0.072
-0.054
-0.107
-0.055
-0.049
-0.052
-0.067
-0.061
-0.055
-0.046
-0.043
-0.037
-0.008
-0.048
-0.057
-0.054
-0.071
-0.129
-0.055
-0.03
-0.1
-0.097
-0.101
-0.02
0.012
-0.085
-0.007
-0.084
-0.042
-0.022
-0.11
-0.054
-0.043
-0.006
-0.053
-0.092
-0.097
-0.058
-0.07
-0.059
-0.082
-0.01
-0.121
-0.113
-0.039
-0.037
-0.022
-0.018
-0.059
-0.116
-0.047
-0.042
-0.095
-0.02
-0.056
-0.036
-0.119
-0.034
-0.07
-0.136
-0.118
-0.093
-0.017
-0.097
-0.134
-0.025
-0.098
-0.071
-0.079
0.01
-0.077
-0.028
-0.098
-0.094
-0.087
-0.135
-0.003
-0.017
-0.021
-0.102
0.017
-0.028
-0.085
-0.061
-0.04
0.053
-0.024
-0.087
-0.06
-0.026
0.007
0.034
-0.035
-0.033
0.003
-0.057
-0.095
-0.061
-0.059
-0.111
-0.027
-0.025
-0.051
-0.054
-0.092
-0.011
0.006
0.005
0.049
-0.105
-0.054
-0.057
-0.082
-0.082
-0.092
-0.107
-0.053
-0.065
-0.106
-0.079
-0.018
-0.05
-0.05
-0.051
0.034
0.007
-0.071
-0.03
-0.105
-0.055
-0.1
-0.044
-0.007
-0.072
-0.126
0.029
-0.088
-0.032
-0.032
-0.122
-0.179
-0.039
-0.145
-0.092
0.03
0.001
-0.016
-0.075
-0.046
-0.009
-0.118
-0.075
-0.144
-0.118
-0.102
-0.006
-0.041
-0.057
-0.022
-0.017
-0.132
0.038
-0.024
-0.042
-0.095
-0.042
-0.035
-0.026
0.003
-0.06
-0.078
-0.065
-0.055
-0.118
-0.086
-0.015
-0.058
-0.045
-0.034
-0.036
0.064
-0.075
-0.033
-0.001
-0.1
0.028
0.012
-0.038
-0.077
-0.037
-0.122
-0.076
-0.103
-0.104
-0.05
-0.064
0.022
-0.015
-0.018
-0.049
-0.086
-0.053
-0.061
-0.039
-0.042
-0.056
-0.062
-0.127
-0.115
-0.07
0.025
-0.081
-0.033
0.011
-0.017
-0.043
-0.117
-0.057
-0.047
-0.034
-0.08
-0.026
-0.089
-0.028
-0.044
-0.064
-0.036
0.047
-0.085
-0.099
-0.031
-0.102
-0.074
-0.037
-0.048
-0.093
0.078
-0.083
-0.07
-0.012
-0.116
-0.055
0.031
-0.079
-0.023
-0.027
-0.166
-0.007
-0.113
-0.137
-0.078
-0.07
-0.098
-0.09
-0.115
-0.09
-0.011
-0.044
0.001
-0.117
-0.089
-0.031
-0.075
-0.082
0.076
-0.037
-0.035
-0.055
-0.015
-0.028
-0.032
-0.057
-0.063
-0.096
-0.027
-0.072
-0.031
-0.13
-0.072
-0.077
-0.083
-0.055
-0.146
-0.026
0.049
0.015
0.003
-0.035
-0.031
-0.072
0.035
-0.119
-0.111
-0.088
-0.047
-0.06
-0.029
-0.049
-0.084
-0.12
0.025
-0.046
-0.057
-0.056
-0.074
-0.098
-0.064
-0.056
-0.085
-0.062
-0.042
-0.025
-0.117
-0.129
-0.111
-0.053
-0.072
-0.095
-0.028
-0.054
0.034
-0.05
-0.062
-0.078
-0.07
0.026
-0.042
0.051
-0.084
-0.006
-0.112
-0.128
-0.074
-0.072
0.005
-0.129
-0.027
-0.136
-0.035
-0.059
-0.076
-0.12
-0.109
-0.043
-0.042
-0.118
-0.051
-0.012
-0.047
-0.04
-0.012
-0.07
-0.105
-0.027
-0.13
-0.1
-0.04
-0.025
-0.079
-0.095
0.01
-0.051
-0.124
0.013
-0.007
-0.135
-0.069
-0.047
-0.019
-0.038
-0.007
-0.081
-0.05
-0.094
-0.098
-0.081
-0.122
-0.077
-0.074
-0.09
-0.067
-0.09
0.032
-0.046
-0.033
-0.094
-0.127
-0.057
-0.153
-0.169
-0.092
0.001
-0.058
-0.086
-0.012
-0.053
-0.043
-0.052
-0.068
-0.025
-0.024
-0.015
-0.084
-0.013
-0.083
-0.086
-0.055
-0.081
-0.045
-0.053
-0.143
-0.064
-0.029
-0.099
-0.099
-0.04
-0.05
-0.037
-0.041
-0.08
0.0
-0.056
-0.067
-0.003
-0.111
-0.049
-0.017
-0.006
-0.001
-0.052
-0.064
-0.055
-0.071
-0.109
-0.125
-0.067
-0.045
-0.025
0.004
-0.054
-0.067
-0.115
-0.1
-0.011
-0.055
-0.085
-0.031
-0.111
-0.115
-0.026
-0.076
-0.089
0.001
-0.043
-0.06
-0.049
-0.077
0.001
-0.082
-0.059
-0.061
-0.009
-0.084
-0.09
-0.064
-0.049
-0.039
-0.085
-0.034
0.015
-0.07
-0.06
-0.079
-0.057
-0.041
-0.04
-0.006
-0.037
-0.056
-0.055
-0.088
-0.06
-0.004
-0.067
-0.041
-0.102
-0.084
-0.092
-0.134
-0.067
-0.113
0.005
-0.088
-0.023
-0.004
-0.124
-0.099
-0.095
-0.024
-0.064
-0.104
-0.053
-0.027
-0.091
-0.098
-0.03
-0.094
-0.096
-0.119
-0.058
-0.029
0.003
-0.066
-0.032
-0.1
-0.04
-0.046
-0.119
-0.057
-0.112
-0.046
-0.059
-0.088
-0.102
-0.021
-0.014
-0.089
-0.039
-0.047
-0.082
-0.127
-0.09
-0.033
-0.135
-0.021
-0.002
-0.058
-0.12
-0.14
-0.032
0.002
-0.041
-0.045
-0.067
-0.068
-0.129
0.002
-0.068
-0.09
-0.144
-0.088
0.023
-0.116
-0.035
-0.071
-0.135
-0.044
-0.02
-0.051
-0.037
-0.072
-0.05
-0.05
-0.103
-0.033
-0.035
-0.038
-0.094
-0.068
0.02
-0.021
-0.043
-0.092
0.088
0.015
-0.063
-0.058
-0.038
0.001
-0.023
-0.08
-0.169
-0.044
-0.079
-0.078
-0.047
-0.039
-0.033
0.002
-0.031
-0.095
-0.106
-0.022
-0.081
-0.083
-0.12
-0.037
-0.094
-0.084
-0.026
-0.061
-0.073
0.028
-0.055
-0.079
-0.065
-0.051
-0.101
-0.068
-0.049
-0.028
-0.042
0.045
-0.054
-0.114
-0.102
-0.076
0.004
-0.037
-0.048
-0.055
-0.073
-0.101
-0.083
-0.009
-0.117
-0.105
-0.058
0.002
-0.004
-0.039
-0.109
-0.107
0.029
-0.006
-0.042
-0.106
-0.074
-0.066
-0.058
-0.041
-0.025
-0.063
-0.007
-0.087
-0.042
-0.131
-0.01
-0.067
-0.061
-0.039
0.014
-0.004
-0.04
-0.037
-0.02
-0.042
-0.088
0.006
-0.135
-0.047
-0.088
-0.057
-0.092
-0.072
-0.051
-0.105
-0.054
-0.068
-0.052
-0.083
-0.031
-0.047
-0.078
-0.118
-0.044
0.001
-0.094
-0.082
-0.051
0.021
-0.13
-0.115
-0.055
-0.031
-0.097
-0.066
-0.057
-0.061
-0.1
-0.025
-0.048
-0.078
0.009
-0.016
-0.132
-0.037
-0.075
-0.061
-0.024
-0.014
-0.098
-0.028
-0.059
-0.047
-0.053
-0.066
-0.102
-0.076
-0.018
-0.046
-0.175
-0.091
-0.123
0.013
-0.108
-0.102
-0.076
-0.072
-0.067
-0.031
-0.022
0.02
0.02
-0.127
-0.058
-0.018
-0.065
0.015
-0.067
-0.107
-0.066
-0.047
0.001
0.027
-0.036
-0.113
-0.106
-0.144
-0.023
-0.051
-0.044
-0.056
-0.094
-0.016
-0.097
-0.038
-0.069
0.023
0.037
-0.041
-0.112
-0.008
-0.035
-0.05
-0.004
-0.013
-0.077
-0.056
0.047
-0.05
-0.002
-0.028
-0.025
-0.029
-0.053
-0.087
-0.038
-0.067
-0.061
-0.087
-0.085
-0.064
-0.033
-0.047
-0.042
-0.091
-0.045
-0.048
0.019
-0.021
-0.037
-0.147
-0.011
-0.053
-0.082
-0.053
-0.007
-0.048
-0.053
0.004
-0.098
-0.056
-0.001
-0.058
-0.027
-0.092
-0.03
-0.051
-0.082
-0.063
0.005
-0.122
-0.056
-0.073
0.003
-0.037
-0.129
-0.051
-0.036
0.011
-0.117
-0.005
-0.074
-0.072
-0.043
-0.06
-0.014
-0.078
-0.077
-0.008
-0.139
-0.003
-0.011
-0.094
-0.015
-0.013
-0.064
-0.037
-0.027
0.041
-0.051
-0.112
-0.02
-0.106
-0.034
-0.022
0.039
-0.074
-0.098
0.048
-0.019
-0.043
0.066
-0.072
-0.007
-0.109
-0.05
-0.095
-0.058
-0.043
0.01
-0.07
-0.03
-0.131
-0.011
-0.137
-0.035
-0.013
-0.073
-0.028
-0.065
-0.024
-0.043
-0.038
-0.123
-0.058
-0.078
-0.097
-0.079
-0.013
-0.092
-0.1
-0.056
-0.07
-0.024
0.021
-0.162
-0.089
-0.119
-0.034
-0.031
-0.05
-0.081
-0.013
0.031
-0.088
-0.069
-0.13
-0.05
-0.049
-0.093
-0.139
-0.065
-0.074
-0.053
-0.086
-0.003
-0.084
-0.134
-0.066
-0.091
-0.023
-0.047
-0.094
-0.035
-0.031
-0.008
-0.059
-0.034
-0.086
-0.146
-0.028
-0.056
-0.052
-0.042
-0.061
-0.033
-0.041
0.027
-0.098
-0.032
-0.027
-0.005
-0.12
-0.033
-0.047
-0.013
-0.11
-0.048
-0.071
-0.018
-0.035
-0.036
-0.03
-0.102
-0.016
0.03
-0.135
-0.064
-0.07
-0.009
0.03
-0.025
-0.036
-0.074
-0.016
-0.008
-0.13
0.049
-0.042
-0.088
-0.097
-0.127
-0.005
-0.087
-0.052
-0.101
-0.102
-0.023
-0.045
-0.012
-0.125
-0.095
-0.057
-0.045
-0.038
0.037
-0.015
-0.057
-0.033
-0.078
-0.149
-0.078
-0.073
-0.068
-0.025
-0.013
-0.063
-0.036
-0.084
0.0
-0.12
-0.121
-0.005
-0.085
-0.116
-0.031
0.015
-0.078
0.066
-0.137
-0.066
-0.03
-0.135
-0.06
-0.037
-0.059
-0.053
-0.084
-0.022
-0.024
-0.058
-0.037
0.016
-0.095
-0.036
-0.093
-0.02
-0.031
-0.072
-0.12
-0.07
-0.02
-0.058
-0.054
-0.085
-0.105
-0.044
-0.044
0.083
-0.058
-0.059
-0.042
-0.08
-0.021
-0.061
-0.103
0.0
-0.037
-0.053
-0.032
-0.049
-0.003
-0.093
-0.094
-0.064
-0.021
0.011
-0.003
-0.066
-0.089
0.008
0.008
-0.053
-0.106
-0.062
-0.077
-0.037
-0.066
-0.089
-0.07
-0.007
-0.038
-0.061
-0.119
-0.121
-0.035
-0.05
-0.083
-0.017
-0.051
-0.107
0.032
-0.037
-0.057
-0.045
-0.072
-0.057
-0.042
-0.006
-0.131
-0.038
-0.104
-0.047
-0.083
-0.008
-0.009
-0.11
-0.063
-0.05
-0.008
-0.07
0.006
-0.059
-0.1
-0.113
-0.135
-0.006
-0.084
-0.096
-0.025
-0.044
-0.053
-0.082
-0.075
-0.034
-0.045
-0.092
-0.016
-0.073
-0.017
-0.019
-0.059
-0.116
0.0
-0.088
-0.023
-0.035
-0.024
-0.027
-0.115
-0.038
-0.075
0.003
-0.07
-0.112
-0.045
-0.088
-0.088
-0.005
-0.062
0.015
-0.089
-0.041
-0.096
-0.143
-0.017
-0.101
-0.102
-0.116
-0.105
-0.041
-0.1
0.022
-0.084
-0.028
-0.051
-0.02
-0.099
-0.052
-0.045
-0.084
-0.078
-0.128
-0.048
-0.04
0.0
-0.085
-0.066
-0.027
-0.012
-0.051
-0.107
-0.091
0.026
0.004
-0.006
-0.054
-0.009
-0.009
-0.044
-0.015
0.01
-0.119
-0.078
-0.07
-0.056
-0.088
0.029
-0.13
-0.009
-0.07
0.022
-0.077
-0.064
0.053
-0.024
-0.027
-0.036
-0.021
0.048
-0.013
-0.091
-0.071
-0.041
-0.077
-0.072
-0.06
-0.136
-0.064
-0.105
-0.088
-0.059
-0.094
-0.018
-0.039
-0.016
-0.035
-0.101
-0.018
-0.032
-0.087
-0.068
-0.053
0.0
-0.118
-0.032
0.099
-0.047
-0.043
-0.045
-0.07
-0.082
-0.1
-0.083
-0.03
-0.099
-0.013
-0.046
-0.051
-0.115
-0.041
-0.023
-0.144
-0.039
-0.056
-0.081
-0.024
0.033
-0.019
-0.027
-0.061
0.003
-0.018
-0.082
-0.064
0.011
-0.039
-0.087
-0.031
-0.114
-0.05
-0.106
-0.107
-0.125
-0.039
-0.02
0.014
-0.124
-0.079
-0.086
-0.045
-0.044
-0.019
-0.005
-0.056
0.026
0.047
-0.152
-0.055
-0.008
-0.059
-0.088
-0.044
-0.021
-0.078
-0.033
-0.091
-0.041
-0.057
-0.046
-0.003
-0.009
-0.057
-0.103
-0.026
-0.096
-0.042
-0.07
-0.089
-0.017
-0.1
-0.049
-0.073
-0.127
-0.044
-0.015
-0.018
-0.063
-0.052
-0.04
-0.042
-0.058
-0.079
0.003
-0.108
-0.091
-0.059
-0.065
-0.017
-0.141
-0.043
0.031
-0.035
-0.062
-0.063
-0.005
-0.077
-0.109
-0.119
-0.107
-0.084
-0.048
-0.125
-0.041
-0.012
-0.083
-0.074
-0.073
-0.112
-0.128
-0.047
-0.045
-0.069
-0.071
-0.042
-0.082
-0.041
-0.102
-0.054
-0.107
-0.048
-0.028
-0.087
-0.076
-0.053
-0.047
0.008
-0.05
-0.024
-0.035
-0.087
-0.043
-0.05
-0.137
0.023
-0.092
-0.068
-0.109
-0.056
-0.01
-0.02
0.03
-0.069
-0.054
-0.102
-0.089
-0.122
-0.048
-0.064
-0.066
-0.097
-0.065
-0.069
-0.045
-0.057
-0.062
-0.077
-0.105
-0.054
-0.055
-0.054
-0.084
-0.026
0.024
-0.036
-0.024
-0.041
-0.065
-0.06
0.021
-0.103
-0.104
-0.138
-0.031
0.016
-0.085
-0.08
-0.079
-0.065
-0.017
-0.139
-0.069
-0.038
-0.125
-0.031
-0.051
-0.039
-0.07
-0.123
-0.005
-0.028
-0.067
-0.021
-0.011
-0.055
-0.072
-0.006
-0.028
-0.04
-0.018
-0.032
-0.049
-0.076
-0.057
-0.04
-0.062
-0.122
-0.079
-0.087
-0.02
-0.063
-0.113
-0.069
-0.01
-0.029
-0.092
0.002
-0.108
-0.037
-0.024
0.011
-0.095
-0.025
-0.055
-0.089
0.028
-0.035
-0.096
-0.033
-0.144
-0.043
-0.017
-0.094
-0.008
-0.067
0.003
-0.045
-0.154
0.054
-0.079
-0.085
0.013
-0.073
-0.048
-0.078
-0.041
0.01
-0.127
-0.101
-0.05
-0.078
-0.047
-0.057
-0.138
-0.128
-0.033
-0.085
-0.013
-0.065
-0.04
-0.015
-0.035
-0.087
-0.007
-0.053
-0.11
-0.028
0.003
-0.089
-0.03
-0.055
-0.034
-0.059
-0.094
-0.039
-0.051
-0.026
-0.115
-0.006
-0.024
-0.056
0.012
-0.003
-0.059
-0.082
-0.034
-0.039
-0.071
-0.145
-0.025
-0.045
-0.049
-0.097
-0.011
-0.027
-0.09
-0.066
-0.023
-0.026
-0.113
-0.016
-0.009
-0.034
0.085
-0.063
-0.075
-0.021
-0.07
-0.052
-0.077
-0.031
-0.102
-0.121
-0.137
-0.083
-0.138
-0.013
-0.105
-0.031
-0.058
-0.066
-0.004
0.024
-0.009
-0.058
0.017
0.028
-0.057
-0.011
0.024
-0.021
0.012
-0.095
-0.005
-0.051
-0.032
-0.079
-0.156
-0.172
-0.065
-0.077
0.023
-0.048
0.021
-0.092
-0.101
-0.009
-0.095
-0.062
-0.063
-0.073
-0.095
-0.127
-0.046
-0.073
-0.08
-0.101
-0.105
-0.132
-0.064
-0.082
-0.049
-0.055
-0.01
-0.065
-0.132
-0.05
-0.037
-0.074
-0.01
-0.101
-0.054
-0.023
-0.055
-0.021
-0.046
-0.05
-0.14
-0.011
-0.149
-0.036
-0.037
-0.015
-0.022
-0.097
0.005
-0.004
0.032
-0.018
-0.021
0.005
-0.074
-0.059
-0.09
-0.077
-0.101
-0.067
-0.045
-0.111
-0.067
-0.033
-0.002
-0.048
-0.046
-0.075
-0.068
-0.023
-0.03
-0.044
-0.027
0.0
-0.036
-0.095
-0.046
-0.061
-0.001
-0.07
0.029
-0.1
-0.091
-0.056
-0.032
-0.129
-0.056
-0.053
-0.096
-0.067
-0.09
-0.08
-0.029
-0.071
-0.078
-0.101
-0.069
-0.046
-0.071
-0.119
-0.081
-0.039
0.014
-0.049
-0.157
-0.13
0.059
0.017
-0.011
-0.017
-0.018
-0.077
-0.116
-0.032
-0.06
-0.029
-0.005
0.01
-0.025
-0.098
-0.053
0.013
-0.081
-0.08
-0.009
-0.022
-0.096
-0.078
-0.045
-0.117
-0.032
-0.064
-0.028
-0.034
-0.049
0.03
-0.122
-0.063
-0.012
-0.057
-0.159
-0.029
-0.134
-0.025
-0.135
-0.091
-0.064
-0.041
-0.068
-0.032
-0.033
-0.021
-0.036
-0.033
-0.026
-0.025
-0.073
0.016
-0.034
-0.07
-0.053
0.054
-0.084
-0.086
-0.057
-0.038
-0.034
-0.037
-0.079
-0.055
0.008
-0.077
-0.035
-0.074
-0.041
-0.097
-0.071
-0.07
-0.076
-0.055
-0.095
-0.103
-0.078
-0.05
-0.014
-0.044
-0.047
-0.047
-0.139
-0.032
-0.042
0.018
-0.056
-0.027
-0.017
-0.054
0.01
-0.03
-0.074
-0.009
0.006
-0.021
-0.051
-0.021
-0.012
-0.016
-0.088
-0.071
-0.042
-0.039
-0.04
0.016
-0.024
-0.105
-0.111
-0.027
-0.028
-0.004
-0.059
-0.045
-0.07
-0.037
-0.009
-0.076
-0.062
-0.066
-0.054
-0.036
-0.053
-0.006
-0.019
-0.042
0.002
0.043
-0.138
-0.029
-0.023
-0.063
-0.035
-0.113
-0.034
-0.033
-0.09
-0.006
-0.033
0.022
-0.058
-0.008
-0.09
-0.12
-0.024
-0.019
-0.066
-0.048
-0.033
-0.045
-0.059
-0.013
-0.034
-0.147
-0.048
-0.089
-0.143
0.016
-0.077
-0.033
-0.013
-0.065
-0.014
-0.024
-0.077
-0.106
-0.118
-0.064
-0.088
-0.057
-0.034
-0.119
-0.056
-0.058
-0.097
-0.008
-0.055
-0.136
-0.051
-0.05
-0.132
-0.024
-0.093
-0.092
-0.039
-0.001
-0.021
-0.064
-0.015
0.034
-0.118
-0.08
-0.115
-0.038
-0.014
-0.029
-0.047
0.0
-0.007
-0.064
-0.135
-0.019
-0.078
-0.052
-0.029
-0.052
-0.09
-0.095
-0.011
-0.103
-0.022
-0.056
-0.016
-0.103
-0.093
-0.055
-0.051
-0.061
-0.06
-0.009
0.01
-0.042
-0.058
-0.047
-0.162
-0.054
-0.013
-0.077
-0.059
-0.138
-0.038
0.005
-0.082
-0.005
-0.026
-0.084
-0.045
-0.047
-0.024
-0.031
-0.03
-0.005
-0.081
-0.047
-0.029
-0.105
-0.077
-0.006
-0.127
-0.062
0.0
-0.07
-0.112
-0.076
-0.105
0.026
-0.055
-0.079
-0.149
-0.095
0.014
0.022
-0.075
-0.075
-0.095
-0.07
-0.151
-0.072
-0.114
0.051
-0.034
-0.061
-0.032
-0.02
-0.085
0.014
0.008
0.003
-0.025
-0.088
-0.056
-0.004
-0.046
0.003
-0.028
-0.065
-0.052
-0.043
-0.077
0.019
-0.092
-0.044
-0.1
-0.063
-0.118
-0.052
-0.018
-0.054
-0.067
-0.107
-0.03
-0.036
-0.06
-0.038
-0.001
-0.1
-0.105
-0.027
-0.089
-0.043
-0.026
-0.089
-0.051
-0.075
-0.047
-0.048
-0.094
-0.049
-0.045
-0.027
-0.058
-0.062
-0.023
-0.049
-0.006
-0.077
-0.125
-0.04
-0.132
-0.038
-0.044
-0.126
-0.108
-0.085
-0.105
0.033
-0.015
-0.056
-0.148
-0.039
-0.061
-0.05
-0.064
-0.057
-0.171
-0.119
-0.052
-0.026
-0.032
-0.057
-0.027
-0.162
-0.091
-0.172
0.008
-0.073
-0.043
0.016
-0.078
-0.076
-0.036
0.004
-0.035
-0.062
-0.064
-0.041
-0.048
-0.044
-0.026
-0.073
-0.102
0.002
-0.018
-0.046
-0.026
-0.03
-0.08
-0.016
-0.017
-0.145
-0.09
-0.028
-0.066
-0.005
-0.062
0.012
-0.063
-0.088
-0.041
-0.007
-0.036
-0.014
-0.04
-0.014
-0.037
-0.033
-0.123
-0.006
-0.024
-0.071
-0.093
-0.118
-0.087
-0.039
-0.056
-0.031
-0.058
-0.092
-0.063
-0.113
-0.009
-0.092
0.014
-0.014
-0.106
-0.093
-0.002
-0.08
-0.04
-0.021
-0.049
-0.044
-0.007
-0.049
-0.047
-0.102
-0.056
-0.06
-0.033
-0.02
-0.055
-0.049
-0.025
-0.023
-0.066
-0.034
-0.096
-0.1
-0.054
-0.054
-0.116
-0.017
-0.047
-0.033
-0.038
-0.103
-0.123
-0.046
-0.021
-0.112
-0.107
-0.035
-0.067
-0.052
-0.008
-0.059
-0.036
-0.081
-0.086
-0.061
-0.094
-0.018
-0.078
-0.091
-0.038
-0.097
-0.056
-0.069
-0.106
-0.032
0.047
-0.122
-0.088
-0.133
-0.117
-0.084
-0.124
0.019
-0.082
-0.078
-0.096
-0.111
-0.03
-0.058
-0.064
-0.011
-0.075
-0.042
-0.05
-0.056
0.036
-0.037
-0.046
-0.057
-0.08
-0.033
-0.173
-0.086
-0.016
0.0
-0.066
-0.05
-0.106
-0.108
-0.016
-0.108
-0.08
-0.071
-0.015
0.043
-0.003
-0.025
-0.064
-0.031
-0.058
-0.05
-0.077
-0.084
0.004
-0.049
-0.059
-0.072
-0.032
-0.013
-0.034
0.008
-0.141
-0.103
-0.037
-0.034
-0.107
-0.051
-0.067
-0.03
-0.067
-0.034
-0.049
-0.028
-0.046
-0.058
-0.046
-0.075
-0.1
-0.092
-0.067
-0.044
-0.101
-0.057
-0.058
-0.034
-0.023
0.075
-0.077
-0.07
-0.075
0.008
-0.089
-0.043
-0.048
-0.038
-0.04
-0.03
-0.002
-0.091
-0.06
-0.034
-0.044
-0.167
-0.106
-0.109
-0.052
-0.018
-0.05
-0.169
-0.006
-0.032
0.018
-0.047
-0.087
-0.08
-0.013
0.01
-0.056
-0.011
-0.096
-0.078
-0.055
-0.105
-0.054
0.04
-0.105
-0.119
-0.071
-0.044
-0.092
-0.116
-0.131
-0.034
-0.109
-0.033
-0.082
-0.063
-0.068
-0.024
-0.063
-0.11
0.011
-0.129
-0.09
0.0
-0.03
-0.06
0.002
-0.116
-0.081
-0.075
-0.119
-0.085
-0.055
-0.045
-0.024
-0.075
-0.055
-0.061
0.006
-0.017
0.01
-0.072
-0.003
-0.029
0.026
-0.04
-0.113
-0.067
-0.075
-0.096
-0.021
-0.047
0.01
-0.043
-0.053
0.018
-0.037
-0.125
-0.055
-0.053
-0.03
-0.029
-0.093
-0.104
-0.08
-0.055
-0.028
0.02
-0.092
0.026
-0.013
-0.084
-0.022
-0.052
-0.024
-0.019
-0.058
-0.12
-0.121
-0.07
-0.009
-0.082
-0.06
-0.013
-0.053
-0.09
-0.036
-0.098
-0.123
-0.111
-0.088
-0.004
-0.027
-0.098
-0.04
0.0
0.007
-0.076
-0.063
-0.1
-0.068
-0.038
-0.059
-0.023
-0.131
-0.073
-0.136
-0.017
-0.07
-0.09
-0.008
-0.01
-0.018
-0.059
-0.05
-0.056
-0.044
-0.066
-0.027
-0.073
0.005
0.072
-0.015
-0.068
0.053
-0.041
-0.05
0.02
-0.048
-0.088
-0.14
-0.043
-0.042
-0.133
0.019
-0.102
-0.017
0.003
-0.012
-0.012
-0.03
-0.111
-0.055
-0.02
-0.066
-0.144
-0.055
-0.07
-0.039
0.034
0.027
-0.074
-0.014
-0.037
-0.042
-0.001
-0.087
-0.135
-0.07
-0.033
-0.031
-0.037
-0.1
-0.08
-0.1
-0.05
-0.121
-0.06
0.03
-0.112
-0.114
-0.022
-0.014
-0.108
-0.013
-0.004
0.013
-0.062
-0.024
-0.042
-0.121
-0.04
-0.085
-0.062
0.046
-0.022
-0.02
-0.081
-0.048
-0.058
-0.056
-0.029
-0.069
-0.03
-0.095
-0.054
-0.015
-0.052
-0.099
-0.072
-0.094
-0.086
0.055
-0.034
-0.081
-0.005
-0.071
0.002
-0.087
-0.051
-0.05
-0.08
-0.053
-0.043
-0.068
-0.109
-0.072
-0.092
-0.082
-0.126
-0.102
-0.061
-0.011
0.047
-0.084
-0.052
-0.042
-0.153
-0.056
-0.109
-0.064
-0.032
0.008
-0.061
-0.007
-0.063
-0.084
-0.104
-0.021
-0.094
-0.088
-0.091
-0.101
-0.048
-0.058
-0.072
-0.045
-0.095
-0.013
-0.089
-0.115
-0.039
-0.124
-0.095
-0.056
-0.067
-0.069
-0.144
-0.059
-0.045
-0.095
-0.046
0.006
-0.077
0.047
0.013
-0.039
0.006
-0.108
-0.029
-0.108
-0.048
-0.078
-0.098
-0.129
0.035
-0.01
-0.001
-0.072
-0.06
-0.08
-0.048
-0.022
-0.034
0.006
-0.2
-0.034
-0.012
-0.034
-0.121
-0.046
-0.108
-0.042
-0.015
-0.049
-0.028
-0.042
-0.129
-0.189
-0.081
-0.007
-0.12
-0.009
-0.1
-0.05
-0.016
-0.033
-0.081
-0.049
-0.081
-0.004
0.033
-0.038
-0.026
-0.035
-0.088
-0.081
0.014
-0.065
-0.005
-0.055
0.028
0.015
-0.02
-0.105
-0.107
0.003
-0.078
-0.017
-0.053
0.026
0.025
0.024
-0.05
-0.032
-0.058
-0.05
-0.069
-0.042
-0.135
0.029
0.016
-0.101
-0.036
-0.022
0.015
-0.071
-0.02
-0.065
-0.134
-0.041
-0.128
0.016
-0.031
-0.096
-0.068
-0.09
-0.131
0.018
-0.037
0.042
-0.051
-0.028
-0.042
-0.138
0.024
-0.043
-0.033
-0.066
-0.002
-0.046
-0.102
-0.137
-0.071
-0.104
-0.034
-0.046
-0.024
-0.121
-0.042
-0.019
-0.024
-0.026
-0.097
-0.064
-0.099
-0.023
-0.002
-0.052
-0.164
-0.052
-0.136
-0.021
-0.027
-0.065
-0.086
0.031
-0.039
-0.067
-0.075
-0.056
-0.06
-0.025
-0.096
-0.012
-0.051
-0.114
0.019
-0.118
-0.1
-0.045
-0.077
-0.038
-0.017
-0.052
0.014
0.015
-0.079
0.037
-0.036
-0.049
0.038
-0.043
-0.034
-0.095
-0.058
-0.131
-0.025
-0.074
-0.082
-0.046
-0.023
-0.06
-0.063
-0.093
-0.018
-0.045
-0.036
-0.125
-0.029
-0.079
-0.01
-0.037
-0.096
0.036
-0.005
-0.06
-0.071
-0.101
-0.056
-0.147
-0.016
-0.084
-0.087
-0.068
-0.06
-0.022
-0.127
-0.123
-0.082
-0.025
-0.048
-0.109
-0.051
0.003
-0.036
-0.014
-0.109
-0.091
-0.035
-0.09
-0.1
-0.022
0.006
-0.041
-0.033
-0.111
-0.013
-0.064
-0.069
-0.042
-0.135
-0.108
-0.011
0.009
0.024
-0.112
-0.116
-0.084
-0.066
-0.065
-0.044
-0.056
-0.08
-0.029
-0.107
-0.042
-0.006
-0.061
-0.102
-0.004
0.04
-0.074
-0.11
-0.042
-0.062
-0.052
-0.089
-0.059
-0.068
-0.054
0.029
-0.054
-0.076
-0.112
-0.066
-0.018
0.042
-0.058
-0.017
-0.024
-0.028
-0.026
-0.071
0.009
0.0
-0.055
0.035
-0.152
-0.068
0.014
-0.094
-0.041
-0.08
-0.047
-0.032
-0.079
-0.039
-0.028
-0.045
-0.067
-0.062
-0.105
-0.053
-0.138
-0.016
-0.061
-0.043
-0.038
-0.033
-0.054
-0.021
-0.033
-0.014
-0.061
0.041
-0.086
-0.09
-0.11
-0.04
-0.051
-0.055
-0.164
-0.022
-0.108
-0.104
-0.052
-0.044
-0.002
-0.078
-0.015
-0.093
-0.097
-0.006
-0.029
0.048
-0.093
-0.158
-0.069
0.007
-0.128
0.03
-0.067
-0.016
-0.127
-0.016
-0.088
-0.04
-0.057
-0.041
-0.031
-0.019
-0.076
-0.095
-0.027
-0.105
-0.085
-0.061
-0.084
-0.057
-0.051
-0.091
-0.114
-0.1
-0.083
-0.071
-0.057
-0.089
-0.044
-0.102
-0.093
-0.048
-0.028
-0.044
-0.028
-0.031
-0.049
-0.064
-0.127
-0.155
-0.008
-0.086
-0.127
-0.087
-0.038
-0.048
-0.128
-0.017
-0.026
-0.017
0.02
-0.051
-0.129
-0.096
-0.032
-0.077
-0.085
-0.054
-0.047
-0.095
-0.139
-0.053
0.062
-0.083
-0.097
-0.019
0.017
-0.017
0.012
-0.032
-0.096
-0.067
-0.058
-0.113
-0.015
-0.082
-0.051
-0.036
-0.108
-0.17
-0.108
-0.084
-0.086
-0.056
-0.052
-0.08
-0.101
-0.029
-0.083
-0.011
-0.086
-0.102
0.008
-0.06
-0.077
-0.085
-0.083
-0.094
-0.077
-0.043
-0.027
-0.068
-0.091
-0.063
-0.06
-0.052
-0.083
-0.078
-0.016
0.008
-0.052
0.004
0.019
-0.084
-0.112
-0.053
0.009
-0.102
-0.123
-0.029
-0.012
-0.014
-0.036
-0.012
-0.068
-0.1
-0.03
-0.054
-0.087
-0.055
-0.078
-0.064
-0.019
0.002
-0.058
-0.078
0.012
-0.198
-0.021
-0.021
0.006
-0.039
-0.027
-0.142
-0.021
-0.042
-0.056
-0.048
-0.094
-0.112
-0.029
-0.043
-0.031
-0.024
-0.113
-0.064
0.019
-0.073
-0.057
-0.011
-0.109
-0.057
-0.039
-0.085
-0.038
-0.073
-0.168
-0.002
-0.054
-0.02
-0.073
-0.065
-0.11
-0.004
-0.032
-0.059
-0.084
-0.06
-0.077
-0.073
-0.111
-0.082
-0.072
-0.108
-0.047
-0.068
0.016
0.014
-0.107
-0.053
-0.016
-0.095
-0.014
-0.079
-0.063
-0.143
-0.058
-0.04
0.046
-0.055
-0.031
-0.002
-0.056
-0.032
-0.072
-0.107
-0.082
-0.041
-0.1
-0.098
-0.08
-0.061
-0.058
-0.115
-0.041
-0.047
-0.066
-0.01
-0.093
0.008
-0.125
-0.057
-0.034
-0.008
-0.111
-0.035
-0.091
-0.108
-0.121
-0.086
-0.099
-0.114
-0.019
-0.06
-0.095
-0.035
0.02
0.025
-0.145
-0.099
-0.034
-0.007
0.007
-0.054
-0.049
-0.044
-0.1
0.001
-0.072
-0.085
-0.089
-0.041
-0.052
-0.138
-0.068
-0.018
-0.062
-0.111
-0.017
-0.027
-0.023
-0.05
-0.013
-0.049
-0.084
-0.082
-0.051
-0.052
-0.042
-0.048
-0.008
-0.058
0.02
-0.06
-0.04
-0.091
0.056
-0.021
-0.046
-0.105
-0.042
-0.027
-0.055
-0.126
-0.065
-0.122
-0.115
-0.038
-0.055
-0.076
-0.051
-0.013
-0.007
-0.046
-0.047
-0.134
-0.082
-0.03
-0.104
-0.118
-0.107
-0.032
-0.051
-0.049
-0.053
-0.035
-0.099
-0.087
-0.091
-0.002
-0.024
-0.1
-0.038
-0.057
-0.053
-0.102
-0.02
-0.082
-0.036
-0.074
-0.027
-0.093
-0.079
-0.038
-0.091
-0.047
-0.08
0.002
-0.078
-0.117
0.021
-0.077
-0.073
-0.059
-0.02
-0.035
0.001
-0.13
-0.038
-0.016
-0.096
-0.015
-0.099
-0.111
-0.014
-0.098
-0.032
-0.087
-0.091
0.024
-0.068
-0.075
-0.105
-0.057
-0.107
-0.062
-0.094
-0.041
-0.023
0.005
-0.071
-0.049
-0.018
-0.145
-0.008
-0.042
-0.075
-0.068
-0.087
-0.138
-0.074
-0.064
-0.044
-0.116
-0.065
-0.02
-0.035
-0.027
-0.011
0.009
-0.045
-0.051
-0.058
-0.07
-0.068
-0.012
-0.095
-0.055
-0.072
-0.034
-0.118
0.028
-0.071
0.023
-0.062
-0.078
-0.073
0.012
-0.12
-0.142
-0.102
-0.111
-0.051
-0.069
-0.086
-0.081
-0.046
-0.044
-0.16
-0.031
-0.053
-0.071
-0.052
-0.145
-0.032
-0.001
-0.042
-0.057
0.014
-0.118
-0.073
-0.073
-0.04
-0.064
-0.039
-0.063
-0.124
-0.063
-0.122
-0.118
-0.022
-0.045
-0.012
-0.051
-0.08
-0.077
-0.103
0.009
-0.109
-0.053
-0.063
-0.079
-0.021
-0.032
-0.03
-0.094
-0.015
-0.097
-0.026
-0.048
-0.055
-0.095
-0.066
-0.076
-0.129
0.015
-0.114
-0.082
-0.01
-0.1
-0.046
-0.095
-0.075
-0.103
-0.071
-0.098
-0.035
-0.021
-0.101
-0.023
-0.072
-0.063
0.06
-0.027
0.03
-0.064
-0.061
-0.144
-0.087
-0.031
-0.045
-0.06
-0.066
-0.05
-0.084
-0.123
-0.058
0.001
-0.07
-0.11
-0.06
-0.085
-0.063
-0.001
-0.028
-0.063
-0.029
-0.153
-0.055
-0.004
-0.097
-0.062
-0.103
-0.141
-0.038
-0.002
-0.01
0.018
-0.082
-0.025
-0.134
-0.03
-0.037
-0.096
-0.159
-0.04
-0.017
-0.094
-0.08
-0.079
0.019
0.039
-0.006
-0.116
-0.023
-0.092
-0.079
-0.078
-0.055
-0.036
-0.038
-0.105
-0.046
-0.118
-0.018
-0.071
-0.043
-0.108
-0.145
-0.042
-0.111
-0.03
-0.066
-0.117
0.037
-0.078
-0.022
-0.033
-0.014
-0.046
-0.002
-0.022
-0.06
-0.073
-0.079
-0.066
-0.048
-0.006
-0.046
-0.062
-0.043
-0.031
-0.137
-0.065
-0.113
-0.016
-0.05
-0.024
-0.048
-0.066
-0.024
-0.088
0.005
-0.061
-0.097
-0.101
-0.096
-0.082
-0.115
-0.095
-0.092
-0.022
-0.121
-0.088
-0.048
-0.09
-0.077
-0.059
-0.031
-0.063
-0.053
-0.089
-0.067
-0.028
-0.039
-0.034
-0.066
-0.09
-0.142
-0.005
-0.039
-0.073
-0.061
-0.014
-0.122
-0.025
-0.081
-0.086
-0.159
-0.035
-0.083
-0.078
-0.041
-0.072
-0.102
-0.037
-0.075
-0.015
-0.128
-0.09
-0.025
-0.035
-0.071
-0.044
-0.105
-0.082
-0.004
-0.025
-0.106
-0.039
-0.034
-0.096
-0.133
-0.058
0.017
-0.119
-0.126
-0.047
-0.009
-0.085
-0.119
-0.069
0.054
-0.096
-0.125
-0.053
-0.132
-0.035
0.004
-0.042
-0.074
-0.075
-0.031
-0.054
-0.051
-0.025
0.0
-0.018
-0.041
-0.065
-0.054
0.046
0.023
-0.018
0.04
-0.069
-0.084
-0.066
-0.03
-0.065
-0.068
-0.09
-0.054
-0.023
-0.057
-0.078
-0.022
-0.01
-0.064
-0.014
-0.064
-0.103
-0.087
-0.006
-0.027
-0.071
-0.021
-0.091
-0.057
-0.012
0.03
-0.085
-0.038
-0.09
-0.107
-0.129
-0.023
-0.07
-0.025
0.01
-0.072
-0.096
-0.091
-0.079
-0.073
-0.07
-0.102
-0.061
-0.109
-0.103
-0.004
-0.112
-0.087
-0.054
-0.098
-0.077
-0.04
-0.101
-0.017
-0.115
-0.033
-0.057
-0.1
-0.043
-0.11
-0.017
-0.069
-0.118
-0.025
-0.073
-0.037
-0.051
-0.029
-0.071
-0.039
-0.065
-0.045
-0.01
-0.042
-0.093
-0.102
-0.069
-0.025
-0.046
-0.128
-0.072
-0.077
0.056
-0.114
-0.068
-0.039
-0.034
-0.069
-0.095
-0.099
-0.043
-0.037
0.006
-0.038
-0.189
-0.01
-0.071
-0.107
-0.03
-0.068
-0.053
-0.017
-0.006
-0.06
-0.06
-0.043
-0.055
-0.052
-0.043
0.034
-0.058
-0.03
-0.079
0.052
-0.016
0.02
-0.09
-0.094
-0.085
-0.048
-0.087
-0.025
-0.036
0.011
-0.088
-0.071
0.005
0.026
-0.053
-0.028
-0.071
-0.095
-0.001
-0.044
-0.102
-0.134
-0.029
-0.165
-0.044
-0.073
-0.045
-0.022
-0.014
-0.036
-0.084
-0.092
-0.068
-0.086
0.032
-0.067
-0.114
-0.07
-0.116
-0.069
0.007
-0.028
-0.082
-0.094
-0.088
-0.128
-0.051
0.005
-0.122
-0.074
-0.007
-0.05
-0.048
-0.081
0.007
-0.078
-0.024
-0.072
-0.103
-0.078
0.012
-0.002
-0.097
-0.062
-0.114
-0.058
-0.088
-0.046
-0.084
-0.066
-0.14
-0.124
-0.098
-0.041
-0.092
-0.013
-0.057
-0.046
-0.051
-0.077
-0.083
-0.006
-0.047
-0.062
-0.009
-0.002
-0.014
-0.014
-0.063
-0.165
-0.037
-0.076
-0.088
0.065
-0.059
-0.067
-0.149
-0.016
-0.086
-0.014
-0.094
-0.04
-0.057
0.028
-0.042
-0.066
-0.121
-0.016
-0.08
-0.097
-0.109
-0.058
-0.108
-0.073
-0.056
-0.069
-0.067
-0.058
-0.101
-0.041
0.017
-0.065
-0.042
-0.021
-0.042
0.022
-0.011
-0.067
-0.089
-0.092
0.019
-0.068
-0.057
0.019
-0.027
-0.08
-0.054
-0.07
-0.019
-0.069
0.011
-0.129
0.016
-0.073
-0.046
-0.05
-0.109
-0.081
-0.074
-0.088
-0.004
-0.114
-0.046
-0.077
-0.024
-0.13
-0.155
0.011
-0.067
-0.019
0.016
-0.042
-0.008
-0.05
-0.08
-0.058
-0.077
-0.108
0.005
-0.069
0.006
-0.076
-0.065
-0.06
-0.106
-0.055
-0.05
-0.074
0.007
-0.097
-0.121
0.015
-0.006
-0.04
-0.076
-0.038
0.008
-0.117
-0.069
-0.016
-0.035
-0.078
-0.056
-0.092
-0.032
-0.136
0.001
-0.029
-0.13
-0.029
-0.098
-0.049
-0.071
0.068
-0.128
-0.008
-0.035
-0.095
-0.054
-0.031
0.005
-0.061
-0.061
-0.029
-0.097
-0.094
-0.08
-0.101
-0.078
-0.028
-0.07
-0.071
-0.197
0.011
-0.118
-0.103
-0.129
-0.086
-0.033
-0.031
-0.006
0.018
-0.055
0.007
-0.042
0.015
-0.035
-0.067
0.024
-0.047
-0.059
-0.12
-0.001
-0.04
-0.011
-0.016
-0.104
-0.029
-0.046
-0.002
-0.017
-0.106
-0.069
-0.074
-0.012
-0.059
0.012
-0.059
-0.094
-0.089
-0.039
-0.033
-0.066
-0.058
-0.175
-0.083
-0.049
-0.109
-0.003
-0.043
-0.014
-0.084
0.006
-0.077
-0.097
-0.039
-0.026
-0.018
-0.06
-0.015
-0.101
-0.053
-0.114
-0.053
-0.171
-0.02
-0.072
0.01
-0.064
-0.037
-0.103
0.033
0.017
-0.088
-0.026
-0.028
-0.017
-0.08
-0.018
-0.04
-0.136
-0.028
-0.145
0.017
-0.08
-0.051
-0.029
-0.017
-0.045
-0.088
-0.097
-0.071
-0.066
-0.064
-0.094
-0.033
-0.043
-0.11
-0.055
-0.14
-0.05
-0.11
-0.139
0.001
-0.064
0.02
-0.069
-0.064
-0.045
-0.031
-0.081
-0.09
-0.104
-0.052
-0.04
-0.033
-0.048
-0.088
-0.035
-0.11
-0.065
-0.096
-0.084
-0.136
-0.096
-0.071
-0.078
-0.085
-0.083
-0.032
-0.047
-0.112
-0.125
-0.049
-0.033
0.017
-0.104
-0.066
-0.065
-0.043
-0.046
-0.058
-0.048
0.034
-0.071
-0.07
-0.096
-0.017
-0.021
-0.031
-0.095
-0.101
-0.067
-0.051
-0.086
0.022
-0.151
-0.088
-0.034
-0.045
-0.106
-0.005
-0.06
-0.159
-0.006
-0.021
-0.062
-0.042
-0.022
-0.033
-0.076
-0.109
-0.024
-0.125
-0.088
-0.149
-0.055
-0.061
-0.033
-0.029
-0.112
-0.085
-0.044
-0.097
-0.069
-0.081
0.026
-0.028
-0.065
-0.073
-0.019
-0.07
-0.084
-0.101
-0.012
-0.019
-0.095
-0.08
-0.061
-0.066
-0.067
-0.078
-0.036
-0.1
-0.016
-0.15
0.062
-0.066
-0.046
-0.086
-0.182
-0.033
-0.033
-0.018
-0.07
-0.038
-0.093
-0.091
-0.055
-0.137
-0.02
-0.045
0.014
-0.043
-0.076
-0.068
0.013
-0.108
-0.071
-0.084
-0.057
-0.099
-0.11
-0.005
-0.062
-0.08
-0.045
-0.061
-0.088
-0.104
0.041
-0.057
-0.064
-0.056
-0.033
-0.059
-0.05
-0.054
-0.029
-0.047
-0.088
-0.032
-0.002
-0.17
-0.059
-0.05
-0.039
0.001
0.003
-0.034
-0.089
-0.042
0.013
-0.067
-0.075
-0.099
-0.07
-0.096
-0.105
-0.137
-0.056
-0.036
0.019
-0.028
-0.032
-0.055
-0.086
-0.086
-0.086
-0.007
-0.083
-0.062
-0.007
-0.04
-0.1
-0.031
-0.112
-0.083
-0.071
-0.043
-0.035
-0.044
-0.001
0.016
-0.078
-0.108
-0.048
-0.078
-0.093
-0.029
0.002
-0.073
-0.088
-0.111
0.006
-0.084
-0.105
0.031
-0.098
-0.03
-0.06
-0.03
-0.028
-0.006
-0.118
-0.068
-0.028
-0.035
-0.101
-0.071
-0.032
-0.091
0.012
-0.06
-0.089
-0.094
-0.047
0.073
-0.071
-0.062
-0.05
-0.019
-0.089
-0.017
-0.061
-0.069
-0.067
-0.087
0.068
-0.041
-0.031
-0.03
-0.045
-0.013
-0.118
0.061
-0.06
-0.032
-0.081
-0.035
0.059
0.001
0.003
-0.091
-0.091
-0.033
-0.059
-0.111
-0.026
0.031
-0.051
-0.012
-0.058
-0.02
-0.057
-0.07
-0.017
-0.078
-0.042
-0.156
-0.091
-0.051
-0.042
-0.027
-0.101
-0.074
-0.072
-0.124
-0.041
-0.079
-0.084
-0.114
-0.051
-0.087
-0.02
-0.018
-0.079
0.005
-0.097
-0.094
-0.079
-0.06
-0.113
-0.058
-0.013
-0.065
-0.087
-0.103
-0.103
-0.073
-0.104
0.015
-0.07
0.006
-0.035
-0.059
-0.072
-0.109
-0.043
-0.068
-0.061
-0.04
-0.099
-0.084
-0.056
-0.082
-0.127
-0.019
-0.081
0.03
-0.039
-0.09
-0.045
-0.023
0.002
-0.038
-0.069
-0.041
-0.066
-0.118
-0.043
-0.057
0.006
-0.08
-0.058
-0.056
-0.073
0.005
-0.092
-0.096
-0.071
-0.087
-0.054
-0.013
-0.121
-0.123
-0.055
-0.084
-0.034
-0.062
0.023
-0.058
-0.065
-0.053
-0.049
-0.11
-0.101
-0.097
-0.059
-0.123
-0.113
-0.058
-0.061
-0.041
0.016
-0.069
-0.079
-0.158
-0.14
-0.006
-0.079
-0.106
-0.076
-0.083
-0.112
-0.002
-0.029
-0.092
-0.096
-0.069
-0.065
-0.067
-0.009
0.006
-0.039
-0.018
-0.017
-0.034
0.017
-0.091
-0.053
0.017
-0.043
-0.045
-0.066
-0.076
-0.052
-0.04
-0.022
-0.098
-0.164
-0.102
-0.073
-0.059
-0.119
0.085
-0.049
-0.031
-0.032
-0.025
-0.109
-0.018
-0.062
-0.024
-0.056
-0.088
-0.063
-0.059
-0.103
-0.09
-0.048
-0.08
-0.061
-0.062
-0.08
-0.078
-0.02
-0.089
-0.057
-0.057
-0.193
-0.064
-0.053
-0.116
-0.058
-0.009
-0.07
-0.05
-0.013
-0.007
-0.075
-0.05
-0.085
-0.068
-0.043
-0.098
-0.092
-0.08
-0.086
-0.027
-0.126
-0.059
-0.129
-0.035
-0.086
-0.069
-0.081
-0.015
-0.15
-0.081
-0.027
-0.048
-0.058
-0.105
-0.024
-0.051
-0.085
0.001
-0.069
-0.046
-0.022
-0.074
-0.071
-0.035
-0.105
-0.108
0.007
0.0
-0.098
-0.037
-0.043
-0.061
-0.054
0.011
-0.085
-0.041
-0.071
-0.036
-0.107
-0.057
-0.069
-0.182
-0.039
-0.003
-0.032
0.027
-0.043
-0.076
-0.023
-0.083
-0.103
-0.005
-0.111
-0.093
-0.054
-0.041
0.006
-0.085
-0.009
-0.071
-0.025
-0.074
-0.063
-0.052
-0.059
-0.002
-0.084
-0.038
-0.064
-0.094
-0.031
-0.041
-0.013
-0.081
-0.06
-0.02
-0.044
0.024
-0.089
-0.062
0.03
0.055
-0.063
-0.067
-0.096
-0.066
-0.053
-0.03
-0.076
-0.066
-0.049
-0.07
-0.013
-0.046
-0.118
-0.074
-0.044
-0.121
-0.061
-0.078
-0.063
-0.08
-0.132
-0.11
-0.05
-0.058
-0.042
-0.06
-0.021
0.001
-0.005
0.026
-0.145
-0.159
-0.104
-0.06
-0.062
-0.09
-0.009
-0.073
-0.11
-0.055
-0.043
-0.052
-0.147
-0.056
-0.025
-0.043
0.008
-0.056
0.031
-0.048
-0.105
-0.024
-0.11
-0.051
-0.038
-0.032
-0.01
-0.072
0.006
-0.029
-0.101
-0.056
-0.032
0.038
-0.085
-0.036
-0.002
-0.014
-0.071
-0.041
-0.036
-0.091
-0.145
-0.067
-0.153
0.014
-0.01
-0.107
-0.073
-0.06
-0.045
-0.064
-0.094
-0.053
-0.01
-0.105
-0.007
-0.096
-0.054
-0.03
-0.022
-0.002
-0.046
-0.052
-0.09
-0.039
-0.033
-0.1
0.011
-0.004
-0.052
-0.027
-0.076
-0.016
-0.055
-0.122
-0.037
-0.035
-0.161
-0.027
-0.082
-0.097
0.031
-0.058
-0.029
-0.055
-0.123
-0.129
-0.072
-0.044
-0.094
-0.026
-0.101
-0.032
-0.082
-0.019
-0.106
-0.133
-0.05
-0.009
-0.048
-0.085
-0.08
-0.131
-0.079
-0.126
-0.106
-0.025
-0.057
-0.109
0.001
-0.035
-0.001
-0.082
0.016
0.007
0.008
-0.034
-0.014
-0.019
-0.054
-0.094
-0.075
-0.112
-0.083
0.014
-0.077
-0.025
-0.126
-0.066
-0.024
-0.049
-0.104
-0.012
-0.055
-0.071
-0.012
-0.015
-0.054
-0.075
-0.08
-0.03
-0.123
-0.074
0.012
-0.064
-0.041
-0.09
-0.095
-0.032
-0.165
-0.024
-0.072
-0.095
-0.013
-0.032
0.012
-0.055
-0.057
-0.082
-0.058
-0.061
-0.087
-0.09
-0.056
-0.015
-0.097
-0.063
-0.052
-0.086
-0.07
-0.038
-0.05
-0.046
-0.094
-0.123
0.071
-0.039
-0.139
0.007
-0.06
-0.077
-0.026
-0.143
-0.11
-0.067
-0.081
-0.069
-0.091
-0.079
-0.04
-0.129
0.003
-0.055
-0.053
-0.032
-0.069
-0.069
-0.087
-0.029
-0.065
-0.069
-0.01
-0.072
-0.058
-0.085
-0.102
-0.06
-0.089
-0.019
0.021
-0.037
-0.056
-0.116
-0.041
-0.045
-0.063
-0.073
-0.098
-0.047
-0.051
-0.026
-0.13
-0.086
-0.008
-0.081
-0.044
-0.053
-0.036
-0.057
-0.125
-0.167
-0.028
-0.052
-0.065
-0.069
-0.011
-0.094
-0.048
-0.106
-0.044
-0.107
0.034
-0.063
-0.104
-0.02
-0.113
-0.059
-0.022
-0.045
-0.134
-0.106
-0.068
-0.142
0.031
-0.021
-0.055
-0.04
-0.045
-0.055
-0.084
0.007
-0.107
-0.079
-0.074
-0.004
-0.119
-0.083
-0.097
-0.117
-0.018
-0.05
-0.051
-0.01
-0.143
-0.022
-0.064
-0.044
-0.14
-0.022
-0.091
-0.005
-0.041
-0.078
-0.053
-0.03
-0.129
-0.002
-0.032
-0.038
-0.088
-0.115
-0.042
-0.042
-0.029
-0.079
-0.146
-0.043
-0.033
-0.085
-0.032
0.01
-0.126
-0.069
-0.086
-0.032
-0.089
-0.054
-0.104
-0.135
-0.011
-0.03
0.032
-0.08
-0.109
0.03
-0.053
-0.079
-0.029
-0.032
-0.008
-0.107
-0.08
-0.074
-0.05
-0.09
-0.104
-0.094
-0.11
-0.01
-0.111
-0.055
-0.06
-0.009
-0.067
-0.041
-0.038
-0.009
-0.091
-0.011
-0.186
-0.056
-0.071
-0.031
-0.099
0.017
0.001
-0.032
-0.023
-0.133
-0.045
-0.1
-0.112
-0.046
-0.003
-0.054
-0.072
-0.046
-0.023
-0.123
-0.124
-0.058
-0.07
-0.061
-0.037
-0.076
-0.194
-0.022
-0.05
-0.128
-0.143
-0.059
-0.051
-0.059
-0.075
-0.111
-0.053
-0.065
-0.093
-0.019
-0.031
-0.084
-0.043
-0.088
-0.074
-0.057
-0.088
-0.059
0.045
-0.034
-0.116
-0.144
-0.061
-0.025
-0.024
-0.108
-0.116
0.03
-0.01
-0.019
-0.015
-0.096
-0.09
-0.061
-0.045
-0.048
-0.03
0.014
-0.07
-0.071
-0.06
-0.041
-0.092
-0.142
-0.023
0.002
-0.038
-0.106
-0.022
-0.005
-0.069
-0.022
-0.005
-0.059
-0.008
-0.004
-0.044
-0.126
-0.035
-0.042
-0.045
-0.024
-0.071
-0.041
-0.076
-0.028
-0.068
-0.134
-0.1
0.027
-0.059
-0.044
-0.095
-0.044
-0.046
0.006
0.039
-0.005
-0.078
-0.019
-0.039
-0.087
-0.004
-0.056
-0.078
-0.133
-0.093
-0.074
-0.072
-0.072
-0.069
0.011
-0.108
-0.109
-0.013
-0.136
-0.095
-0.111
-0.028
-0.074
-0.05
-0.151
-0.049
-0.038
-0.014
-0.066
-0.051
-0.106
-0.046
-0.081
-0.079
-0.066
-0.047
-0.027
-0.04
-0.072
-0.055
-0.055
-0.084
-0.062
-0.016
-0.073
-0.021
-0.071
-0.11
-0.13
-0.038
-0.081
-0.097
-0.096
-0.091
0.027
-0.082
-0.143
-0.105
-0.046
-0.106
-0.048
-0.043
-0.02
-0.065
0.04
-0.134
-0.062
-0.113
-0.046
0.002
-0.085
-0.076
-0.087
-0.045
-0.049
-0.08
-0.041
-0.005
-0.071
-0.092
-0.029
-0.151
-0.089
-0.059
-0.06
-0.051
-0.142
-0.062
-0.034
-0.085
-0.062
-0.045
-0.085
-0.064
-0.005
-0.029
0.046
-0.039
-0.029
-0.044
-0.072
-0.035
-0.027
-0.107
-0.108
-0.016
0.02
-0.009
-0.144
-0.081
-0.073
-0.068
-0.063
-0.021
-0.073
-0.053
-0.194
-0.032
-0.006
-0.003
-0.035
0.033
-0.014
0.05
-0.006
0.057
-0.003
-0.056
-0.082
-0.015
-0.097
-0.034
-0.043
-0.038
-0.119
-0.046
-0.101
-0.065
-0.005
-0.075
-0.124
-0.064
-0.073
-0.145
-0.033
-0.043
-0.146
-0.118
-0.028
-0.111
-0.085
-0.03
0.009
-0.041
-0.072
-0.006
-0.005
-0.065
-0.078
-0.095
-0.035
-0.147
-0.06
-0.051
-0.05
-0.075
-0.072
-0.094
0.021
0.003
-0.07
-0.057
-0.102
-0.016
-0.065
-0.058
-0.05
-0.001
-0.067
-0.057
-0.039
-0.081
-0.044
-0.083
-0.105
-0.152
-0.123
-0.013
-0.126
-0.003
-0.007
-0.057
-0.049
-0.066
-0.083
-0.091
-0.07
-0.109
0.01
-0.154
-0.065
0.004
-0.101
-0.04
0.005
-0.073
0.015
-0.007
-0.071
-0.095
-0.053
-0.05
-0.103
0.017
-0.054
-0.042
-0.101
-0.056
0.003
-0.089
-0.028
-0.054
-0.046
-0.12
-0.039
-0.003
-0.032
-0.056
-0.003
-0.03
-0.001
-0.104
-0.047
-0.114
-0.057
-0.062
-0.075
-0.11
-0.041
-0.076
-0.097
-0.06
0.034
-0.059
-0.097
-0.038
-0.069
-0.018
-0.101
-0.038
-0.088
-0.041
-0.058
-0.093
-0.048
-0.06
-0.096
-0.018
-0.051
-0.06
-0.067
-0.039
-0.04
-0.024
-0.054
-0.002
-0.05
-0.029
-0.047
-0.062
0.004
-0.003
-0.083
0.003
-0.004
-0.058
-0.098
-0.062
-0.021
-0.103
-0.083
-0.078
-0.063
-0.064
0.001
-0.039
-0.036
-0.075
-0.05
-0.021
-0.029
-0.034
-0.07
-0.09
-0.069
-0.081
-0.082
-0.001
-0.077
-0.062
-0.074
-0.043
-0.147
-0.063
-0.104
-0.034
0.009
-0.078
-0.086
-0.024
0.026
0.053
-0.026
0.02
-0.055
-0.01
-0.04
-0.026
-0.038
-0.033
0.001
-0.095
-0.049
-0.029
-0.078
-0.039
-0.079
-0.112
-0.094
-0.046
-0.04
-0.039
-0.111
-0.044
-0.038
-0.055
-0.031
-0.012
-0.04
-0.115
-0.06
-0.068
-0.094
-0.089
-0.092
-0.088
-0.079
-0.1
-0.083
-0.098
-0.119
-0.041
0.012
-0.032
-0.099
-0.094
-0.104
-0.051
-0.067
-0.074
-0.06
-0.105
-0.132
-0.13
-0.115
-0.086
-0.141
-0.073
-0.017
-0.076
-0.097
-0.064
-0.038
-0.142
-0.088
-0.008
-0.052
-0.03
-0.054
-0.103
-0.046
-0.071
-0.132
-0.011
-0.005
0.012
-0.093
-0.012
-0.1
0.05
0.104
-0.048
-0.033
-0.038
-0.035
-0.116
-0.032
-0.118
0.003
-0.097
-0.024
-0.07
-0.176
-0.137
-0.051
-0.092
-0.069
-0.114
-0.063
-0.047
0.032
-0.034
-0.044
-0.034
-0.039
-0.119
-0.019
-0.132
-0.034
-0.125
-0.069
-0.058
-0.079
0.04
-0.014
-0.05
-0.003
-0.056
-0.054
-0.024
0.012
-0.035
-0.04
-0.044
-0.074
-0.029
-0.034
-0.079
-0.053
-0.077
-0.032
-0.077
-0.086
-0.092
-0.073
-0.1
-0.076
-0.08
-0.091
-0.125
0.012
-0.062
-0.06
-0.089
-0.058
-0.04
0.049
-0.084
-0.072
-0.085
-0.072
-0.002
-0.08
-0.1
-0.092
-0.077
-0.099
-0.112
0.009
-0.027
-0.114
-0.01
-0.025
-0.1
-0.03
-0.036
-0.069
-0.052
-0.069
-0.084
0.008
-0.07
-0.08
-0.07
-0.028
-0.044
-0.052
-0.007
-0.106
-0.077
0.013
-0.011
-0.02
0.007
-0.079
-0.057
0.031
-0.036
-0.096
-0.059
-0.081
-0.003
-0.014
0.007
-0.079
-0.04
-0.139
-0.034
-0.042
-0.017
-0.078
0.025
-0.046
-0.04
-0.031
-0.007
-0.008
-0.056
-0.029
0.065
-0.072
-0.108
-0.044
0.012
-0.052
-0.019
-0.091
-0.055
-0.081
-0.043
-0.056
-0.031
-0.064
-0.092
-0.044
-0.015
-0.117
-0.055
0.02
-0.054
-0.125
-0.049
-0.008
0.0
-0.055
-0.018
-0.038
-0.142
-0.062
-0.043
-0.094
-0.048
0.017
0.004
-0.058
-0.098
-0.015
-0.011
-0.069
-0.061
-0.102
-0.115
-0.106
-0.06
-0.066
-0.052
-0.076
-0.073
-0.017
-0.005
0.021
-0.007
-0.111
-0.016
-0.141
-0.049
-0.044
-0.039
-0.028
-0.072
-0.062
-0.083
-0.036
0.049
-0.126
-0.063
-0.092
-0.118
-0.061
-0.064
-0.049
-0.118
-0.145
-0.088
-0.074
-0.071
-0.042
-0.056
-0.059
-0.08
-0.069
-0.016
-0.03
-0.085
-0.024
-0.049
-0.018
-0.037
-0.05
0.007
-0.068
-0.082
-0.125
-0.108
-0.067
-0.018
-0.009
0.001
-0.11
-0.03
-0.03
0.005
-0.095
-0.057
-0.032
-0.092
-0.08
-0.032
-0.018
-0.013
-0.035
-0.091
-0.078
-0.057
0.012
-0.007
0.028
-0.127
-0.134
-0.052
-0.032
-0.039
0.012
-0.09
-0.063
-0.144
0.001
-0.064
-0.012
-0.1
-0.057
-0.068
-0.101
0.002
-0.073
-0.057
-0.045
-0.071
-0.108
-0.089
-0.02
-0.087
-0.005
-0.062
-0.091
-0.049
-0.052
-0.042
-0.038
-0.062
-0.061
-0.085
-0.132
-0.049
0.005
-0.042
-0.094
0.009
-0.098
-0.102
-0.005
-0.018
-0.068
-0.12
-0.007
-0.03
-0.021
0.005
-0.089
-0.094
-0.041
-0.035
-0.092
0.0
0.017
-0.001
-0.047
-0.144
-0.052
-0.096
-0.075
-0.091
-0.082
-0.006
-0.049
-0.019
-0.113
-0.02
-0.054
-0.093
-0.064
-0.06
-0.087
-0.064
0.028
-0.064
-0.016
-0.053
-0.081
-0.084
-0.049
-0.07
-0.111
-0.033
-0.033
-0.087
-0.118
-0.061
-0.031
-0.01
-0.066
-0.067
-0.036
-0.024
-0.061
-0.061
-0.096
-0.067
-0.056
-0.021
-0.088
-0.071
0.048
-0.011
-0.075
-0.117
0.015
-0.09
-0.062
-0.038
-0.07
-0.026
-0.097
-0.011
-0.046
-0.052
-0.011
-0.063
0.0
0.022
-0.027
-0.048
-0.018
-0.021
-0.026
-0.11
-0.114
0.011
0.005
-0.025
-0.023
0.005
-0.092
-0.064
-0.083
-0.084
0.003
-0.092
-0.084
-0.092
0.028
-0.007
-0.033
-0.069
-0.012
-0.001
-0.091
-0.047
-0.046
-0.033
-0.095
-0.022
-0.031
-0.128
-0.059
-0.084
-0.033
-0.037
-0.06
-0.048
-0.063
0.028
-0.037
-0.004
-0.009
-0.07
-0.089
-0.15
-0.107
-0.096
-0.062
-0.017
-0.045
-0.07
-0.066
-0.046
-0.14
-0.073
-0.033
-0.084
0.05
-0.082
-0.079
-0.087
-0.123
-0.051
-0.046
-0.104
-0.028
-0.084
-0.071
-0.047
-0.104
-0.087
-0.043
-0.012
-0.144
-0.092
-0.109
-0.063
-0.05
-0.097
-0.095
-0.065
-0.041
-0.001
-0.119
-0.12
-0.034
-0.006
-0.108
-0.042
-0.042
-0.097
-0.033
-0.049
-0.071
-0.098
-0.085
-0.001
-0.019
-0.046
-0.003
-0.048
-0.058
-0.03
-0.152
0.04
-0.032
0.01
-0.02
-0.095
-0.121
-0.051
-0.068
-0.118
-0.171
0.002
-0.088
-0.04
-0.105
-0.012
-0.058
-0.071
-0.154
-0.086
-0.059
-0.007
-0.073
-0.033
-0.059
-0.075
-0.033
-0.035
-0.041
-0.07
-0.084
-0.021
-0.085
-0.068
-0.079
-0.045
-0.006
0.023
-0.025
-0.066
-0.018
-0.057
-0.066
-0.044
0.044
-0.084
-0.086
-0.014
-0.042
-0.052
-0.023
-0.08
-0.081
0.039
-0.138
-0.082
-0.01
-0.082
-0.135
-0.036
-0.098
-0.064
-0.077
-0.074
0.043
-0.089
-0.041
-0.023
-0.059
0.039
-0.044
-0.1
0.004
-0.004
-0.067
-0.003
-0.08
0.034
-0.067
-0.039
-0.021
-0.082
-0.087
-0.011
0.048
-0.034
-0.003
-0.057
-0.074
-0.065
-0.063
-0.031
0.007
-0.071
-0.006
-0.083
0.001
-0.057
-0.097
-0.057
-0.027
-0.01
-0.082
-0.035
0.029
-0.067
-0.107
-0.073
-0.013
-0.132
-0.064
-0.054
-0.02
-0.037
-0.047
-0.092
-0.104
-0.099
-0.028
-0.082
-0.049
-0.038
-0.044
0.013
-0.067
-0.06
-0.002
-0.058
-0.089
-0.01
-0.006
-0.063
-0.084
-0.08
-0.055
-0.06
-0.074
0.039
-0.053
-0.04
-0.11
-0.099
-0.152
0.023
-0.051
-0.036
-0.09
-0.068
0.018
-0.072
0.025
-0.055
-0.063
-0.04
-0.039
-0.108
-0.065
-0.088
-0.086
0.004
-0.093
-0.06
-0.005
-0.078
-0.064
-0.084
-0.073
0.013
-0.062
-0.021
-0.095
-0.059
-0.077
0.029
-0.041
-0.033
-0.036
-0.065
-0.069
-0.072
-0.045
-0.023
-0.072
-0.001
-0.047
-0.126
-0.039
-0.059
-0.137
0.004
-0.033
-0.082
-0.01
-0.062
0.005
-0.075
-0.052
-0.092
-0.027
-0.041
-0.004
-0.07
-0.017
-0.072
0.004
-0.06
-0.111
-0.057
-0.083
-0.015
0.017
-0.019
-0.08
-0.002
-0.116
0.022
0.023
-0.046
-0.081
-0.08
-0.082
-0.087
-0.032
0.011
-0.12
-0.067
-0.068
-0.069
-0.044
-0.093
-0.099
-0.019
-0.072
-0.1
-0.065
-0.003
-0.018
-0.107
-0.083
-0.095
-0.025
-0.007
-0.034
-0.047
-0.044
-0.061
-0.05
-0.021
-0.068
0.0
-0.048
-0.069
-0.142
-0.04
-0.036
0.011
-0.08
-0.089
-0.009
-0.11
0.001
-0.077
0.005
-0.027
-0.09
-0.054
-0.096
0.078
-0.031
-0.082
-0.006
-0.017
-0.053
-0.059
-0.01
-0.067
-0.06
-0.032
-0.041
-0.066
-0.069
-0.11
0.008
0.008
-0.027
-0.059
-0.063
-0.098
-0.038
-0.102
0.014
-0.062
-0.1
-0.03
-0.021
-0.069
-0.101
-0.083
-0.095
-0.147
-0.096
-0.088
-0.1
-0.092
-0.064
-0.018
-0.082
-0.074
-0.078
-0.117
-0.065
-0.025
-0.04
0.005
-0.126
-0.09
-0.088
-0.087
0.006
-0.06
-0.072
-0.063
-0.045
-0.098
-0.013
-0.027
0.003
0.019
-0.027
0.013
-0.127
-0.071
-0.052
-0.008
-0.062
-0.107
-0.03
-0.083
-0.094
-0.075
-0.059
-0.12
-0.044
-0.025
-0.023
-0.108
-0.072
-0.07
-0.076
-0.065
-0.038
-0.109
-0.044
0.012
-0.035
-0.097
0.014
-0.039
-0.122
-0.04
-0.042
-0.042
0.015
-0.047
-0.11
-0.029
-0.046
-0.061
-0.021
-0.039
-0.075
-0.07
-0.064
-0.006
-0.021
-0.078
-0.015
-0.002
-0.075
0.037
-0.084
0.02
-0.076
-0.11
-0.066
-0.035
-0.021
-0.018
-0.043
-0.079
-0.081
-0.036
-0.019
-0.012
-0.08
-0.028
-0.032
-0.096
-0.075
-0.07
-0.076
-0.13
-0.078
-0.031
-0.034
-0.026
-0.017
-0.046
-0.026
-0.045
-0.082
0.0
-0.016
0.004
-0.021
-0.04
0.037
0.054
-0.089
-0.063
-0.084
-0.086
-0.047
-0.095
-0.037
-0.16
-0.069
0.002
-0.05
-0.021
-0.013
-0.121
-0.036
-0.065
0.007
0.012
-0.033
0.022
-0.117
-0.038
-0.03
-0.085
-0.026
-0.031
-0.057
-0.013
-0.03
-0.009
-0.16
-0.128
-0.075
-0.037
-0.061
0.024
-0.049
-0.117
-0.089
-0.091
-0.062
-0.041
-0.06
-0.004
-0.02
-0.074
-0.013
-0.051
0.039
-0.049
-0.099
-0.028
-0.078
-0.081
-0.097
-0.038
-0.083
-0.036
-0.063
-0.038
0.011
-0.067
0.011
-0.075
-0.002
-0.049
-0.026
-0.041
0.002
0.04
-0.056
-0.064
-0.116
-0.041
-0.072
-0.147
-0.03
-0.065
-0.045
-0.057
-0.036
-0.078
-0.089
-0.011
-0.052
-0.062
-0.054
0.05
-0.021
-0.018
-0.038
0.014
-0.106
-0.076
0.013
-0.075
-0.053
-0.062
-0.12
-0.079
-0.049
-0.052
-0.061
-0.101
-0.121
-0.027
-0.048
-0.074
-0.136
-0.096
-0.048
-0.056
-0.137
-0.047
-0.094
0.059
-0.029
-0.055
-0.07
-0.076
0.002
-0.077
-0.092
-0.019
-0.063
-0.087
-0.056
-0.13
-0.063
-0.128
-0.06
-0.072
-0.128
-0.039
-0.059
-0.014
0.092
-0.013
-0.096
-0.135
-0.073
-0.063
-0.161
-0.028
-0.013
-0.054
-0.092
0.051
-0.106
0.007
-0.078
-0.026
-0.014
-0.084
-0.045
-0.052
-0.13
-0.162
-0.099
-0.145
-0.063
-0.003
-0.073
-0.073
-0.053
-0.017
-0.05
-0.001
-0.114
0.022
-0.135
-0.116
-0.097
-0.037
-0.014
-0.03
-0.059
-0.02
-0.112
-0.044
-0.116
-0.102
-0.126
-0.022
-0.083
-0.068
-0.087
-0.092
0.027
-0.054
-0.07
0.005
-0.025
-0.008
-0.05
0.012
-0.156
-0.01
-0.083
-0.072
-0.038
-0.076
-0.057
0.015
-0.019
-0.019
-0.053
-0.064
-0.061
-0.018
-0.007
-0.048
-0.159
-0.071
-0.071
-0.066
-0.055
-0.01
-0.127
0.007
0.006
-0.061
-0.06
-0.063
-0.051
-0.086
-0.087
-0.034
-0.042
-0.054
-0.026
0.005
-0.069
-0.106
-0.026
-0.068
-0.052
-0.082
0.007
-0.139
-0.095
-0.049
-0.069
-0.074
-0.051
-0.03
-0.064
-0.083
-0.061
-0.072
-0.096
-0.04
-0.033
-0.035
-0.05
-0.084
0.02
-0.042
0.0
-0.067
-0.032
-0.009
-0.059
0.0
-0.045
-0.016
-0.058
-0.008
-0.085
-0.09
-0.066
-0.049
-0.015
-0.043
-0.043
-0.095
-0.062
0.008
-0.051
-0.144
-0.054
-0.034
-0.052
-0.088
-0.034
-0.063
-0.076
-0.058
-0.06
-0.075
-0.026
0.005
-0.039
-0.072
-0.053
-0.044
-0.082
-0.062
-0.043
-0.093
-0.062
-0.106
-0.065
-0.022
-0.063
-0.091
-0.072
-0.052
-0.039
-0.107
-0.004
0.008
0.031
-0.027
-0.086
-0.07
-0.108
-0.051
-0.056
-0.039
-0.075
-0.053
-0.021
-0.05
-0.086
-0.022
-0.05
-0.078
-0.034
-0.076
-0.055
-0.086
-0.011
-0.043
-0.041
-0.051
-0.026
-0.057
-0.045
-0.022
-0.028
-0.078
0.01
-0.117
-0.105
-0.084
-0.102
-0.094
-0.042
-0.158
-0.073
-0.075
-0.103
-0.058
-0.068
-0.06
-0.018
-0.006
-0.106
-0.095
-0.112
-0.072
-0.028
-0.044
-0.051
-0.099
-0.052
0.013
-0.032
0.006
-0.131
-0.152
-0.022
-0.023
-0.027
-0.034
-0.001
-0.044
-0.032
-0.124
-0.021
-0.03
-0.056
0.044
0.01
-0.012
-0.064
0.029
-0.028
-0.076
-0.058
-0.047
-0.043
-0.013
-0.062
-0.1
-0.046
-0.003
0.011
0.003
-0.088
-0.095
-0.064
-0.061
-0.015
-0.074
0.008
-0.058
0.021
-0.027
-0.091
-0.002
-0.056
-0.077
-0.069
-0.011
-0.043
-0.049
0.085
-0.058
-0.027
-0.077
-0.015
-0.014
-0.073
-0.106
-0.142
-0.087
-0.083
-0.11
-0.063
-0.043
-0.104
-0.056
-0.101
-0.125
-0.048
-0.03
0.004
-0.026
-0.055
-0.031
0.051
-0.091
-0.101
-0.118
-0.064
-0.07
-0.066
-0.023
-0.06
-0.079
-0.032
-0.078
-0.061
-0.041
-0.079
-0.018
-0.096
-0.001
0.003
-0.08
0.002
0.024
-0.089
-0.015
-0.016
-0.079
0.013
-0.011
-0.133
-0.07
-0.035
-0.022
-0.095
-0.077
-0.036
-0.059
-0.138
-0.067
-0.039
-0.028
-0.025
-0.07
-0.039
-0.051
-0.079
-0.023
-0.03
-0.026
-0.144
0.012
-0.069
-0.08
-0.054
-0.089
-0.088
-0.021
-0.097
-0.014
-0.104
-0.162
0.01
-0.118
-0.098
-0.037
-0.012
-0.065
-0.113
-0.036
-0.038
-0.1
-0.081
-0.079
-0.038
-0.081
-0.114
-0.082
-0.013
-0.057
-0.129
-0.041
0.011
0.006
-0.097
-0.111
-0.089
-0.035
-0.094
-0.01
-0.073
-0.124
0.017
-0.089
-0.028
-0.041
-0.1
-0.08
-0.103
-0.062
-0.114
-0.101
-0.112
0.022
0.001
-0.155
-0.07
-0.1
-0.047
-0.13
-0.054
-0.051
0.055
-0.059
-0.073
0.007
-0.071
-0.072
-0.048
-0.022
-0.02
-0.015
-0.046
-0.096
-0.052
-0.101
-0.046
-0.063
-0.114
-0.042
-0.055
-0.031
-0.05
0.012
-0.071
-0.057
-0.068
-0.068
-0.077
-0.076
-0.041
0.031
-0.043
-0.047
0.011
-0.107
-0.06
-0.057
-0.112
-0.015
-0.053
-0.132
-0.126
0.022
-0.054
-0.044
-0.038
-0.089
-0.138
-0.008
-0.038
-0.015
-0.107
-0.105
-0.034
-0.07
-0.092
0.021
-0.017
-0.03
-0.088
0.002
0.027
-0.05
0.011
-0.075
-0.029
-0.036
-0.025
-0.047
-0.087
-0.064
-0.083
-0.06
-0.056
-0.122
-0.113
-0.073
-0.004
-0.111
-0.086
-0.069
0.007
-0.104
-0.107
0.01
-0.06
-0.068
-0.051
-0.052
-0.086
-0.062
-0.047
-0.11
-0.083
-0.074
-0.064
0.0
-0.059
-0.019
-0.052
-0.01
-0.012
-0.025
-0.002
-0.064
-0.023
-0.08
-0.028
-0.056
-0.039
-0.094
-0.119
-0.044
-0.064
-0.055
-0.012
-0.093
0.018
-0.121
-0.003
-0.068
0.002
-0.029
-0.044
-0.076
-0.048
-0.024
-0.005
-0.066
-0.048
-0.023
-0.122
-0.119
-0.027
-0.05
-0.058
-0.117
-0.052
-0.108
-0.02
-0.014
-0.096
-0.074
-0.099
-0.024
-0.085
-0.116
-0.032
-0.028
-0.115
-0.038
-0.071
-0.056
-0.061
-0.06
-0.116
-0.073
-0.008
-0.116
0.005
-0.048
-0.08
0.001
-0.073
-0.058
-0.11
-0.081
-0.057
0.011
-0.076
-0.059
-0.067
0.018
-0.055
0.025
-0.12
-0.121
0.011
-0.096
-0.06
-0.066
-0.094
-0.07
-0.148
-0.144
-0.076
-0.063
-0.011
-0.122
-0.056
-0.058
-0.072
-0.029
-0.015
-0.034
-0.085
-0.032
-0.012
-0.098
-0.096
-0.141
-0.1
-0.052
-0.039
-0.054
-0.052
-0.026
-0.032
-0.069
-0.027
-0.086
-0.052
0.001
-0.063
-0.033
-0.076
-0.019
-0.031
-0.083
-0.046
-0.021
-0.075
-0.083
-0.103
-0.058
-0.11
-0.123
-0.099
-0.028
-0.095
-0.045
-0.085
-0.105
-0.082
-0.094
-0.066
-0.042
-0.089
-0.039
-0.012
-0.022
0.023
-0.002
-0.059
-0.043
0.016
-0.038
0.002
-0.084
-0.026
-0.022
-0.048
-0.054
-0.089
-0.062
-0.038
-0.034
-0.068
-0.105
-0.074
-0.064
-0.036
-0.02
-0.039
-0.054
-0.049
-0.039
-0.015
-0.034
0.026
-0.072
-0.085
-0.086
-0.111
-0.032
-0.146
-0.061
-0.045
0.042
-0.058
-0.069
-0.049
-0.12
-0.014
-0.058
-0.045
-0.023
-0.002
-0.107
0.062
-0.055
-0.001
-0.076
0.016
0.002
-0.05
-0.043
-0.04
0.046
-0.074
-0.126
0.013
-0.042
-0.032
-0.013
-0.051
-0.095
-0.048
-0.085
-0.04
0.026
-0.001
0.011
-0.039
-0.127
-0.039
-0.098
-0.069
-0.045
0.014
-0.049
-0.07
-0.089
-0.041
-0.124
-0.034
-0.076
-0.072
-0.052
0.081
-0.015
-0.027
-0.041
-0.017
-0.072
-0.102
-0.04
-0.033
-0.096
-0.025
-0.036
-0.021
-0.068
-0.034
-0.088
0.001
-0.019
-0.099
-0.022
-0.11
-0.107
-0.078
-0.035
-0.029
-0.176
-0.026
-0.083
-0.101
-0.076
-0.061
-0.101
-0.081
-0.07
-0.135
-0.101
-0.105
-0.026
-0.09
-0.059
0.009
-0.032
-0.068
0.003
-0.07
-0.106
0.009
-0.042
-0.022
-0.013
0.01
-0.068
-0.016
0.05
-0.072
-0.06
0.029
-0.111
-0.161
-0.071
-0.027
-0.052
0.005
-0.068
0.018
-0.075
-0.085
-0.076
-0.108
0.073
-0.037
-0.086
-0.021
-0.04
-0.063
-0.026
-0.051
-0.1
-0.1
0.004
0.049
-0.069
-0.053
-0.062
-0.077
-0.016
-0.064
-0.097
-0.119
-0.115
-0.155
-0.005
-0.091
-0.077
-0.046
-0.07
-0.013
-0.104
0.026
-0.129
-0.082
0.008
-0.093
-0.076
0.002
-0.144
-0.09
-0.134
-0.002
-0.067
-0.033
-0.002
-0.065
0.02
-0.069
-0.071
-0.007
-0.072
-0.075
-0.123
-0.021
-0.042
-0.037
-0.023
-0.116
-0.055
-0.103
-0.054
-0.04
-0.092
0.039
0.007
-0.06
-0.111
-0.009
0.056
-0.054
-0.06
-0.095
-0.043
-0.115
-0.079
-0.115
-0.095
-0.015
-0.02
-0.087
-0.015
0.004
-0.082
-0.024
0.023
-0.047
-0.049
-0.047
-0.002
-0.108
0.017
0.009
-0.082
-0.038
-0.03
-0.072
0.0
0.02
-0.058
-0.084
-0.079
-0.108
-0.007
0.012
-0.11
0.001
-0.09
-0.151
-0.051
-0.042
-0.041
-0.061
-0.084
-0.012
-0.064
-0.131
0.0
-0.004
-0.094
-0.051
-0.043
-0.031
-0.003
-0.153
-0.049
-0.061
-0.037
-0.105
-0.065
-0.035
0.008
-0.135
-0.021
-0.11
-0.065
-0.06
-0.076
-0.111
-0.028
-0.082
-0.033
-0.079
0.099
-0.101
-0.093
-0.071
-0.005
-0.06
-0.103
-0.112
-0.089
-0.088
-0.071
-0.082
-0.088
-0.035
-0.014
-0.052
-0.117
-0.043
0.007
-0.123
-0.071
-0.121
-0.002
-0.064
-0.071
-0.034
0.024
-0.199
-0.138
-0.045
-0.053
-0.068
-0.009
-0.077
-0.018
-0.006
-0.055
-0.089
-0.078
-0.058
-0.054
-0.019
-0.05
-0.037
-0.111
-0.104
-0.023
-0.086
-0.088
-0.096
-0.09
0.032
0.01
-0.081
-0.027
-0.076
-0.067
-0.036
-0.075
-0.052
-0.125
-0.073
-0.017
-0.06
-0.018
-0.083
0.007
-0.097
-0.042
-0.098
0.002
-0.042
-0.036
-0.034
-0.091
-0.053
-0.044
-0.012
-0.066
-0.056
-0.088
-0.105
-0.097
0.005
-0.074
-0.112
-0.006
0.047
-0.011
-0.013
-0.049
-0.006
-0.018
-0.078
0.004
0.018
-0.05
-0.068
-0.054
-0.022
-0.044
-0.103
-0.064
-0.072
-0.057
-0.102
-0.016
-0.071
-0.118
-0.004
-0.054
-0.041
-0.044
-0.091
-0.072
-0.049
-0.118
-0.078
-0.002
-0.031
-0.043
-0.022
-0.097
-0.062
-0.01
-0.079
-0.037
-0.03
-0.046
-0.076
0.042
-0.123
0.037
-0.086
-0.049
-0.057
-0.073
-0.054
-0.112
-0.052
-0.045
-0.107
-0.1
-0.057
0.028
0.008
-0.093
-0.08
-0.097
-0.073
-0.094
0.008
-0.069
-0.054
-0.049
-0.073
-0.043
-0.061
-0.043
-0.141
-0.058
-0.048
0.005
-0.056
0.012
-0.056
-0.082
-0.084
0.04
-0.107
-0.04
-0.004
-0.114
-0.094
-0.051
0.022
-0.029
-0.074
-0.016
-0.021
-0.126
-0.013
-0.035
-0.118
-0.098
-0.011
-0.052
-0.091
-0.109
-0.025
-0.048
-0.102
-0.03
-0.044
-0.042
-0.043
-0.024
0.012
-0.026
-0.091
-0.007
-0.1
-0.023
-0.092
-0.073
-0.057
-0.063
-0.001
-0.045
-0.06
-0.066
-0.026
-0.039
-0.055
-0.064
-0.043
-0.076
-0.057
-0.108
-0.02
-0.06
-0.016
-0.083
0.047
-0.052
-0.054
-0.006
-0.068
-0.045
-0.06
-0.063
-0.015
-0.034
-0.071
-0.019
-0.079
0.004
-0.075
-0.063
-0.038
-0.02
-0.049
-0.04
-0.027
-0.017
0.008
0.014
-0.093
-0.125
-0.05
-0.06
-0.118
-0.095
-0.048
-0.056
-0.092
0.01
-0.09
-0.016
-0.097
-0.043
-0.055
-0.034
-0.024
-0.021
-0.115
-0.095
-0.109
-0.034
-0.115
-0.005
-0.024
-0.039
-0.067
-0.093
-0.085
-0.128
-0.037
-0.038
-0.011
-0.102
-0.039
-0.044
-0.074
-0.114
-0.121
-0.104
-0.095
-0.05
-0.018
-0.055
-0.102
-0.092
-0.091
-0.054
-0.127
-0.085
-0.029
-0.12
-0.102
-0.077
-0.045
-0.055
-0.081
-0.09
-0.149
-0.123
-0.093
-0.006
-0.062
0.003
-0.009
-0.063
0.0
-0.119
-0.026
-0.083
-0.008
-0.042
-0.027
-0.07
-0.102
-0.051