-0.08
-0.07
-0.049
-0.052
-0.03
-0.1
-0.103
0.013
-0.073
-0.064
-0.011
-0.025
-0.07
-0.063
-0.124
-0.14
-0.022
-0.069
-0.014
-0.053
-0.083
0.048
0.002
0.006
-0.037
0.034
-0.115
-0.045
-0.014
-0.057
-0.04
0.042
-0.076
0.062
-0.075
-0.082
-0.019
-0.034
-0.042
-0.004
-0.116
-0.036
0.056
0.008
-0.01
-0.009
-0.075
-0.065
-0.038
-0.048
-0.114
-0.029
-0.07
-0.047
-0.064
-0.044
-0.008
-0.066
-0.001
-0.068
0.014
-0.056
-0.085
-0.079
-0.095
-0.064
-0.084
-0.086
-0.028
0.009
-0.072
-0.051
-0.058
-0.07
-0.063
0.008
-0.091
0.015
-0.015
-0.021
-0.053
-0.097
-0.064
-0.145
0.006
-0.005
-0.047
-0.056
-0.06
-0.113
-0.011
-0.119
-0.059
-0.013
-0.04
-0.051
-0.055
-0.097
-0.065
-0.065
0.01
-0.039
-0.106
-0.051
0.013
-0.108
-0.118
-0.027
0.071
-0.125
-0.06
-0.02
-0.067
-0.055
-0.044
0.004
-0.066
-0.06
-0.06
-0.092
-0.008
-0.024
0.034
-0.036
-0.013
-0.11
-0.057
-0.057
-0.016
-0.031
-0.093
-0.074
-0.012
-0.078
-0.014
-0.075
-0.09
-0.036
0.015
-0.058
-0.081
-0.038
-0.051
-0.02
-0.02
-0.113
-0.083
-0.107
-0.066
-0.038
-0.028
-0.042
-0.025
-0.058
-0.052
-0.006
-0.044
-0.068
-0.078
-0.053
-0.07
-0.067
-0.059
-0.028
-0.066
-0.098
-0.097
-0.098
-0.039
-0.151
-0.014
-0.027
-0.033
-0.03
-0.07
-0.081
-0.031
-0.122
-0.078
-0.044
-0.014
-0.053
-0.054
-0.089
-0.011
-0.023
-0.094
0.048
-0.083
-0.004
0.029
-0.059
-0.048
-0.071
-0.077
-0.063
0.048
-0.115
-0.09
-0.083
-0.046
0.003
-0.065
-0.117
-0.037
0.005
-0.072
-0.048
-0.053
-0.104
-0.065
-0.017
-0.018
-0.086
-0.087
-0.005
-0.063
-0.047
-0.122
-0.034
-0.076
-0.03
-0.054
-0.051
-0.082
0.042
-0.057
-0.119
-0.072
-0.021
-0.015
-0.083
-0.056
-0.061
-0.067
-0.045
-0.049
-0.01
-0.104
-0.085
-0.076
-0.102
-0.018
-0.074
-0.01
-0.047
-0.114
-0.023
-0.063
-0.049
-0.107
-0.105
-0.04
-0.03
-0.07
0.029
-0.025
-0.095
0.006
-0.081
-0.005
-0.096
-0.02
-0.046
0.011
-0.085
-0.057
-0.083
0.017
-0.044
-0.044
-0.033
-0.12
-0.031
-0.074
-0.068
-0.094
-0.114
-0.091
-0.044
-0.037
-0.051
-0.078
-0.056
-0.039
-0.031
-0.164
-0.006
-0.095
-0.113
-0.014
-0.071
-0.023
-0.051
-0.063
-0.071
-0.073
-0.124
-0.05
-0.073
-0.056
-0.073
-0.005
-0.09
-0.063
-0.034
-0.035
-0.157
-0.012
-0.062
-0.019
-0.062
-0.051
-0.088
-0.007
-0.02
-0.07
-0.051
-0.068
-0.078
-0.083
-0.028
-0.075
0.021
-0.108
-0.035
-0.091
-0.044
-0.074
0.001
-0.009
-0.128
-0.062
-0.075
-0.018
-0.031
-0.015
-0.03
-0.047
-0.112
-0.06
-0.112
-0.056
-0.041
-0.143
-0.064
-0.06
-0.058
0.04
-0.047
-0.062
0.0
-0.083
0.002
-0.055
-0.121
-0.01
-0.026
-0.032
0.043
0.009
-0.045
-0.039
-0.094
-0.031
-0.048
-0.036
-0.068
-0.122
-0.053
-0.042
-0.034
-0.043
-0.035
-0.072
-0.101
0.002
-0.054
-0.051
-0.116
-0.048
-0.05
-0.068
-0.059
-0.069
-0.007
0.014
-0.086
-0.052
-0.084
0.006
-0.06
-0.007
-0.125
-0.052
-0.039
-0.036
-0.078
-0.046
-0.03
0.037
-0.091
-0.11
-0.075
-0.078
-0.06
-0.091
-0.043
-0.001
-0.028
-0.022
-0.007
-0.053
-0.057
-0.1
-0.086
-0.053
-0.09
-0.043
-0.129
-0.08
-0.065
-0.075
0.036
-0.06
-0.031
-0.069
-0.048
0.024
-0.115
-0.006
-0.09
-0.152
-0.093
0.006
-0.027
-0.069
0.046
-0.021
-0.075
-0.056
-0.069
-0.078
-0.021
-0.071
-0.051
-0.083
-0.114
-0.049
-0.058
-0.047
-0.038
-0.016
-0.007
-0.064
-0.067
-0.044
-0.07
-0.018
-0.075
-0.038
-0.013
-0.084
0.002
-0.061
-0.061
-0.126
-0.117
-0.045
-0.029
-0.069
-0.07
-0.063
-0.011
-0.032
-0.037
0.023
-0.076
-0.037
-0.108
-0.055
-0.032
-0.062
-0.044
0.023
-0.02
0.014
-0.044
-0.089
-0.045
0.024
-0.001
0.012
-0.148
-0.076
-0.046
-0.05
-0.05
-0.079
-0.02
-0.038
-0.036
-0.003
0.009
-0.091
-0.052
-0.021
-0.043
-0.009
-0.017
-0.065
-0.079
-0.085
-0.11
-0.109
-0.071
-0.118
-0.108
-0.077
-0.064
0.003
0.005
-0.078
-0.106
-0.12
-0.071
-0.025
-0.037
-0.008
-0.088
-0.093
-0.123
-0.034
-0.06
-0.085
-0.138
-0.049
0.001
-0.092
-0.053
-0.025
-0.066
-0.097
-0.119
-0.043
-0.106
-0.015
-0.09
-0.065
-0.094
-0.033
0.004
-0.054
-0.038
-0.004
-0.061
-0.043
0.025
-0.076
-0.082
-0.088
-0.056
0.002
-0.067
-0.041
-0.007
-0.001
-0.071
-0.049
0.075
-0.066
-0.111
-0.137
-0.022
-0.023
-0.04
-0.053
0.037
-0.049
0.014
-0.073
-0.054
-0.033
-0.044
0.015
0.036
-0.044
-0.068
-0.005
-0.027
-0.034
-0.183
-0.069
-0.134
-0.009
-0.086
-0.042
-0.11
-0.072
-0.058
-0.068
-0.004
-0.122
-0.063
-0.061
-0.146
-0.109
-0.052
0.021
-0.073
-0.014
-0.08
0.007
-0.14
-0.025
-0.057
-0.05
-0.048
0.017
-0.012
-0.051
-0.049
-0.13
-0.032
-0.034
-0.063
-0.092
-0.056
-0.065
-0.101
-0.093
-0.051
-0.054
-0.11
-0.124
0.047
-0.034
-0.046
-0.025
0.006
-0.032
-0.014
-0.092
-0.051
-0.062
-0.062
-0.019
-0.049
-0.02
0.019
0.022
-0.035
-0.086
-0.025
-0.049
-0.037
-0.06
-0.056
-0.07
-0.065
-0.044
-0.002
-0.119
-0.036
0.023
-0.035
-0.061
-0.075
-0.086
-0.057
-0.115
-0.047
-0.053
-0.007
-0.049
-0.059
-0.062
-0.012
-0.095
-0.103
-0.037
0.006
-0.071
-0.091
-0.07
-0.097
-0.154
-0.019
-0.013
-0.029
-0.057
-0.043
0.001
-0.084
0.0
-0.044
-0.061
-0.018
-0.028
-0.043
-0.069
-0.038
-0.03
-0.105
-0.048
-0.017
-0.051
-0.097
-0.016
-0.073
-0.031
-0.018
-0.059
0.021
0.003
-0.025
0.005
-0.023
-0.049
-0.026
-0.042
-0.073
-0.023
-0.09
-0.085
-0.066
-0.079
-0.123
-0.028
-0.036
-0.163
-0.035
-0.035
-0.059
0.006
-0.079
-0.037
-0.033
-0.068
-0.066
-0.04
-0.029
-0.029
-0.052
-0.1
-0.085
-0.031
-0.115
-0.074
-0.033
-0.02
-0.111
-0.058
-0.067
-0.067
-0.032
-0.005
-0.061
-0.051
-0.082
-0.022
-0.109
-0.067
-0.063
-0.117
-0.059
-0.111
0.004
-0.086
-0.066
-0.145
-0.061
-0.039
-0.02
-0.135
-0.055
-0.035
-0.094
-0.114
-0.008
-0.06
0.001
-0.072
-0.076
0.009
-0.067
-0.061
-0.082
-0.064
0.019
-0.08
-0.112
-0.009
-0.025
-0.094
-0.027
-0.063
-0.024
0.028
-0.006
-0.025
-0.132
-0.048
-0.056
0.006
-0.012
-0.107
-0.001
-0.045
-0.091
-0.055
-0.098
-0.062
-0.089
-0.059
-0.057
-0.109
-0.132
-0.065
-0.149
-0.067
-0.028
-0.04
-0.043
-0.001
0.005
-0.04
-0.035
-0.053
-0.065
-0.057
-0.066
-0.066
-0.109
-0.026
-0.008
-0.038
-0.086
-0.004
0.002
-0.056
-0.067
-0.029
-0.034
-0.102
-0.01
-0.096
-0.049
0.006
-0.051
-0.018
-0.07
-0.091
-0.044
-0.091
-0.017
-0.113
-0.068
-0.113
-0.018
-0.026
-0.082
-0.069
-0.17
0.03
-0.116
-0.089
-0.08
-0.016
-0.071
-0.015
-0.052
-0.061
-0.06
0.044
-0.047
-0.077
0.011
-0.047
-0.009
-0.063
-0.04
-0.091
-0.044
-0.019
-0.095
-0.004
-0.088
-0.022
-0.118
-0.131
-0.086
-0.038
-0.022
-0.166
0.004
-0.041
-0.085
-0.088
-0.048
-0.121
-0.089
-0.012
-0.092
-0.054
-0.134
-0.097
-0.111
-0.03
-0.034
-0.034
-0.101
-0.047
-0.061
-0.009
-0.071
-0.035
-0.043
0.034
-0.095
-0.026
-0.109
-0.079
-0.114
-0.074
-0.05
-0.076
0.007
-0.068
-0.1
-0.062
-0.062
-0.12
-0.033
-0.039
-0.12
-0.021
0.077
0.012
-0.14
-0.006
-0.125
-0.085
-0.058
-0.105
-0.086
-0.045
-0.042
-0.006
-0.108
-0.04
-0.057
-0.043
-0.02
-0.031
-0.083
-0.08
-0.086
-0.086
-0.15
-0.034
-0.06
-0.098
-0.066
-0.061
-0.077
-0.057
0.001
-0.092
-0.091
-0.103
-0.124
-0.072
-0.071
-0.101
-0.112
0.012
-0.051
-0.085
-0.086
0.013
-0.059
0.037
-0.041
-0.022
-0.111
-0.082
-0.032
-0.113
-0.059
-0.053
-0.033
0.036
-0.084
-0.063
-0.05
-0.076
-0.089
-0.015
0.004
-0.011
-0.076
-0.02
-0.032
0.018
-0.035
-0.049
-0.073
-0.06
-0.056
-0.037
-0.015
-0.038
-0.037
-0.104
-0.069
-0.117
-0.012
-0.102
-0.086
-0.107
0.015
-0.086
-0.075
-0.107
-0.003
-0.004
-0.061
-0.069
-0.068
-0.034
-0.023
-0.05
-0.049
-0.041
0.014
-0.087
-0.053
-0.015
-0.11
-0.077
0.008
0.007
0.005
-0.037
-0.112
-0.007
-0.053
-0.083
-0.045
-0.136
-0.013
-0.034
-0.01
0.009
-0.048
-0.023
-0.091
-0.026
-0.134
-0.047
-0.051
-0.154
-0.067
0.01
-0.077
-0.061
-0.055
-0.058
-0.078
-0.106
-0.033
-0.072
-0.092
-0.051
-0.055
-0.013
-0.029
-0.011
-0.112
-0.054
-0.057
-0.086
-0.117
-0.07
-0.056
-0.037
-0.035
-0.094
-0.122
-0.142
-0.024
-0.066
-0.063
-0.089
-0.013
-0.061
-0.08
-0.08
-0.034
-0.017
-0.042
-0.049
-0.047
-0.055
-0.067
-0.06
-0.09
-0.048
-0.097
-0.026
0.047
0.034
-0.039
-0.07
-0.056
-0.027
-0.034
-0.027
-0.064
0.038
0.004
-0.054
-0.079
-0.05
-0.124
-0.065
-0.05
-0.064
-0.046
-0.121
-0.117
-0.041
-0.151
-0.068
-0.075
-0.107
-0.028
-0.02
-0.078
-0.03
0.02
-0.009
-0.062
-0.037
-0.012
-0.075
-0.062
-0.106
-0.063
0.054
-0.074
-0.072
-0.071
-0.077
-0.046
-0.071
-0.073
-0.045
-0.018
-0.093
-0.081
-0.076
-0.108
-0.118
-0.036
-0.061
-0.014
-0.088
-0.044
-0.068
-0.031
-0.107
-0.037
-0.061
-0.081
-0.152
-0.064
-0.08
-0.098
-0.067
-0.007
-0.082
-0.058
-0.072
-0.032
-0.031
-0.093
-0.021
0.03
-0.017
-0.107
-0.081
-0.091
-0.085
-0.047
-0.036
-0.053
-0.04
-0.095
-0.018
-0.072
-0.115
-0.107
-0.041
-0.012
0.023
-0.004
-0.001
-0.032
-0.038
-0.087
-0.084
0.002
-0.079
-0.008
0.019
-0.091
-0.059
-0.061
-0.039
-0.135
-0.03
-0.03
-0.049
-0.051
-0.091
-0.047
-0.039
-0.088
-0.073
-0.05
-0.061
-0.055
-0.157
-0.046
-0.094
-0.053
-0.083
-0.05
-0.042
-0.006
-0.06
-0.052
-0.023
-0.072
-0.029
-0.134
-0.152
-0.064
-0.063
-0.098
-0.09
0.02
-0.051
-0.058
-0.14
-0.007
-0.065
-0.075
-0.064
-0.028
-0.048
-0.025
-0.136
-0.011
-0.056
-0.076
-0.012
-0.039
-0.071
-0.03
-0.077
-0.062
-0.09
-0.068
-0.039
-0.035
-0.064
-0.062
-0.052
-0.026
-0.039
-0.118
-0.096
-0.104
-0.021
-0.07
-0.023
-0.045
-0.07
-0.07
-0.09
-0.016
-0.095
-0.083
-0.027
-0.067
-0.037
-0.062
-0.059
-0.017
-0.021
-0.056
0.009
-0.074
-0.122
-0.035
-0.001
-0.075
-0.118
-0.072
-0.001
0.007
0.007
0.062
-0.038
-0.086
-0.064
-0.042
-0.059
-0.017
-0.052
-0.039
0.039
0.001
-0.034
-0.093
-0.02
-0.069
-0.063
-0.03
-0.036
-0.072
-0.046
-0.131
-0.079
-0.024
-0.076
-0.063
-0.077
-0.04
-0.087
-0.053
-0.036
-0.09
-0.09
-0.035
-0.051
-0.067
-0.009
-0.066
-0.08
-0.056
-0.023
0.004
-0.05
-0.048
-0.124
-0.013
-0.094
-0.115
-0.099
-0.051
-0.021
-0.073
0.003
-0.1
-0.104
-0.074
-0.16
-0.052
-0.058
-0.144
-0.023
-0.063
-0.123
0.001
0.002
-0.068
-0.008
-0.125
-0.066
-0.123
-0.082
-0.113
-0.061
0.047
-0.044
-0.055
-0.058
0.054
-0.056
0.044
-0.079
-0.061
-0.134
-0.073
-0.09
-0.058
-0.029
-0.128
-0.082
-0.066
-0.011
-0.056
-0.076
-0.038
0.006
-0.017
-0.093
0.019
0.014
-0.078
-0.061
-0.058
-0.096
-0.047
-0.05
-0.073
-0.017
-0.028
-0.084
-0.05
-0.094
-0.053
-0.006
-0.027
-0.086
-0.045
-0.052
-0.09
-0.029
0.006
-0.012
-0.042
-0.124
-0.022
-0.072
-0.008
-0.058
-0.004
-0.144
-0.025
-0.045
-0.015
-0.06
-0.068
-0.137
-0.051
-0.025
-0.056
-0.055
-0.02
-0.112
-0.084
-0.054
-0.007
-0.061
-0.043
-0.054
-0.068
-0.068
-0.044
-0.077
-0.054
-0.076
-0.063
-0.111
-0.119
-0.025
-0.093
-0.082
-0.026
-0.012
0.0
-0.087
-0.053
-0.151
0.0
-0.067
-0.053
-0.043
-0.061
-0.1
-0.059
-0.007
-0.012
-0.087
-0.024
-0.105
-0.087
-0.01
-0.054
-0.082
0.003
-0.069
-0.107
-0.008
0.003
-0.078
-0.08
-0.005
-0.13
0.045
-0.071
-0.006
-0.044
-0.027
-0.064
-0.148
-0.038
-0.033
-0.08
-0.114
-0.043
-0.11
-0.088
0.009
-0.047
-0.064
-0.083
-0.111
-0.014
-0.095
0.018
-0.109
-0.044
-0.041
-0.038
-0.078
-0.109
-0.068
-0.06
-0.004
-0.047
0.03
-0.125
-0.018
0.024
-0.103
-0.035
-0.104
0.013
-0.022
-0.081
-0.05
-0.102
-0.145
-0.046
-0.086
-0.124
-0.054
-0.015
-0.057
-0.023
-0.042
-0.098
-0.077
-0.079
0.023
-0.095
-0.018
-0.125
0.0
-0.02
-0.073
-0.048
-0.012
-0.065
-0.073
-0.096
-0.047
-0.023
-0.026
-0.062
-0.026
-0.026
0.074
-0.112
-0.032
-0.061
-0.026
-0.092
-0.064
-0.017
-0.05
-0.015
0.031
0.023
-0.079
-0.05
-0.018
0.026
-0.061
0.004
-0.041
0.003
-0.045
0.002
-0.09
0.026
-0.15
0.035
-0.002
-0.098
-0.045
-0.116
-0.058
0.016
-0.07
-0.127
-0.11
-0.071
-0.016
-0.139
-0.077
-0.075
-0.073
0.011
-0.02
-0.093
-0.12
-0.052
-0.084
-0.072
-0.082
-0.045
-0.065
-0.101
0.039
0.031
-0.027
-0.091
-0.121
-0.04
-0.093
-0.059
-0.058
-0.017
-0.079
-0.046
-0.099
-0.021
-0.074
-0.06
-0.047
-0.045
-0.004
-0.02
0.018
-0.071
0.03
-0.129
-0.031
-0.143
0.031
-0.056
-0.096
-0.026
-0.009
0.021
-0.074
-0.052
-0.073
-0.062
-0.036
-0.056
-0.207
-0.05
-0.073
-0.091
-0.009
-0.04
-0.097
-0.027
-0.106
-0.08
-0.086
-0.066
-0.079
-0.015
-0.035
-0.054
-0.026
-0.063
-0.058
-0.202
-0.015
-0.097
-0.037
-0.104
0.014
0.027
-0.104
-0.075
-0.096
-0.061
-0.114
-0.098
-0.082
-0.045
-0.09
-0.097
-0.125
-0.064
-0.013
-0.114
-0.009
-0.019
-0.076
-0.108
-0.038
-0.057
0.001
0.004
-0.029
-0.088
-0.079
-0.126
-0.035
-0.117
-0.027
-0.014
-0.044
-0.08
-0.081
-0.061
-0.038
0.001
-0.036
-0.013
0.046
-0.086
0.0
-0.168
0.009
-0.044
-0.097
-0.051
-0.025
-0.027
-0.014
-0.013
-0.033
-0.064
0.026
-0.082
-0.065
-0.049
-0.174
-0.079
-0.039
-0.141
-0.133
-0.097
-0.131
-0.064
-0.07
-0.085
-0.016
-0.025
-0.059
-0.055
-0.157
-0.081
-0.032
-0.114
-0.105
-0.068
-0.068
-0.096
-0.053
-0.013
-0.077
-0.016
-0.148
-0.074
-0.114
-0.022
-0.071
-0.105
-0.06
-0.016
-0.101
-0.067
-0.048
-0.008
-0.076
-0.063
0.018
-0.004
-0.112
-0.074
-0.075
-0.117
-0.056
-0.026
-0.066
-0.013
-0.037
0.022
-0.022
-0.002
-0.013
-0.027
-0.113
-0.087
0.011
0.004
-0.014
-0.04
-0.128
-0.064
-0.018
-0.053
-0.006
-0.068
-0.15
-0.024
-0.077
-0.144
0.015
-0.064
-0.114
-0.053
0.022
-0.076
-0.083
-0.021
-0.025
-0.056
-0.038
-0.067
-0.101
0.07
-0.071
-0.077
-0.071
-0.024
-0.133
-0.069
-0.025
-0.038
-0.11
-0.097
-0.064
-0.037
-0.048
-0.017
-0.09
-0.11
-0.087
-0.081
-0.005
-0.086
0.002
-0.098
-0.061
-0.066
-0.069
-0.037
-0.124
-0.077
-0.077
-0.043
-0.077
-0.039
-0.064
-0.064
-0.107
-0.092
-0.044
-0.114
-0.039
-0.127
0.02
-0.029
-0.058
0.009
-0.046
-0.116
-0.076
-0.12
0.034
-0.097
-0.054
-0.062
-0.111
-0.028
-0.056
-0.034
-0.118
0.007
-0.05
-0.048
-0.014
-0.079
-0.055
-0.118
-0.099
-0.085
-0.019
-0.099
-0.021
-0.029
-0.128
-0.119
-0.066
-0.088
-0.052
-0.014
-0.056
0.01
-0.141
0.007
-0.037
-0.032
-0.146
-0.065
-0.097
-0.095
-0.067
-0.011
0.013
-0.012
-0.043
-0.015
-0.023
-0.084
-0.075
-0.101
-0.053
0.019
-0.093
-0.065
-0.054
-0.021
-0.045
-0.04
-0.067
-0.041
0.018
-0.131
-0.083
-0.095
-0.079
-0.022
-0.048
-0.03
-0.084
-0.09
-0.133
-0.048
-0.153
-0.008
-0.06
-0.098
-0.049
-0.027
-0.055
-0.078
-0.07
-0.121
-0.08
-0.004
-0.023
-0.058
-0.074
-0.04
-0.031
-0.076
-0.086
-0.123
-0.034
-0.035
-0.066
0.008
-0.096
-0.097
0.027
-0.047
-0.139
-0.026
-0.04
-0.006
-0.075
-0.126
-0.013
-0.052
-0.131
-0.008
-0.035
0.005
-0.025
-0.047
-0.127
-0.007
-0.035
-0.009
-0.115
-0.018
-0.075
0.001
-0.102
-0.014
0.038
-0.144
-0.045
-0.057
-0.128
-0.123
-0.04
-0.035
-0.021
-0.091
-0.063
-0.053
-0.074
-0.05
-0.082
-0.066
-0.043
-0.068
0.038
-0.055
-0.106
-0.026
-0.131
-0.099
-0.045
-0.122
-0.046
-0.03
-0.003
0.001
-0.044
-0.081
0.009
-0.027
-0.057
-0.074
-0.066
-0.059
-0.07
-0.015
-0.021
-0.073
-0.014
-0.052
-0.08
-0.097
-0.061
-0.004
-0.024
-0.03
-0.1
-0.095
-0.068
-0.035
-0.045
-0.071
-0.104
-0.033
-0.112
-0.03
-0.054
-0.079
-0.028
-0.04
-0.035
-0.125
-0.111
-0.091
0.03
-0.036
-0.059
-0.025
-0.094
-0.063
-0.02
-0.095
0.003
0.017
0.014
-0.023
0.009
-0.082
-0.07
-0.053
-0.052
-0.07
-0.092
-0.067
-0.013
-0.157
-0.103
-0.073
-0.067
-0.036
-0.026
-0.062
-0.054
-0.099
-0.011
-0.009
-0.106
-0.046
0.005
0.027
-0.093
-0.062
0.006
-0.117
-0.091
0.01
-0.068
-0.027
-0.018
-0.05
-0.047
-0.027
-0.075
-0.029
-0.058
0.015
-0.032
-0.031
-0.101
-0.076
-0.071
-0.06
-0.103
-0.05
-0.114
-0.084
-0.102
-0.017
-0.033
-0.165
-0.049
-0.009
0.01
-0.097
-0.099
-0.067
-0.08
-0.033
-0.024
-0.014
-0.029
-0.056
-0.098
0.0
-0.047
-0.052
-0.085
-0.073
-0.084
-0.053
-0.102
-0.051
-0.035
-0.017
-0.022
-0.103
-0.082
0.009
-0.121
-0.018
0.009
-0.016
-0.013
-0.093
-0.017
-0.091
-0.03
-0.053
-0.119
-0.069
-0.075
-0.045
-0.011
-0.091
-0.099
-0.061
-0.084
-0.067
-0.066
-0.008
-0.111
-0.07
0.019
-0.074
-0.093
-0.067
-0.059
0.03
0.013
-0.064
-0.019
-0.089
-0.033
-0.029
-0.108
-0.096
-0.05
-0.061
-0.059
-0.049
0.007
-0.023
-0.055
-0.082
-0.033
-0.036
-0.042
0.045
-0.141
-0.014
-0.011
-0.051
0.015
-0.075
-0.094
-0.096
-0.066
0.024
-0.058
-0.086
0.028
-0.064
-0.085
-0.027
-0.088
-0.073
-0.037
-0.061
-0.084
-0.067
0.009
-0.03
-0.047
-0.022
-0.044
-0.146
-0.09
-0.061
-0.054
-0.033
-0.048
-0.032
0.004
-0.065
-0.086
-0.122
-0.045
-0.079
-0.017
-0.034
-0.067
-0.023
-0.02
-0.057
-0.062
-0.007
-0.098
-0.051
-0.096
-0.063
-0.047
-0.124
-0.049
-0.071
-0.064
-0.035
-0.165
-0.042
-0.019
-0.029
-0.097
-0.016
-0.072
-0.06
-0.086
-0.036
-0.06
-0.11
-0.125
-0.05
-0.109
-0.054
-0.119
-0.022
-0.044
-0.03
-0.126
-0.07
-0.091
-0.104
-0.065
0.026
-0.145
-0.025
-0.008
-0.049
-0.058
-0.075
-0.102
-0.028
-0.046
-0.094
-0.001
-0.049
-0.114
-0.074
-0.052
-0.094
0.001
-0.027
-0.059
-0.108
-0.161
-0.04
-0.112
-0.032
-0.034
-0.086
-0.002
-0.053
-0.059
-0.074
-0.036
-0.107
-0.073
0.0
0.025
-0.032
-0.078
-0.058
-0.091
-0.136
-0.103
-0.077
0.002
-0.09
-0.05
-0.071
-0.007
-0.039
-0.041
-0.101
-0.079
-0.03
-0.024
0.018
-0.035
-0.044
0.005
-0.049
-0.098
-0.09
-0.049
-0.053
-0.084
-0.013
-0.07
0.033
-0.041
-0.003
-0.073
-0.102
-0.044
-0.051
-0.006
-0.05
0.03
0.009
-0.045
-0.048
-0.06
-0.037
-0.135
-0.113
-0.008
-0.053
-0.068
-0.086
-0.086
0.005
0.036
-0.1
-0.089
0.063
0.011
-0.032
-0.007
-0.007
-0.078
-0.04
-0.075
-0.092
0.009
-0.088
-0.088
-0.076
-0.042
-0.043
-0.029
-0.001
-0.087
-0.151
-0.036
-0.068
-0.063
-0.012
-0.115
-0.09
-0.067
-0.024
-0.034
-0.074
-0.039
-0.066
-0.07
-0.007
-0.095
-0.046
-0.068
-0.096
-0.045
-0.055
-0.014
-0.129
-0.114
-0.034
-0.016
-0.04
-0.059
-0.062
-0.089
-0.039
-0.016
-0.097
-0.065
-0.038
-0.147
-0.064
-0.044
-0.058
-0.04
-0.046
-0.029
0.034
-0.077
-0.035
-0.017
-0.069
-0.079
-0.063
-0.098
-0.059
-0.092
-0.074
-0.084
-0.12
0.003
-0.044
-0.076
-0.052
-0.037
0.019
-0.023
-0.086
-0.011
-0.049
-0.049
-0.031
-0.103
-0.059
-0.096
-0.067
-0.067
-0.079
-0.092
-0.07
-0.091
-0.105
-0.142
-0.082
-0.08
-0.055
-0.013
-0.149
-0.054
-0.023
-0.103
-0.113
-0.025
-0.048
0.015
-0.038
0.014
-0.056
-0.042
-0.082
0.007
-0.042
-0.066
-0.071
0.007
-0.059
-0.088
-0.05
-0.059
-0.12
-0.101
-0.094
-0.057
-0.095
0.004
-0.021
-0.064
-0.055
-0.148
0.021
-0.034
-0.008
-0.073
-0.038
-0.008
-0.013
-0.078
-0.01
-0.093
-0.002
-0.104
-0.081
-0.079
0.009
-0.105
-0.041
-0.038
-0.064
-0.012
-0.027
-0.064
-0.053
-0.086
-0.092
-0.055
0.01
-0.043
0.014
-0.068
-0.029
-0.047
-0.032
-0.027
0.016
-0.052
0.017
-0.094
-0.076
-0.104
-0.028
0.005
0.002
-0.071
-0.042
-0.031
-0.066
-0.05
-0.13
0.005
-0.021
-0.031
-0.101
-0.031
-0.057
-0.059
-0.03
0.035
-0.079
-0.114
-0.026
-0.062
-0.013
-0.063
-0.103
-0.078
-0.044
-0.066
-0.024
-0.081
-0.072
-0.088
0.015
-0.095
-0.092
-0.067
-0.049
-0.056
-0.024
-0.042
-0.104
-0.048
-0.063
-0.04
0.001
-0.042
0.003
-0.037
-0.03
-0.048
-0.042
-0.019
-0.063
-0.004
-0.06
-0.089
-0.056
-0.027
-0.021
-0.126
-0.152
-0.093
-0.086
-0.062
0.015
-0.055
-0.006
-0.088
-0.042
-0.121
-0.067
-0.061
0.0
-0.037
-0.068
-0.048
-0.016
-0.073
-0.084
-0.118
-0.035
-0.134
-0.051
-0.014
-0.025
-0.118
-0.075
-0.084
-0.075
-0.033
-0.029
-0.077
-0.125
-0.072
0.014
0.0
0.018
-0.081
-0.099
-0.068
0.011
-0.012
0.009
-0.01
-0.141
0.032
-0.039
-0.104
0.017
-0.082
-0.009
-0.031
-0.011
0.024
-0.118
-0.058
-0.038
-0.021
-0.089
-0.063
-0.065
-0.085
-0.04
-0.023
-0.061
-0.055
-0.091
-0.088
-0.069
-0.045
0.02
-0.033
0.032
-0.027
-0.045
-0.008
0.016
-0.024
-0.049
-0.166
-0.078
-0.03
-0.12
-0.029
-0.049
0.002
-0.114
-0.086
-0.002
-0.039
0.041
-0.036
-0.012
-0.106
-0.089
-0.017
-0.071
-0.032
0.011
-0.004
-0.062
-0.152
-0.058
-0.062
0.011
-0.108
-0.077
-0.023
-0.004
0.027
0.035
-0.046
-0.062
-0.079
-0.053
-0.142
-0.034
-0.076
-0.068
-0.111
-0.094
0.026
-0.044
-0.085
-0.046
-0.037
-0.065
-0.071
-0.075
-0.128
-0.062
-0.096
-0.13
-0.003
-0.059
0.028
-0.106
-0.083
-0.034
-0.075
-0.075
-0.079
-0.079
-0.098
-0.069
-0.076
-0.034
-0.013
-0.102
-0.003
-0.046
-0.087
-0.095
-0.053
-0.084
-0.113
-0.104
0.009
-0.055
-0.064
-0.13
-0.084
0.001
-0.056
-0.055
-0.041
-0.054
-0.078
-0.031
-0.101
-0.129
-0.038
-0.033
-0.098
-0.014
-0.025
-0.06
-0.041
-0.118
-0.002
-0.059
-0.113
-0.037
-0.1
-0.05
-0.065
-0.061
-0.081
-0.042
-0.075
0.016
-0.031
-0.064
-0.076
-0.004
-0.1
-0.086
-0.044
0.0
-0.006
-0.155
-0.089
-0.065
-0.022
-0.157
-0.105
-0.042
-0.057
0.004
-0.046
-0.124
-0.068
-0.066
-0.057
-0.057
-0.113
-0.096
-0.15
-0.023
-0.047
-0.005
-0.047
-0.064
-0.021
-0.083
-0.067
-0.12
-0.079
-0.009
-0.06
-0.062
0.034
-0.045
-0.004
-0.014
-0.032
-0.035
-0.076
-0.057
0.021
-0.093
0.007
-0.083
-0.013
-0.05
-0.019
-0.033
-0.01
-0.004
-0.079
-0.022
-0.056
-0.037
-0.056
0.003
-0.06
0.018
-0.045
-0.059
-0.039
-0.042
-0.089
-0.034
-0.032
-0.067
-0.134
-0.067
-0.091
-0.137
-0.039
-0.064
-0.034
-0.108
-0.083
-0.021
-0.033
-0.07
0.014
-0.085
-0.026
-0.055
-0.137
-0.031
-0.035
-0.058
-0.056
-0.134
-0.035
-0.099
-0.134
-0.045
-0.076
-0.028
-0.06
-0.085
-0.075
-0.107
-0.044
-0.118
-0.06
-0.043
-0.093
-0.088
-0.013
-0.082
-0.085
-0.022
-0.017
-0.029
-0.039
-0.113
-0.065
-0.068
-0.069
-0.059
-0.033
-0.065
0.026
-0.049
-0.022
-0.044
-0.123
-0.038
-0.099
-0.126
0.052
-0.09
-0.05
-0.007
-0.068
-0.069
-0.03
0.012
-0.059
-0.113
-0.066
-0.034
-0.02
-0.038
-0.037
-0.074
-0.051
-0.081
-0.062
-0.13
0.019
-0.076
-0.096
-0.086
-0.07
-0.102
-0.072
-0.024
-0.074
-0.1
-0.026
-0.068
-0.067
-0.078
-0.053
-0.103
-0.024
-0.042
-0.09
0.005
-0.018
-0.128
0.016
-0.004
-0.01
-0.077
-0.081
-0.053
-0.053
-0.038
-0.043
-0.117
-0.091
-0.061
-0.068
0.013
-0.104
-0.125
-0.068
-0.181
-0.099
-0.067
-0.013
-0.016
0.009
-0.08
-0.014
0.015
-0.09
-0.088
-0.125
-0.072
0.003
-0.051
-0.083
-0.063
-0.114
-0.059
-0.057
-0.025
-0.036
-0.097
-0.069
-0.021
-0.049
-0.088
-0.009
-0.021
-0.096
0.032
0.014
-0.015
0.008
-0.073
-0.057
-0.037
-0.034
-0.016
0.033
-0.054
-0.104
-0.084
-0.164
-0.058
-0.029
0.021
-0.087
-0.035
-0.038
-0.016
-0.071
-0.124
-0.02
-0.092
-0.001
-0.032
-0.11
0.017
-0.073
-0.054
-0.084
-0.072
-0.035
-0.027
-0.099
0.003
-0.043
-0.012
0.042
-0.028
-0.033
-0.044
-0.04
-0.072
-0.087
-0.111
-0.063
-0.09
-0.109
-0.088
-0.1
-0.063
-0.078
-0.035
-0.073
-0.079
-0.026
-0.095
-0.051
-0.042
-0.029
-0.005
-0.088
-0.023
-0.078
-0.034
0.004
-0.04
-0.145
0.02
-0.054
-0.073
-0.065
-0.049
-0.06
-0.011
-0.079
-0.043
-0.034
0.04
-0.14
-0.119
-0.101
-0.031
-0.041
-0.014
-0.009
-0.013
-0.098
-0.001
-0.1
-0.014
-0.084
-0.083
0.006
-0.009
-0.145
-0.043
-0.125
-0.036
-0.105
-0.034
0.007
-0.038
-0.087
-0.019
-0.029
-0.056
-0.055
-0.082
-0.027
-0.057
0.033
-0.064
0.004
-0.039
-0.145
-0.028
-0.046
-0.09
-0.104
-0.078
-0.016
-0.081
-0.064
0.069
-0.043
-0.04
-0.064
0.032
-0.086
0.031
-0.06
-0.008
0.022
-0.04
-0.021
-0.083
0.017
-0.005
-0.034
-0.064
-0.026
-0.047
-0.102
-0.085
-0.008
-0.039
-0.108
-0.073
-0.066
-0.038
-0.055
0.04
0.022
-0.032
-0.07
-0.029
-0.05
-0.081
-0.065
-0.064
-0.12
0.017
-0.086
-0.064
-0.048
-0.028
-0.055
-0.084
-0.04
-0.016
-0.042
-0.014
-0.038
-0.125
-0.078
0.005
-0.052
0.051
-0.034
-0.078
0.014
-0.037
-0.014
-0.047
-0.191
-0.103
-0.059
-0.058
0.059
-0.052
-0.033
-0.101
-0.052
-0.098
-0.025
-0.052
-0.01
-0.078
-0.045
-0.07
-0.057
-0.023
-0.067
-0.067
0.028
-0.072
-0.06
-0.121
-0.037
-0.089
-0.042
-0.049
-0.075
-0.079
-0.035
-0.014
0.008
-0.107
-0.055
-0.015
-0.026
-0.032
-0.06
-0.078
-0.043
0.029
-0.089
-0.057
-0.045
-0.014
-0.041
0.011
-0.168
-0.029
-0.106
-0.15
-0.085
0.053
-0.034
-0.034
-0.091
-0.062
-0.028
-0.067
-0.001
-0.038
-0.035
-0.062
-0.089
-0.121
-0.048
-0.045
-0.053
-0.032
-0.04
-0.072
-0.011
-0.021
-0.025
-0.093
-0.086
-0.012
-0.13
-0.076
-0.058
-0.058
-0.079
-0.043
-0.098
-0.003
-0.047
-0.051
-0.045
-0.001
-0.049
-0.076
-0.017
-0.008
-0.084
-0.093
-0.088
-0.103
-0.003
-0.052
-0.074
-0.068
-0.067
-0.028
-0.107
0.056
-0.027
-0.145
0.002
-0.1
-0.037
-0.076
-0.081
0.003
0.006
-0.039
0.008
-0.035
-0.022
-0.099
-0.085
-0.077
-0.108
0.012
0.007
-0.021
-0.022
-0.088
-0.066
0.01
0.009
0.025
-0.016
-0.041
-0.055
-0.073
-0.045
-0.053
-0.096
0.024
-0.068
-0.047
-0.044
-0.105
-0.028
0.017
-0.104
-0.127
-0.057
-0.028
-0.072
-0.102
-0.038
-0.062
-0.107
-0.085
-0.058
-0.047
-0.133
-0.041
-0.066
-0.1
-0.068
-0.086
-0.028
-0.056
-0.032
-0.053
0.019
-0.054
-0.126
-0.08
-0.045
-0.014
-0.015
-0.062
0.009
-0.001
-0.002
-0.031
-0.043
-0.04
0.009
-0.085
-0.069
-0.045
-0.002
-0.082
-0.038
-0.031
-0.021
-0.083
-0.037
-0.036
-0.141
-0.028
-0.088
-0.109
-0.127
-0.058
-0.079
-0.074
0.067
-0.109
-0.019
-0.107
-0.039
-0.093
0.029
-0.032
0.005
-0.022
-0.067
-0.09
-0.13
-0.092
-0.046
-0.075
-0.044
-0.06
-0.037
-0.052
-0.008
-0.101
-0.073
-0.105
-0.022
0.026
-0.038
-0.118
-0.068
-0.049
-0.015
-0.04
-0.055
-0.054
-0.033
-0.064
0.007
-0.066
-0.031
-0.076
-0.107
-0.022
-0.045
-0.052
-0.062
-0.064
-0.066
-0.076
0.017
0.005
-0.074
-0.08
-0.041
-0.002
0.005
-0.079
-0.126
-0.015
-0.087
-0.115
-0.085
-0.023
-0.012
-0.057
-0.012
-0.077
-0.044
-0.041
-0.105
-0.054
-0.075
-0.007
-0.052
-0.079
-0.039
-0.017
-0.082
-0.113
-0.057
-0.081
-0.067
-0.085
0.008
-0.002
-0.065
-0.018
-0.059
-0.073
-0.033
-0.086
-0.041
-0.064
-0.06
-0.041
-0.095
-0.015
0.02
0.004
-0.052
-0.027
-0.07
-0.069
-0.068
-0.031
-0.095
0.001
-0.015
-0.124
-0.127
-0.074
-0.01
-0.032
-0.105
-0.09
0.021
-0.06
0.012
0.024
-0.004
-0.038
-0.099
0.009
-0.106
-0.049
-0.1
-0.071
-0.024
0.031
-0.092
-0.047
-0.069
-0.109
-0.076
-0.079
-0.077
-0.145
0.009
-0.094
-0.046
0.005
-0.106
-0.035
-0.09
0.015
-0.076
-0.026
-0.059
-0.1
0.035
-0.003
-0.086
-0.068
-0.028
0.004
-0.017
-0.04
-0.01
-0.074
0.022
-0.037
-0.04
0.017
-0.057
-0.096
-0.045
-0.069
-0.029
-0.088
-0.045
-0.103
-0.011
-0.091
-0.068
-0.048
-0.131
-0.069
-0.016
-0.042
-0.01
-0.098
-0.068
-0.059
-0.086
-0.071
-0.122
-0.103
-0.083
-0.148
-0.004
-0.073
-0.002
-0.069
-0.137
-0.041
0.026
-0.03
-0.022
-0.012
-0.08
-0.059
-0.052
-0.068
-0.092
-0.084
0.009
-0.044
-0.094
-0.01
-0.039
-0.077
-0.032
-0.025
-0.06
-0.075
-0.084
-0.134
-0.018
-0.002
-0.069
-0.13
-0.108
-0.067
-0.025
-0.119
-0.099
-0.04
-0.01
-0.148
-0.088
-0.057
-0.014
-0.037
0.006
0.017
-0.051
-0.059
-0.052
-0.069
-0.089
-0.036
-0.081
-0.12
-0.066
-0.027
-0.004
-0.022
-0.038
-0.051
-0.067
-0.081
-0.078
-0.087
0.03
-0.022
-0.035
-0.002
-0.126
-0.029
-0.047
-0.084
-0.039
0.024
-0.108
-0.009
-0.042
0.001
0.025
-0.097
-0.053
-0.065
-0.1
-0.066
-0.057
-0.023
-0.115
-0.06
-0.114
-0.047
-0.032
0.04
-0.003
0.022
-0.042
-0.107
-0.094
-0.011
-0.039
-0.059
-0.107
-0.08
-0.109
-0.055
-0.025
-0.111
-0.041
-0.06
-0.083
-0.097
-0.093
-0.045
-0.087
-0.056
-0.015
-0.038
0.035
-0.104
-0.087
-0.073
-0.077
0.017
-0.06
-0.074
-0.111
-0.034
-0.017
-0.048
-0.065
-0.077
-0.089
-0.024
-0.086
-0.07
-0.073
-0.079
-0.012
-0.107
-0.086
-0.04
-0.026
-0.032
-0.112
-0.093
-0.031
-0.122
-0.069
-0.081
-0.022
-0.063
-0.002
-0.023
-0.012
0.073
-0.013
-0.041
-0.1
-0.093
-0.061
0.002
0.014
0.01
-0.042
-0.043
0.062
-0.079
-0.074
-0.04
-0.02
0.008
-0.061
0.014
-0.099
-0.108
0.032
-0.069
-0.069
0.041
-0.138
-0.054
-0.024
-0.043
-0.059
0.02
-0.009
-0.056
-0.029
-0.017
-0.046
-0.105
-0.065
-0.013
-0.151
-0.04
-0.091
-0.062
-0.009
-0.019
-0.061
-0.06
-0.091
-0.039
-0.047
-0.092
-0.044
-0.037
-0.052
-0.044
-0.021
-0.053
-0.146
-0.094
-0.056
-0.107
0.035
-0.05
-0.071
-0.072
-0.087
-0.056
-0.013
-0.081
-0.046
-0.023
-0.118
-0.059
-0.009
-0.06
-0.098
-0.107
-0.033
-0.113
0.009
-0.062
0.005
-0.092
-0.052
-0.024
0.016
-0.029
-0.084
-0.118
-0.007
-0.019
-0.094
-0.019
-0.04
-0.089
-0.108
-0.076
-0.104
-0.031
-0.137
-0.053
-0.067
0.004
-0.036
-0.092
0.003
0.009
-0.056
-0.011
-0.097
-0.021
-0.031
-0.048
-0.046
-0.119
-0.027
-0.053
-0.094
-0.036
-0.08
-0.01
-0.064
0.028
-0.085
-0.058
-0.093
-0.073
-0.086
-0.062
-0.093
-0.045
-0.126
-0.077
-0.081
-0.11
-0.033
-0.052
-0.044
-0.043
0.028
-0.014
-0.078
-0.083
-0.037
-0.02
-0.064
-0.092
-0.118
-0.063
-0.035
-0.073
-0.025
-0.099
-0.086
-0.031
-0.024
-0.103
-0.103
-0.033
-0.025
-0.059
-0.105
-0.078
-0.126
-0.047
-0.068
-0.045
-0.105
-0.066
-0.073
-0.055
-0.136
0.03
-0.09
-0.119
0.006
0.004
-0.07
-0.017
0.016
-0.069
-0.085
-0.037
-0.007
-0.057
-0.093
-0.062
-0.071
-0.022
-0.076
-0.137
-0.051
-0.071
-0.053
-0.005
-0.096
-0.047
-0.052
-0.103
-0.102
-0.022
-0.033
-0.071
-0.058
-0.097
0.0
-0.04
-0.056
-0.05
-0.082
-0.108
-0.211
-0.014
-0.042
-0.027
-0.052
-0.05
-0.058
-0.101
-0.012
-0.05
-0.092
-0.013
-0.113
-0.063
-0.11
-0.059
-0.083
-0.011
-0.096
-0.078
-0.07
-0.039
-0.029
-0.141
-0.046
-0.016
-0.055
0.017
-0.073
-0.06
-0.03
-0.068
-0.076
-0.087
-0.039
-0.035
-0.107
-0.112
-0.105
-0.095
-0.077
-0.025
-0.084
-0.031
-0.059
-0.073
-0.024
-0.05
-0.008
-0.046
-0.035
-0.104
-0.054
-0.11
-0.117
-0.011
-0.069
-0.056
-0.034
-0.04
-0.087
-0.04
-0.022
-0.029
-0.051
-0.074
-0.084
-0.081
-0.049
-0.056
0.025
-0.034
-0.126
-0.055
-0.127
-0.052
-0.034
-0.043
-0.114
-0.066
-0.038
-0.083
-0.072
0.019
-0.12
-0.039
0.013
-0.035
-0.113
-0.107
-0.064
-0.054
-0.023
-0.076
-0.035
-0.078
-0.062
-0.084
0.05
-0.091
-0.054
-0.018
-0.026
-0.01
-0.061
-0.111
-0.037
-0.036
-0.006
-0.053
-0.028
-0.035
-0.111
-0.053
-0.061
-0.069
-0.032
-0.041
-0.019
-0.017
-0.056
-0.052
-0.118
-0.149
-0.058
-0.112
0.01
0.063
-0.082
-0.008
-0.05
0.012
-0.023
-0.044
-0.002
0.013
-0.025
-0.163
0.02
0.057
-0.066
-0.069
-0.082
-0.06
-0.116
-0.044
-0.026
-0.036
0.028
-0.033
-0.189
-0.065
-0.03
-0.035
-0.093
-0.07
-0.093
-0.029
-0.05
-0.064
-0.022
-0.012
-0.02
-0.025
-0.077
-0.03
-0.104
-0.073
-0.039
0.007
-0.074
-0.015
-0.098
-0.159
0.003
-0.063
-0.037
-0.003
-0.116
-0.017
-0.009
0.014
-0.081
-0.105
-0.011
-0.023
-0.112
-0.047
-0.103
-0.025
-0.058
-0.008
-0.086
-0.064
-0.043
0.027
-0.041
0.023
-0.047
-0.033
-0.042
0.019
-0.088
-0.097
-0.068
-0.034
-0.05
-0.126
-0.132
-0.006
-0.053
-0.053
-0.081
-0.017
-0.075
-0.1
-0.094
-0.045
-0.039
-0.066
-0.025
-0.093
-0.083
-0.113
-0.112
-0.029
-0.007
0.029
-0.013
-0.006
-0.091
-0.047
-0.072
-0.081
-0.041
0.0
0.011
-0.077
-0.083
-0.081
-0.046
-0.049
-0.027
-0.093
-0.077
-0.005
-0.029
-0.079
-0.097
0.008
-0.129
-0.058
-0.087
-0.039
-0.006
-0.073
-0.072
-0.101
-0.036
-0.031
-0.06
-0.079
-0.066
-0.011
-0.002
-0.057
-0.069
-0.063
-0.097
-0.054
0.007
-0.136
-0.088
-0.04
-0.042
-0.013
0.01
-0.03
-0.071
-0.133
0.007
0.028
0.019
-0.066
-0.026
-0.108
-0.032
-0.032
-0.007
-0.099
-0.064
-0.099
-0.061
-0.097
-0.003
-0.059
-0.092
-0.054
-0.056
-0.115
0.023
-0.036
-0.116
0.037
-0.064
0.033
-0.102
-0.049
-0.041
-0.109
-0.031
-0.089
-0.108
-0.087
-0.059
-0.028
-0.063
-0.056
-0.003
-0.147
0.002
-0.023
0.001
-0.043
-0.054
-0.106
-0.065
-0.097
-0.039
-0.058
-0.087
-0.041
-0.057
-0.09
-0.102
-0.034
-0.059
-0.022
-0.13
-0.045
-0.071
-0.037
-0.086
-0.062
-0.109
-0.019
-0.114
-0.051
0.013
-0.096
-0.102
-0.128
-0.154
-0.034
-0.091
-0.063
-0.045
-0.056
-0.097
-0.065
-0.068
-0.081
-0.033
-0.02
-0.145
-0.089
-0.019
-0.07
-0.047
-0.09
-0.055
-0.074
-0.098
-0.096
-0.025
-0.008
0.038
-0.037
-0.085
-0.115
-0.069
-0.024
-0.05
-0.107
-0.03
-0.037
-0.043
-0.08
-0.075
-0.016
-0.026
-0.067
0.028
-0.071
-0.041
0.07
-0.073
-0.064
-0.084
-0.062
-0.076
-0.023
-0.089
0.027
-0.102
-0.044
-0.035
-0.144
-0.084
-0.029
-0.11
-0.03
-0.074
-0.01
-0.064
-0.018
-0.019
-0.072
-0.025
-0.012
-0.093
-0.04
-0.022
-0.111
-0.125
-0.12
-0.083
-0.11
-0.119
-0.039
-0.061
-0.024
-0.133
-0.066
-0.075
-0.049
-0.075
-0.05
-0.01
-0.11
-0.107
-0.049
-0.068
-0.091
-0.025
-0.044
0.0
-0.041
-0.057
-0.107
-0.05
-0.078
0.035
-0.076
-0.056
-0.026
-0.017
-0.046
-0.084
-0.119
-0.042
-0.044
-0.077
-0.05
-0.056
0.02
-0.07
-0.09
-0.106
-0.124
-0.059
-0.18
-0.084
-0.054
-0.007
-0.037
-0.116
-0.125
-0.009
-0.095
-0.044
-0.018
-0.032
-0.075
-0.033
-0.111
-0.034
-0.021
-0.049
-0.036
-0.073
-0.113
-0.05
0.022
-0.044
-0.016
-0.045
0.051
-0.064
-0.086
-0.009
-0.082
-0.136
-0.018
-0.117
-0.132
-0.106
-0.092
-0.08
-0.009
-0.04
-0.112
-0.044
-0.055
-0.034
-0.096
-0.069
-0.11
-0.086
0.002
-0.032
-0.092
-0.055
-0.08
-0.073
-0.033
-0.089
0.037
-0.032
-0.088
-0.067
-0.029
0.021
-0.098
-0.048
-0.087
-0.031
-0.012
-0.108
-0.052
-0.066
-0.125
0.001
-0.057
-0.032
-0.076
-0.089
-0.097
-0.069
-0.021
-0.034
-0.034
-0.085
-0.129
-0.075
-0.074
-0.042
-0.035
-0.089
0.003
-0.078
-0.078
-0.043
-0.087
-0.024
-0.123
-0.047
-0.092
-0.105
-0.041
-0.128
-0.054
-0.019
-0.126
-0.051
-0.008
-0.013
-0.025
-0.065
-0.126
-0.044
0.038
-0.015
-0.123
-0.028
-0.065
-0.097
-0.019
-0.044
-0.016
-0.129
-0.092
-0.082
-0.108
-0.087
-0.018
-0.065
-0.017
-0.002
-0.021
-0.019
-0.088
-0.054
-0.054
-0.034
-0.083
-0.053
-0.063
-0.078
-0.132
0.023
-0.024
-0.069
-0.093
-0.086
0.007
-0.121
-0.075
-0.13
-0.045
-0.094
0.006
-0.017
-0.012
-0.058
-0.093
-0.025
-0.036
-0.086
-0.016
-0.036
-0.067
-0.058
-0.081
-0.085
-0.054
-0.059
-0.068
-0.084
-0.048
-0.136
-0.049
-0.116
-0.085
-0.104
-0.098
-0.065
-0.083
-0.081
-0.036
-0.037
-0.083
-0.018
-0.049
-0.003
0.008
0.009
0.004
-0.05
-0.096
-0.008
-0.042
-0.051
-0.06
-0.052
-0.05
-0.075
-0.095
-0.103
-0.092
-0.155
-0.145
-0.006
-0.14
-0.059
-0.065
0.011
-0.077
-0.056
-0.029
-0.058
-0.009
-0.154
-0.049
-0.009
-0.08
-0.034
-0.187
-0.175
-0.101
-0.006
-0.111
-0.095
-0.039
-0.064
-0.066
-0.088
-0.057
-0.124
-0.09
-0.056
0.006
-0.047
-0.071
-0.056
0.016
-0.057
-0.079
-0.079
-0.033
-0.017
-0.053
0.035
-0.054
-0.054
-0.038
-0.011
-0.08
-0.094
-0.051
0.035
-0.061
-0.012
-0.169
-0.06
-0.007
-0.028
-0.044
-0.012
-0.033
-0.077
-0.007
-0.043
-0.002
-0.114
-0.029
-0.105
-0.014
-0.019
-0.035
-0.088
-0.071
-0.064
-0.084
-0.059
-0.1
-0.015
-0.091
-0.078
-0.05
-0.07
-0.098
0.0
-0.002
-0.095
-0.062
0.014
-0.037
-0.066
-0.083
-0.045
0.018
-0.059
-0.103
-0.058
-0.14
-0.065
-0.097
-0.011
-0.047
-0.095
-0.055
-0.11
-0.011
-0.071
-0.172
-0.079
-0.016
-0.094
-0.04
-0.05
-0.029
-0.076
-0.015
-0.111
-0.125
-0.014
-0.023
-0.047
-0.095
-0.114
-0.009
-0.024
-0.012
-0.074
-0.079
-0.116
-0.081
-0.043
-0.092
-0.039
-0.099
-0.008
-0.093
0.029
-0.031
-0.065
-0.035
-0.088
-0.023
0.001
-0.02
-0.056
-0.096
-0.125
-0.108
-0.003
-0.036
-0.031
-0.041
-0.085
-0.098
-0.114
-0.071
-0.1
-0.026
-0.073
-0.114
-0.063
0.013
-0.129
-0.132
-0.003
-0.037
-0.095
-0.038
0.022
-0.074
-0.042
-0.033
-0.059
-0.091
-0.04
-0.044
-0.035
-0.146
-0.047
-0.098
-0.023
-0.11
-0.046
-0.034
-0.023
-0.056
-0.052
-0.037
-0.02
-0.057
-0.007
-0.034
-0.062
-0.055
-0.026
-0.015
-0.102
-0.04
-0.023
-0.048
-0.037
-0.042
-0.03
-0.136
-0.056
-0.131
-0.007
-0.033
-0.071
-0.077
-0.061
-0.109
-0.098
-0.057
-0.097
-0.052
-0.071
-0.116
-0.095
-0.014
-0.064
-0.038
-0.068
-0.107
-0.085
-0.03
-0.049
-0.031
-0.013
-0.068
0.003
-0.012
0.002
-0.039
-0.027
-0.051
-0.087
0.015
-0.051
-0.005
-0.111
-0.053
-0.062
-0.04
-0.086
-0.075
-0.034
-0.095
-0.062
-0.016
-0.004
-0.191
-0.084
-0.115
-0.059
-0.129
-0.031
-0.037
-0.014
-0.019
-0.094
-0.091
-0.089
-0.107
-0.037
-0.073
-0.107
-0.128
0.0
-0.123
-0.073
-0.076
-0.135
-0.113
-0.07
-0.109
-0.145
-0.024
-0.017
-0.146
-0.067
-0.07
-0.016
-0.061
-0.062
-0.019
-0.026
-0.074
-0.123
-0.117
-0.069
0.005
-0.089
-0.08
-0.038
-0.086
-0.05
-0.013
-0.039
-0.053
-0.061
-0.074
-0.019
-0.023
-0.027
-0.013
-0.027
-0.064
-0.048
-0.039
0.033
-0.024
0.02
-0.074
-0.047
-0.072
-0.01
-0.065
-0.078
-0.081
-0.035
-0.062
-0.059
-0.074
-0.12
-0.1
-0.097
-0.115
-0.079
-0.095
-0.015
-0.013
-0.072
-0.092
-0.076
-0.047
-0.086
-0.142
0.0
-0.079
-0.029
-0.095
-0.141
-0.058
-0.042
-0.032
-0.094
-0.139
-0.068
-0.125
-0.107
-0.029
-0.069
-0.058
-0.061
-0.014
-0.098
-0.085
-0.113
-0.018
-0.044
-0.056
-0.073
-0.122
-0.129
-0.038
-0.03
-0.078
-0.071
-0.106
-0.002
-0.147
-0.095
-0.059
-0.055
-0.042
-0.089
-0.007
-0.06
-0.024
-0.049
-0.066
-0.031
-0.014
-0.108
-0.093
0.032
-0.103
-0.036
-0.061
0.009
0.007
-0.115
-0.061
-0.006
-0.059
-0.116
-0.051
-0.161
-0.043
-0.067
-0.084
-0.015
-0.097
-0.04
0.005
-0.05
-0.027
-0.012
-0.06
-0.072
-0.039
-0.059
-0.021
-0.096
-0.107
-0.047
-0.027
-0.086
0.018
-0.036
-0.026
-0.065
-0.044
-0.089
-0.05
-0.031
-0.111
-0.046
-0.075
-0.031
-0.102
-0.055
-0.008
-0.085
-0.096
-0.052
-0.107
-0.095
-0.032
-0.039
-0.097
-0.048
-0.089
-0.059
-0.069
-0.046
-0.018
-0.101
-0.088
-0.071
-0.105
-0.08
-0.066
-0.094
-0.078
-0.037
-0.036
-0.072
-0.076
-0.087
-0.047
-0.073
-0.035
0.073
0.005
-0.058
-0.043
-0.034
-0.016
-0.103
-0.001
-0.06
-0.028
-0.024
-0.071
-0.069
-0.05
-0.128
0.002
-0.092
-0.099
-0.04
-0.021
-0.146
-0.039
-0.001
-0.09
-0.023
-0.069
-0.018
-0.001
-0.04
-0.115
-0.054
-0.054
-0.083
-0.055
-0.091
-0.035
-0.016
-0.106
-0.065
-0.035
-0.067
-0.026
-0.01
-0.049
-0.059
-0.077
-0.058
-0.037
-0.028
-0.085
-0.03
-0.053
-0.071
-0.074
-0.103
-0.088
-0.008
-0.092
-0.066
0.067
-0.018
-0.018
-0.031
-0.068
-0.005
-0.022
-0.031
-0.087
-0.09
-0.104
0.006
-0.077
-0.066
-0.01
-0.111
-0.069
-0.041
-0.06
-0.052
-0.016
-0.051
-0.031
-0.091
-0.035
0.002
0.01
-0.037
-0.038
0.014
0.006
0.025
-0.081
-0.096
-0.062
-0.085
-0.034
-0.098
-0.039
-0.019
-0.032
-0.05
-0.094
-0.005
-0.008
0.038
-0.075
-0.096
-0.052
-0.059
-0.059
-0.042
0.009
-0.005
-0.047
-0.046
-0.064
-0.025
-0.025
-0.03
-0.015
-0.07
-0.066
-0.055
-0.055
-0.045
-0.063
-0.087
-0.081
-0.044
-0.043
-0.026
-0.083
-0.07
-0.125
0.005
-0.083
-0.113
-0.048
-0.004
-0.086
-0.046
-0.053
0.047
-0.11
-0.123
-0.063
0.029
-0.015
-0.109
-0.044
-0.11
-0.118
-0.109
-0.152
-0.029
-0.101
-0.039
-0.108
-0.034
-0.137
-0.118
-0.059
-0.126
0.035
-0.059
-0.072
-0.045
-0.03
-0.059
-0.085
-0.152
-0.019
-0.032
-0.051
0.008
-0.066
-0.017
-0.013
-0.013
-0.023
-0.112
-0.024
-0.022
-0.029
-0.073
-0.028
-0.044
-0.057
-0.067
-0.118
0.011
-0.048
-0.047
-0.044
-0.084
-0.051
-0.117
-0.069
-0.054
-0.044
-0.045
-0.131
-0.05
-0.08
-0.097
-0.077
-0.046
-0.069
-0.064
-0.026
-0.114
-0.002
-0.099
0.009
-0.109
-0.062
0.016
-0.028
-0.062
0.002
-0.077
-0.096
-0.112
-0.105
-0.042
-0.062
-0.024
0.004
-0.104
-0.102
-0.061
-0.092
0.038
-0.092
-0.019
-0.023
-0.053
-0.014
-0.021
-0.047
-0.072
-0.11
-0.077
-0.046
-0.034
-0.119
-0.074
-0.058
-0.062
-0.066
-0.119
-0.046
0.0
-0.024
-0.052
-0.003
-0.092
-0.032
-0.08
-0.111
0.03
-0.111
-0.095
-0.043
-0.142
-0.103
-0.061
-0.099
-0.068
-0.081
-0.074
-0.025
-0.106
0.047
-0.024
-0.005
-0.016
-0.079
-0.138
-0.045
-0.044
-0.068
-0.036
-0.043
-0.005
-0.042
-0.035
0.016
-0.091
-0.01
-0.004
-0.001
-0.04
-0.044
-0.101
-0.106
-0.068
-0.012
-0.033
-0.077
-0.103
-0.094
-0.074
-0.045
-0.051
-0.084
0.016
-0.058
-0.024
0.017
-0.063
0.011
-0.078
-0.073
-0.067
-0.023
-0.135
-0.093
-0.153
-0.035
-0.047
-0.036
-0.117
-0.064
-0.053
-0.053
0.012
-0.054
-0.051
-0.039
-0.016
-0.092
-0.039
-0.015
-0.013
0.027
-0.036
-0.133
-0.048
0.033
-0.002
-0.034
-0.083
-0.018
0.01
-0.036
0.008
-0.115
-0.039
-0.075
-0.017
0.005
-0.052
-0.032
-0.096
-0.12
-0.084
0.002
-0.033
-0.038
-0.036
-0.069
-0.128
-0.05
-0.062
-0.047
-0.077
-0.043
-0.076
-0.064
-0.087
-0.05
0.011
0.012
-0.054
-0.084
0.005
-0.157
-0.109
-0.001
-0.091
-0.007
-0.031
-0.025
-0.062
-0.056
-0.035
-0.1
-0.017
-0.083
-0.125
-0.07
-0.018
-0.06
-0.057
-0.042
-0.088
-0.016
-0.095
-0.09
0.004
-0.076
-0.054
-0.052
-0.043
-0.126
-0.095
-0.064
-0.063
-0.06
-0.047
-0.106
-0.045
-0.07
-0.048
-0.105
0.012
-0.057
-0.039
-0.043
-0.025
-0.045
-0.07
-0.04
-0.042
-0.054
-0.062
-0.136
-0.102
-0.127
-0.041
-0.061
-0.085
-0.043
-0.137
-0.062
-0.069
-0.069
-0.046
-0.061
-0.044
-0.006
0.021
-0.077
-0.066
0.018
-0.075
-0.09
-0.045
-0.049
-0.034
0.003
0.002
-0.036
-0.12
-0.031
-0.046
-0.148
-0.069
-0.028
-0.047
-0.016
-0.018
-0.015
-0.118
-0.103
-0.066
0.01
0.021
-0.018
0.016
-0.038
-0.032
-0.084
-0.056
-0.124
-0.035
-0.09
-0.032
-0.139
-0.086
0.03
-0.042
-0.076
-0.02
0.049
-0.081
-0.08
-0.144
-0.019
-0.059
-0.017
0.018
-0.124
-0.025
-0.051
-0.069
-0.046
-0.009
-0.061
0.015
-0.11
-0.151
-0.076
-0.055
-0.058
-0.152
-0.029
-0.097
-0.058
-0.058
-0.078
-0.05
-0.061
0.067
-0.051
-0.068
-0.053
-0.008
-0.001
-0.096
-0.032
-0.098
-0.119
-0.071
-0.055
-0.009
-0.019
-0.062
-0.079
-0.065
-0.041
-0.058
-0.075
0.0
-0.01
-0.067
-0.064
-0.051
-0.056
-0.028
-0.026
-0.043
-0.049
-0.072
-0.013
-0.086
-0.022
-0.119
-0.06
-0.065
-0.063
-0.118
-0.04
-0.018
-0.015
-0.064
-0.022
-0.027
-0.049
-0.037
0.011
-0.018
-0.031
-0.065
-0.019
-0.111
-0.059
-0.037
-0.031
-0.09
-0.044
-0.152
-0.11
-0.036
0.014
-0.106
-0.077
-0.06
-0.108
-0.09
-0.112
-0.021
-0.075
-0.103
-0.068
-0.029
-0.078
-0.038
-0.041
-0.043
-0.019
-0.071
-0.055
-0.022
-0.069
-0.026
-0.015
-0.053
-0.08
-0.006
-0.025
0.015
-0.068
-0.081
-0.049
-0.071
-0.06
-0.018
-0.009
-0.141
-0.03
-0.095
-0.085
0.017
-0.074
-0.072
-0.065
-0.062
-0.079
-0.088
-0.058
0.001
-0.085
-0.095
-0.041
-0.064
-0.047
-0.073
-0.068
-0.079
-0.068
0.027
-0.017
0.028
-0.025
0.01
-0.024
-0.023
-0.009
-0.092
0.005
-0.044
-0.089
-0.039
-0.056
-0.043
-0.088
-0.069
-0.021
0.005
-0.04
-0.017
-0.018
0.007
-0.09
-0.037
-0.009
-0.064
-0.048
-0.015
0.016
-0.079
0.062
-0.101
-0.055
-0.043
-0.117
-0.105
-0.026
-0.054
-0.125
-0.109
-0.113
-0.069
-0.055
-0.036
-0.088
-0.023
-0.109
-0.074
-0.053
-0.023
-0.065
-0.03
-0.088
-0.009
-0.039
-0.084
-0.125
-0.084
-0.147
-0.097
-0.004
-0.062
-0.062
-0.121
-0.089
-0.112
-0.078
-0.024
-0.014
-0.017
-0.061
-0.1
-0.007
-0.088
-0.063
-0.032
-0.1
-0.071
-0.081
-0.047
-0.016
-0.063
0.002
0.032
-0.02
-0.02
-0.011
0.002
0.021
-0.068
-0.125
-0.047
-0.044
-0.002
-0.037
-0.092
-0.108
-0.107
-0.044
-0.009
-0.055
0.007
0.008
-0.061
-0.081
-0.01
-0.039
-0.067
-0.001
-0.115
-0.068
-0.03
-0.055
-0.034
0.016
-0.039
-0.111
-0.068
-0.092
-0.075
0.002
-0.108
-0.042
-0.001
-0.055
-0.046
-0.114
-0.091
-0.098
-0.078
-0.091
-0.161
0.023
-0.058
0.007
-0.031
-0.106
-0.056
-0.129
-0.062
-0.036
0.012
-0.093
-0.031
-0.044
-0.025
-0.01
-0.077
-0.033
-0.038
-0.098
-0.005
-0.02
-0.073
-0.003
-0.087
-0.088
-0.067
-0.071
-0.087
-0.059
-0.046
-0.054
-0.048
-0.107
-0.098
-0.093
-0.017
-0.071
0.003
-0.033
-0.022
0.007
0.019
-0.086
-0.028
-0.071
-0.077
0.024
-0.043
0.015
-0.096
-0.092
-0.045
-0.054
-0.093
-0.03
0.029
-0.035
-0.107
-0.051
-0.035
-0.031
-0.053
-0.042
-0.045
-0.043
-0.12
0.046
-0.067
-0.032
-0.133
-0.118
-0.093
-0.029
-0.057
-0.096
-0.076
-0.085
-0.018
-0.037
0.002
-0.12
-0.065
-0.057
-0.088
-0.03
-0.026
-0.018
-0.109
-0.013
-0.007
-0.143
-0.008
-0.027
0.016
-0.086
-0.084
-0.082
-0.139
0.001
-0.08
-0.037
-0.014
-0.049
-0.055
-0.045
-0.005
-0.063
-0.054
-0.143
-0.073
-0.009
-0.043
-0.051
0.003
-0.092
-0.034
-0.085
-0.005
-0.026
0.028
-0.066
-0.118
-0.1
-0.052
-0.089
-0.131
-0.16
-0.084
-0.007
-0.087
-0.059
-0.066
-0.062
-0.021
-0.067
-0.012
-0.01
-0.032
-0.03
-0.064
-0.118
0.026
-0.072
-0.166
-0.101
-0.038
-0.075
-0.097
-0.03
-0.019
-0.047
-0.133
-0.053
-0.015
-0.076
-0.063
-0.038
-0.087
-0.009
-0.152
-0.03
-0.028
-0.021
0.022
-0.043
-0.035
-0.011
-0.055
-0.127
-0.088
-0.034
-0.041
-0.002
-0.067
0.034
-0.113
-0.036
-0.046
-0.051
-0.078
-0.067
-0.132
-0.063
-0.014
-0.126
-0.114
-0.085
-0.075
-0.041
-0.077
-0.03
-0.04
-0.021
-0.052
-0.036
-0.096
-0.04
-0.047
-0.068
-0.063
-0.089
-0.014
-0.064
-0.042
0.01
-0.058
-0.098
-0.086
-0.095
-0.082
0.028
-0.049
-0.042
-0.04
-0.087
-0.005
-0.072
-0.071
-0.089
-0.099
0.047
-0.04
-0.022
-0.036
-0.124
-0.019
-0.069
-0.034
-0.13
-0.054
-0.101
-0.019
-0.097
-0.056
-0.121
-0.034
-0.047
-0.015
-0.06
0.05
-0.079
-0.044
-0.104
-0.026
-0.038
-0.051
-0.058
-0.053
-0.014
0.005
-0.107
-0.044
-0.062
-0.02
-0.08
-0.036
0.012
-0.026
-0.12
-0.066
-0.041
-0.032
-0.124
-0.055
-0.061
-0.091
-0.042
-0.185
-0.023
-0.03
-0.064
-0.03
-0.012
0.006
0.006
-0.017
-0.021
-0.032
-0.058
-0.072
0.016
-0.127
-0.01
-0.026
-0.151
-0.026
-0.084
-0.074
-0.021
-0.069
-0.1
-0.11
-0.148
-0.063
0.0
-0.107
-0.107
-0.033
-0.086
-0.06
-0.17
-0.055
0.017
-0.006
-0.106
-0.026
0.005
-0.094
-0.077
-0.036
-0.018
-0.061
-0.057
0.023
-0.04
0.027
-0.005
-0.082
-0.033
-0.04
-0.099
-0.055
-0.11
-0.067
-0.015
-0.004
-0.049
-0.059
-0.053
-0.062
0.013
-0.082
-0.04
-0.012
0.003
-0.037
-0.004
-0.051
-0.059
-0.011
-0.079
-0.064
-0.042
-0.069
-0.041
-0.023
0.052
-0.071
-0.072
-0.024
-0.023
-0.094
0.003
-0.039
-0.017
-0.044
-0.064
-0.091
-0.066
-0.133
-0.033
0.003
-0.021
0.048
-0.093
-0.034
-0.032
-0.062
-0.105
-0.039
-0.013
-0.035
-0.068
-0.028
-0.049
0.054
-0.055
-0.125
-0.009
-0.109
-0.086
-0.126
-0.137
0.043
-0.11
-0.075
-0.076
-0.038
0.009
-0.068
-0.049
-0.057
-0.124
-0.078
-0.044
-0.026
-0.087
-0.044
-0.067
-0.073
-0.042
-0.081
-0.05
-0.001
-0.058
-0.025
-0.095
-0.009
-0.024
-0.021
0.031
0.049
-0.07
-0.059
-0.096
-0.033
-0.059
-0.014
-0.038
-0.062
-0.048
-0.025
-0.035
-0.02
-0.028
-0.049
-0.123
-0.066
-0.128
-0.104
-0.066
-0.047
-0.059
-0.056
-0.055
-0.04
0.008
-0.061
-0.115
-0.016
-0.004
0.004
-0.067
-0.074
-0.089
-0.003
0.016
-0.056
-0.012
-0.045
-0.031
-0.078
-0.043
-0.054
-0.04
-0.094
-0.01
-0.049
-0.065
-0.114
-0.098
-0.005
-0.06
-0.024
-0.028
0.007
-0.065
-0.038
0.009
0.014
-0.113
-0.098
-0.029
-0.071
-0.068
-0.026
-0.061
-0.084
-0.034
-0.083
-0.008
-0.071
-0.009
-0.124
-0.03
-0.04
-0.098
-0.012
-0.074
0.042
-0.076
-0.01
-0.024
-0.029
-0.014
-0.071
-0.045
-0.006
-0.035
-0.038
-0.089
-0.095
-0.037
-0.093
-0.042
-0.084
-0.032
-0.097
-0.002
-0.013
-0.036
-0.094
0.013
-0.04
-0.021
-0.079
-0.032
-0.059
-0.092
-0.073
-0.034
-0.009
-0.052
-0.078
-0.069
-0.087
-0.07
-0.149
-0.06
0.007
-0.122
-0.084
-0.044
-0.051
-0.028
-0.053
-0.076
0.04
-0.06
-0.029
-0.112
-0.024
-0.016
-0.022
-0.076
-0.056
-0.009
-0.109
-0.087
-0.068
-0.026
-0.048
-0.044
-0.031
-0.005
-0.092
-0.028
-0.099
-0.094
-0.038
0.072
-0.085
-0.118
-0.01
-0.067
-0.14
-0.104
-0.067
-0.073
-0.077
-0.04
-0.017
-0.09
0.009
-0.04
-0.084
-0.013
-0.093
-0.015
-0.124
0.031
-0.009
-0.006
-0.026
-0.046
-0.056
-0.008
-0.055
-0.115
-0.025
-0.041
-0.056
-0.158
-0.004
-0.069
-0.021
-0.108
-0.135
-0.043
-0.107
-0.009
-0.039
-0.011
-0.102
-0.032
0.001
-0.054
-0.034
0.013
0.001
-0.093
-0.074
-0.021
-0.125
-0.034
-0.103
-0.076
-0.032
-0.081
-0.045
-0.003
-0.02
-0.084
-0.059
-0.09
-0.072
-0.009
-0.042
-0.117
-0.102
-0.157
0.031
-0.037
0.012
-0.057
-0.072
-0.056
0.005
-0.128
-0.013
-0.057
-0.029
-0.02
-0.045
-0.097
-0.032
-0.05
-0.106
-0.075
-0.056
-0.055
-0.09
0.003
0.023
-0.125
-0.078
-0.124
-0.034
-0.001
-0.056
-0.055
0.014
-0.067
-0.049
0.025
-0.029
-0.007
-0.108
-0.06
-0.032
-0.081
-0.103
-0.04
-0.021
-0.032
-0.028
-0.083
-0.044
-0.076
-0.045
-0.053
-0.099
-0.036
0.001
-0.058
-0.016
-0.111
-0.064
-0.072
-0.06
-0.05
-0.078
-0.029
-0.037
-0.039
-0.07
-0.04
0.021
-0.022
-0.087
-0.052
-0.022
-0.026
-0.029
-0.06
-0.122
0.01
-0.085
0.008
-0.031
-0.008
-0.16
-0.027
-0.035
-0.071
-0.078
0.02
-0.098
-0.079
-0.014
-0.099
-0.095
-0.065
-0.052
-0.034
0.001
-0.072
-0.036
-0.044
-0.067
-0.092
-0.049
-0.09
-0.131
-0.083
-0.02
-0.062
-0.062
-0.143
-0.098
-0.119
-0.034
-0.08
-0.036
-0.086
-0.002
-0.004
-0.044
-0.087
-0.074
-0.083
-0.097
-0.059
0.006
-0.053
-0.123
-0.031
-0.025
-0.066
-0.12
-0.112
-0.071
-0.013
-0.076
-0.056
-0.016
-0.064
0.018
-0.054
-0.066
-0.053
0.006
-0.024
-0.027
-0.087
-0.047
-0.08
-0.015
-0.054
-0.019
-0.103
-0.09
-0.097
-0.036
0.003
-0.061
-0.044
-0.085
-0.038
-0.026
-0.054
-0.043
-0.064
-0.002
-0.074
-0.045
-0.082
-0.09
-0.032
-0.05
-0.031
-0.076
-0.067
-0.05
-0.048
-0.043
-0.043
0.007
-0.059
-0.041
-0.102
-0.029
0.01
-0.054
-0.052
-0.045
-0.063
-0.024
-0.017
-0.059
-0.031
-0.019
-0.069
-0.091
-0.039
-0.041
-0.013
-0.054
-0.105
-0.072
-0.004
-0.046
-0.074
-0.03
-0.045
-0.014
-0.115
-0.099
-0.137
-0.069
-0.07
-0.079
-0.159
-0.045
-0.081
-0.052
-0.03
-0.057
-0.022
-0.018
-0.014
-0.118
-0.103
-0.062
-0.056
-0.09
-0.089
-0.097
-0.015
-0.022
-0.118
-0.12
-0.112
-0.044
-0.081
-0.042
-0.06
-0.072
-0.071
-0.114
-0.084
-0.042
-0.043
-0.03
-0.015
-0.054
-0.052
0.015
-0.091
-0.079
-0.088
0.025
-0.033
-0.043
-0.064
0.006
-0.032
-0.004
-0.069
-0.042
-0.042
-0.018
-0.104
-0.104
-0.111
-0.023
-0.095
-0.041
-0.128
-0.035
-0.094
-0.004
-0.128
-0.04
0.03
-0.117
-0.027
-0.029
-0.095
-0.009
-0.076
-0.067
-0.022
-0.077
-0.02
-0.056
-0.08
-0.13
-0.1
-0.012
-0.112
-0.038
-0.103
-0.095
-0.02
-0.038
-0.041
-0.03
-0.067
-0.047
-0.059
-0.061
-0.052
-0.059
-0.017
-0.042
-0.043
-0.084
-0.037
-0.058
-0.085
-0.073
-0.082
-0.144
-0.075
-0.088
-0.116
-0.109
0.03
-0.053
-0.04
-0.09
-0.054
-0.135
-0.111
-0.086
-0.049
-0.091
-0.133
-0.007
-0.031
-0.062
-0.079
-0.096
-0.046
-0.076
-0.054
-0.046
-0.054
-0.061
-0.099
-0.003
0.014
-0.037
-0.058
-0.078
0.012
-0.053
-0.038
-0.081
-0.045
-0.016
-0.036
-0.037
-0.072
-0.099
-0.059
-0.052
-0.024
-0.066
-0.054
-0.034
-0.053
-0.059
-0.011
-0.077
-0.013
-0.027
-0.04
-0.079
-0.057
-0.078
0.002
-0.078
-0.033
-0.005
-0.063
-0.079
-0.004
-0.05
-0.096
-0.063
-0.046
-0.003
-0.005
-0.093
-0.036
-0.078
-0.017
-0.088
-0.138
-0.085
-0.087
-0.107
-0.05
-0.158
-0.035
-0.064
-0.069
-0.034
-0.077
-0.049
-0.09
-0.022
-0.023
0.024
-0.019
-0.066
-0.069
-0.045
-0.065
-0.061
-0.016
-0.049
-0.071
-0.002
-0.043
-0.06
-0.03
-0.058
-0.031
-0.095
-0.106
-0.005
-0.032
-0.034
-0.036
-0.063
-0.135
-0.081
-0.074
-0.087
-0.15
0.0
-0.08
-0.004
-0.01
0.018
-0.057
-0.047
-0.041
-0.075
-0.121
-0.021
-0.083
-0.134
-0.062
-0.026
-0.052
-0.092
-0.027
-0.024
-0.081
-0.162
-0.064
-0.002
-0.075
-0.045
-0.025
-0.045
-0.043
-0.049
-0.09
-0.057
-0.039
-0.008
-0.042
-0.062
-0.042
-0.059
-0.091
-0.058
-0.05
-0.024
-0.026
-0.016
-0.015
-0.072
-0.043
-0.087
-0.119
-0.006
-0.098
-0.061
-0.003
-0.063
-0.003
0.003
-0.096
-0.11
-0.105
-0.068
-0.096
-0.085
-0.071
-0.018
-0.061
-0.056
-0.031
0.044
-0.015
-0.095
-0.015
0.019
-0.004
0.02
-0.114
-0.088
-0.051
0.046
-0.045
-0.12
-0.062
-0.053
-0.062
-0.093
-0.048
-0.027
-0.044
-0.068
0.032
-0.048
-0.059
-0.11
-0.075
0.012
-0.045
-0.027
-0.097
-0.083
-0.094
-0.122
-0.087
-0.017
-0.012
-0.075
0.007
-0.065
0.014
-0.019
0.014
-0.017
-0.042
-0.07
-0.088
0.017
-0.116
0.008
-0.029
-0.074
-0.06
-0.114
-0.043
-0.105
-0.099
-0.109
-0.069
-0.085
-0.111
-0.058
0.026
-0.057
-0.001
-0.078
0.002
-0.056
-0.06
-0.096
-0.079
-0.039
-0.053
-0.032
0.02
-0.086
-0.049
-0.078
0.004
0.003
-0.05
-0.094
-0.115
-0.055
-0.125
-0.064
-0.031
-0.094
-0.156
-0.151
-0.118
-0.002
-0.07
-0.088
-0.03
-0.074
-0.043
0.01
-0.076
-0.091
-0.036
-0.053
-0.068
0.034
0.024
-0.081
-0.062
0.002
-0.055
-0.07
-0.109
-0.043
-0.102
-0.042
-0.086
-0.121
-0.08
-0.028
-0.069
-0.095
-0.087
-0.035
-0.051
-0.14
-0.048
-0.095
-0.035
-0.071
-0.012
-0.066
-0.038
0.002
-0.018
0.002
-0.102
0.001
-0.05
-0.152
-0.058
-0.013
-0.098
-0.095
-0.087
-0.141
-0.023
-0.058
-0.007
-0.062
0.002
-0.075
-0.091
-0.017
-0.046
-0.054
-0.052
-0.053
-0.097
-0.088
-0.014
-0.079
0.013
-0.069
-0.048
-0.085
-0.074
-0.037
-0.082
-0.066
-0.09
-0.021
-0.035
-0.045
-0.103
-0.035
-0.038
-0.053
-0.06
-0.143
-0.056
-0.039
-0.013
-0.082
-0.036
-0.06
-0.04
-0.085
-0.089
-0.082
-0.064
-0.041
-0.063
-0.114
-0.064
0.014
-0.058
-0.101
-0.019
-0.036
-0.086
-0.025
-0.055
-0.043
-0.129
-0.025
-0.141
-0.02
0.0
-0.016
-0.011
-0.068
-0.112
-0.047
-0.093
-0.056
-0.055
-0.005
-0.017
-0.082
-0.014
-0.011
-0.08
-0.108
-0.045
-0.08
-0.045
-0.094
-0.093
-0.027
-0.08
-0.043
-0.006
-0.053
-0.037
-0.073
-0.121
-0.003
-0.037
-0.066
0.014
-0.038
-0.087
-0.004
-0.078
-0.042
-0.088
-0.088
-0.109
-0.008
-0.044
-0.016
-0.069
-0.047
-0.019
-0.019
0.066
-0.123
-0.005
-0.07
-0.11
-0.032
-0.004
-0.001
-0.043
-0.094
-0.064
-0.099
-0.065
-0.048
-0.002
-0.074
-0.068
-0.059
-0.076
-0.096
0.035
-0.106
-0.083
-0.029
-0.051
-0.007
-0.04
-0.119
-0.05
-0.084
-0.107
-0.09
-0.116
-0.046
-0.032
-0.043
-0.076
-0.078
-0.082
-0.082
-0.023
-0.058
-0.066
-0.047
-0.026
-0.046
-0.052
-0.06
0.005
-0.055
-0.063
-0.002
0.002
-0.014
-0.117
-0.034
-0.043
-0.062
-0.11
-0.025
-0.008
-0.059
-0.1
-0.077
-0.037
-0.048
-0.031
0.0
-0.064
0.004
-0.021
-0.054
-0.071
-0.044
-0.039
-0.07
-0.075
-0.06
-0.025
-0.066
-0.117
-0.108
-0.103
-0.148
-0.01
-0.049
-0.084
-0.088
-0.061
-0.07
-0.047
-0.109
-0.037
0.0
-0.054
-0.034
-0.01
-0.029
-0.053
-0.126
-0.007
-0.058
0.019
-0.077
-0.049
-0.041
-0.033
-0.096
-0.034
0.058
-0.045
-0.033
-0.083
-0.072
-0.102
-0.095
-0.04
-0.074
-0.026
-0.062
-0.049
-0.044
-0.096
-0.093
-0.036
-0.004
-0.015
-0.104
-0.114
-0.052
-0.036
0.021
0.025
-0.009
-0.08
-0.085
-0.04
-0.049
-0.077
-0.026
0.009
-0.056
-0.066
-0.112
-0.079
-0.08
-0.03
-0.112
-0.087
-0.02
-0.101
0.017
-0.147
-0.029
-0.067
-0.118
-0.084
-0.147
0.024
-0.086
-0.028
-0.02
-0.071
0.011
0.002
-0.079
-0.044
-0.06
0.004
-0.034
-0.127
-0.107
-0.053
0.065
-0.191
-0.114
-0.116
-0.132
-0.036
-0.069
-0.095
-0.058
-0.034
-0.038
-0.131
-0.092
-0.039
-0.056
-0.082
-0.126
-0.089
-0.08
-0.04
-0.06
-0.109
-0.085
-0.075
-0.062
0.01
-0.005
-0.015
0.002
-0.039
-0.091
-0.031
-0.068
-0.006
-0.075
-0.023
-0.155
-0.078
0.013
-0.032
-0.024
-0.023
-0.038
-0.021
-0.107
-0.047
-0.02
-0.034
-0.017
-0.061
-0.142
-0.141
-0.103
-0.066
-0.035
-0.015
-0.039
-0.095
-0.09
-0.136
-0.13
-0.049
0.001
-0.021
-0.085
-0.064
-0.015
-0.049
-0.024
-0.003
-0.019
-0.038
-0.037
-0.075
-0.006
-0.116
-0.052
-0.064
-0.119
-0.032
-0.063
-0.068
-0.044
-0.027
-0.068
-0.075
-0.064
-0.006
-0.079
-0.072
-0.047
-0.051
0.011
0.0
-0.069
-0.018
-0.031
-0.043
0.032
-0.042
-0.082
-0.047
-0.02
-0.019
-0.093
0.005
-0.082
-0.093
-0.009
-0.081
-0.103
0.007
0.025
-0.091
-0.102
-0.08
-0.019
-0.022
-0.066
-0.046
-0.094
-0.11
-0.079
-0.059
-0.061
0.025
-0.089
-0.059
-0.038
-0.026
-0.053
-0.106
-0.081
-0.037
-0.077
-0.086
-0.114
-0.046
-0.017
-0.093
-0.029
-0.067
-0.019
-0.087
-0.032
-0.094
-0.077
-0.038
-0.001
-0.009
-0.065
-0.067
-0.063
-0.085
-0.108
-0.028
-0.031
-0.069
-0.067
-0.126
-0.051
-0.05
-0.104
-0.098
-0.066
-0.099
-0.109
-0.096
-0.094
-0.057
-0.021
-0.125
-0.027
-0.081
-0.095
-0.07
-0.072
-0.095
0.01
-0.103
-0.083
-0.013
-0.098
-0.056
-0.044
-0.072
-0.091
0.024
-0.033
0.004
-0.121
-0.03
-0.048
-0.032
-0.059
-0.091
-0.055
-0.127
-0.014
-0.133
-0.03
-0.1
-0.006
-0.02
0.003
-0.099
-0.134
-0.041
-0.084
-0.062
-0.102
-0.07
-0.077
-0.137
-0.053
0.036
0.012
-0.073
-0.055
0.003
-0.082
-0.067
-0.103
-0.08
-0.086
-0.035
-0.006
-0.064
-0.046
-0.055
-0.153
-0.118
-0.122
-0.1
-0.039
-0.088
-0.088
-0.054
-0.005
-0.115
-0.058
-0.12
-0.091
-0.064
-0.121
-0.079
-0.116
-0.054
-0.093
-0.05
-0.032
-0.133
-0.057
-0.106
-0.124
-0.11
-0.04
-0.042
-0.037
-0.035
-0.079
-0.101
-0.077
-0.051
-0.052
-0.11
-0.074
-0.022
-0.056
-0.062
-0.046
0.011
-0.059
-0.011
-0.014
-0.018
-0.041
-0.069
-0.037
-0.139
-0.002
-0.039
-0.085
-0.059
-0.101
-0.042
-0.024
-0.059
0.015
-0.094
-0.059
-0.066
-0.05
0.007
-0.045
-0.027
-0.035
-0.001
-0.122
-0.016
-0.051
-0.01
-0.007
-0.052
-0.015
-0.03
-0.085
-0.109
-0.03
-0.082
-0.15
-0.071
-0.014
-0.047
-0.078
-0.149
-0.087
-0.053
0.04
-0.021
-0.011
-0.026
0.033
-0.037
-0.111
-0.039
-0.06
-0.022
-0.024
-0.118
-0.009
-0.006
0.048
-0.032
-0.028
-0.078
0.005
-0.036
0.001
-0.086
-0.042
-0.11
-0.07
-0.073
-0.075
-0.062
0.022
-0.074
-0.033
-0.012
-0.039
-0.073
-0.099
-0.051
-0.075
-0.112
-0.094
-0.076
-0.075
0.002
-0.091
-0.024
-0.035
-0.028
-0.121
-0.057
-0.005
-0.058
-0.034
-0.144
-0.047
-0.017
-0.013
-0.08
-0.008
-0.084
-0.134
-0.014
-0.055
0.004
-0.082
-0.096
-0.044
-0.041
-0.079
-0.097
-0.129
-0.083
-0.067
-0.06
-0.089
-0.096
-0.063
-0.082
-0.031
-0.106
-0.13
-0.028
-0.048
-0.11
-0.062
-0.024
0.005
-0.027
-0.053
-0.063
-0.066
-0.135
-0.126
-0.11
-0.034
-0.06
-0.091
-0.074
-0.071
-0.082
0.034
-0.015
-0.1
0.004
-0.097
-0.014
-0.159
-0.112
-0.062
-0.069
-0.06
-0.023
-0.041
-0.118
-0.091
-0.081
0.015
-0.075
-0.047
-0.126
-0.089
-0.025
-0.079
-0.022
-0.029
-0.051
-0.009
-0.104
-0.071
-0.003
-0.042
-0.052
-0.003
-0.092
-0.093
-0.058
-0.043
-0.097
-0.031
-0.071
-0.133
-0.078
-0.072
-0.025
-0.087
-0.113
-0.109
-0.057
0.048
-0.098
-0.06
-0.144
-0.077
-0.032
-0.015
-0.038
-0.121
-0.032
-0.059
0.0
-0.063
-0.102
0.004
-0.048
0.012
-0.036
-0.048
-0.11
-0.04
-0.071
0.002
-0.002
-0.04
-0.085
-0.117
-0.057
-0.059
-0.066
-0.137
-0.008
-0.089
-0.106
-0.05
-0.06
-0.115
-0.03
-0.088
-0.027
-0.067
-0.056
-0.063
0.064
-0.023
-0.026
-0.017
-0.104
-0.062
-0.017
-0.085
-0.084
-0.084
-0.096
-0.088
-0.035
0.014
-0.07
-0.021
-0.1
-0.046
-0.103
-0.084
-0.078
-0.088
-0.03
0.021
-0.04
-0.023
-0.056
-0.07
-0.027
-0.085
-0.042
-0.074
-0.069
-0.118
-0.062
-0.104
-0.068
-0.094
-0.119
-0.003
-0.055
-0.038
-0.056
-0.013
-0.077
-0.106
-0.056
-0.031
-0.108
-0.051
-0.084
-0.013
-0.078
-0.022
-0.129
0.01
-0.052
-0.068
-0.045
-0.042
0.024
-0.07
-0.033
-0.045
-0.03
-0.021
-0.102
-0.067
-0.1
-0.07
-0.055
-0.033
-0.041
-0.033
-0.104
-0.07
-0.013
-0.117
-0.045
0.023
-0.021
-0.037
-0.063
-0.047
-0.052
-0.131
-0.079
0.001
-0.082
-0.018
0.011
-0.07
-0.05
-0.06
-0.005
-0.003
-0.061
-0.018
-0.089
-0.095
-0.056
-0.124
-0.093
-0.004
-0.032
-0.037
-0.08
-0.082
-0.05
-0.024
0.04
-0.03
0.029
-0.016
-0.119
-0.09
-0.058
-0.028
-0.024
-0.054
-0.021
-0.042
-0.052
-0.093
-0.048
-0.066
-0.144
-0.093
-0.021
-0.056
-0.029
-0.009
-0.111
-0.008
-0.056
0.023
-0.04
-0.106
-0.053
0.029
-0.042
-0.053
-0.022
-0.054
-0.052
-0.104
-0.058
-0.081
-0.01
-0.141
-0.037
-0.053
-0.055
-0.068
-0.078
-0.006
-0.017
-0.009
-0.043
-0.03
-0.016
-0.076
0.005
-0.081
0.004
-0.086
-0.099
-0.05
-0.012
-0.093
-0.054
-0.052
-0.001
0.045
0.016
-0.051
-0.034
-0.107
-0.039
-0.044
-0.112
-0.042
-0.141
0.008
0.015
-0.094
-0.072
0.001
-0.093
-0.016
-0.063
-0.076
0.005
-0.047
-0.067
-0.095
-0.01
-0.041
-0.007
-0.092
-0.007
-0.046
-0.065
0.012
-0.021
-0.014
-0.054
-0.098
-0.126
-0.058
-0.064
-0.125
-0.048
-0.035
-0.021
-0.069
-0.047
-0.07
-0.083
-0.076
-0.028
0.027
-0.068
-0.102
-0.07
-0.091
-0.044
-0.056
0.027
0.003
-0.096
-0.006
-0.11
-0.027
-0.026
-0.025
-0.054
-0.072
0.052
-0.065
-0.152
-0.053
-0.002
-0.034
-0.003
-0.052
-0.015
-0.076
-0.088
-0.051
-0.069
-0.105
-0.048
0.004
-0.043
-0.042
-0.115
-0.07
-0.01
-0.003
-0.066
-0.022
-0.064
-0.064
0.004
-0.01
-0.142
-0.074
-0.082
-0.096
-0.058
-0.028
-0.131
-0.124
-0.018
-0.04
-0.06
-0.125
0.008
-0.009
-0.039
-0.062
-0.007
-0.068
-0.107
-0.014
-0.067
-0.079
-0.019
0.028
-0.03
0.025
-0.026
-0.116
-0.094
-0.02
-0.11
0.01
-0.08
-0.055
0.021
-0.059
-0.059
-0.05
-0.028
-0.033
-0.009
-0.099
-0.041
-0.042
-0.074
-0.089
-0.026
-0.087
-0.023
-0.057
-0.062
0.035
0.041
-0.165
-0.052
-0.036
-0.066
-0.054
-0.023
-0.04
-0.067
-0.021
-0.083
-0.062
-0.032
-0.078
-0.05
-0.024
-0.009
-0.128
-0.045
-0.009
-0.075
-0.025
-0.065
-0.043
-0.062
-0.013
-0.059
-0.01
-0.003
-0.028
-0.005
-0.107
-0.074
-0.105
-0.095
-0.054
-0.052
-0.065
-0.016
-0.036
-0.014
-0.05
0.019
-0.078
0.009
-0.028
-0.108
-0.074
-0.1
-0.065
-0.021
-0.104
-0.085
-0.131
-0.084
-0.076
-0.076
-0.03
-0.041
-0.064
-0.05
-0.038
-0.058
-0.035
0.015
-0.008
-0.028
-0.031
-0.061
-0.107
-0.083
-0.047
0.014
-0.032
-0.079
-0.032
-0.064
-0.071
-0.061
-0.08
-0.022
-0.035
-0.04
-0.064
-0.078
-0.041
-0.095
-0.006
-0.067
-0.114
-0.132
-0.056
-0.088
-0.02
-0.098
-0.025
-0.058
-0.1
-0.116
-0.063
-0.09
-0.06
-0.029
-0.101
-0.066
-0.053
-0.135
-0.05
-0.074
-0.014
-0.062
-0.097
-0.084
-0.037
-0.149
-0.047
-0.046
-0.022
-0.08
-0.055
-0.09
-0.036
-0.04
-0.09
0.0
-0.127
-0.07
0.028
-0.074
-0.069
-0.041
-0.087
-0.049
0.006
-0.024
-0.026
-0.033
-0.092
-0.035
-0.036
-0.052
-0.085
-0.055
-0.039
-0.028
-0.1
-0.072
-0.132
-0.051
-0.117
-0.093
0.05
-0.142
-0.064
-0.022
-0.045
-0.045
-0.08
-0.06
-0.059
-0.036
-0.036
-0.086
-0.072
-0.059
-0.006
-0.042
-0.132
-0.047
0.024
-0.091
-0.054
-0.102
-0.142
-0.072
-0.031
0.013
-0.054
-0.048
-0.146
-0.077
-0.018
-0.023
-0.002
0.034
-0.161
-0.01
-0.05
-0.004
-0.042
-0.067
0.062
-0.023
-0.03
-0.016
-0.063
-0.089
-0.038
-0.041
-0.121
0.024
-0.115
0.009
-0.077
0.042
-0.05
-0.043
0.015
-0.083
-0.099
-0.018
0.007
-0.036
-0.113
-0.161
-0.052
-0.033
-0.05
-0.089
-0.065
-0.04
-0.04
-0.115
-0.093
0.004
-0.085
-0.024
-0.015
-0.075
-0.026
-0.092
-0.047
-0.107
-0.01
-0.046
0.0
-0.022
0.068
-0.054
-0.051
-0.012
-0.046
-0.051
-0.048
-0.03
-0.056
-0.038
-0.092
-0.035
-0.107
-0.075
-0.036
-0.075
-0.08
-0.019
-0.152
-0.089
-0.042
-0.074
-0.097
-0.019
-0.043
-0.032
-0.05
-0.036
-0.033
-0.072
-0.042
-0.05
-0.018
-0.057
-0.063
-0.074
0.001
-0.053
-0.052
-0.073
0.016
-0.033
-0.056
-0.003
-0.028
-0.052
0.039
-0.134
-0.06
0.059
-0.044
-0.032
-0.051
-0.003
-0.065
-0.024
-0.045
-0.038
-0.029
-0.018
-0.014
-0.073
-0.003
-0.052
-0.038
-0.024
-0.102
-0.08
-0.039
-0.087
-0.051
0.039
-0.042
-0.176
-0.066
-0.14
-0.024
-0.121
-0.1
-0.035
-0.109
-0.017
-0.048
0.001
-0.078
-0.094
-0.14
-0.093
-0.042
-0.074
-0.088
-0.055
-0.042
-0.034
-0.068
-0.011
-0.042
-0.053
-0.035
-0.096
-0.091
0.007
-0.024
-0.096
-0.017
-0.087
-0.031
-0.076
-0.05
0.023
-0.088
-0.097
-0.039
-0.102
-0.006
0.029
-0.058
-0.063
-0.002
-0.115
-0.078
-0.075
-0.101
-0.035
0.017
-0.098
-0.006
-0.098
0.005
-0.025
-0.013
-0.101
-0.006
0.031
-0.067
-0.101
-0.05
-0.051
-0.033
-0.049
-0.073
-0.133
-0.099
-0.116
-0.097
-0.037
-0.069
-0.121
-0.092
-0.038
-0.037
-0.026
-0.076
-0.089
0.018
-0.048
-0.046
-0.078
-0.077
-0.062
-0.054
0.053
-0.049
-0.048
-0.023
-0.008
-0.105
-0.075
-0.098
-0.042
-0.083
-0.067
0.016
-0.05
-0.085
-0.084
-0.09
-0.12
-0.07
-0.003
-0.094
-0.051
-0.022
-0.113
-0.123
-0.046
-0.028
-0.031
-0.046
-0.078
-0.032
-0.055
-0.063
-0.095
-0.134
0.036
-0.022
-0.071
0.016
-0.116
-0.066
-0.087
-0.094
-0.092
-0.135
0.011
-0.064
-0.02
-0.122
-0.062
-0.016
-0.029
-0.065
-0.079
-0.12
-0.034
-0.067
-0.022
-0.08
-0.03
-0.128
-0.027
-0.045
-0.056
-0.087
-0.035
-0.114
-0.11
-0.047
-0.116
-0.06
-0.06
-0.054
-0.048
-0.084
-0.069
-0.055
-0.053
-0.004
-0.008
-0.001
-0.048
-0.01
-0.03
0.004
-0.039
-0.087
-0.003
-0.046
-0.115
-0.085
-0.104
-0.019
-0.093
-0.12
-0.066
-0.04
-0.034
0.071
-0.062
-0.028
-0.061
0.012
-0.055
-0.068
-0.052
-0.086
0.02
-0.086
-0.031
-0.099
-0.033
-0.043
-0.115
-0.022
-0.144
-0.05
-0.103
-0.057
0.03
-0.034
-0.062
-0.12
-0.064
-0.051
-0.015
-0.062
-0.077
-0.026
-0.086
-0.044
-0.106
-0.044
-0.105
-0.034
-0.05
-0.06
-0.04
0.042
-0.021
-0.094
-0.107
-0.063
0.04
-0.052
-0.12
-0.09
-0.08
-0.079
-0.077
-0.048
-0.095
-0.063
-0.059
-0.144
-0.066
-0.027
-0.104
0.01
-0.014
-0.058
-0.033
-0.005
-0.114
-0.052
-0.058
-0.071
-0.131
-0.054
-0.041
-0.042
-0.047
-0.048
-0.048
-0.06
-0.101
-0.082
-0.089
-0.028
0.03
0.009
-0.121
-0.062
-0.026
-0.095
-0.094
-0.095
0.034
-0.064
-0.026
-0.135
-0.017
-0.105
-0.019
-0.069
-0.068
-0.043
-0.05
-0.101
-0.062
-0.09
0.027
0.043
-0.025
-0.026
-0.045
-0.145
-0.117
-0.103
-0.001
-0.051
0.007
-0.018
-0.091
-0.041
-0.038
-0.056
-0.026
-0.097
-0.049
-0.026
-0.05
-0.102
-0.105
-0.047
-0.024
-0.057
-0.094
0.02
-0.095
-0.039
-0.106
0.031
-0.027
-0.082
-0.052
-0.011
-0.004
-0.094
-0.063
0.017
-0.017
-0.095
-0.083
-0.086
-0.089
-0.027
-0.151
-0.058
-0.039
-0.042
-0.068
-0.068
-0.047
-0.111
-0.079
-0.136
-0.064
-0.086
-0.112
-0.026
-0.026
-0.054
-0.087
-0.084
-0.068
0.041
-0.129
-0.037
-0.024
-0.059
-0.016
0.01
-0.091
-0.054
-0.215
-0.018
-0.109
-0.068
-0.087
-0.051
0.024
-0.015
-0.081
-0.094
-0.003
-0.042
-0.081
-0.052
-0.011
-0.027
-0.078
-0.127
0.033
-0.116
0.022
-0.034
-0.053
-0.068
-0.179
-0.118
-0.09
-0.035
-0.147
-0.055
-0.029
-0.073
-0.067
-0.016
-0.044
-0.059
-0.073
-0.024
-0.05
-0.091
0.012
-0.01
0.008
-0.094
-0.009
-0.113
-0.071
-0.018
-0.025
0.033
-0.003
-0.016
-0.035
-0.039
-0.06
-0.042
-0.068
-0.051
-0.062
-0.069
-0.073
-0.096
0.021
-0.157
-0.028
-0.06
-0.021
-0.104
0.002
-0.022
-0.109
-0.022
-0.05
-0.087
-0.073
-0.012
-0.068
-0.082
0.031
-0.057
-0.1
-0.068
-0.052
-0.1
-0.044
-0.114
-0.046
-0.096
-0.103
-0.074
-0.011
-0.012
-0.023
-0.101
-0.099
-0.031
-0.175
-0.109
-0.133
-0.039
-0.127
-0.112
-0.021
-0.057
-0.024
-0.076
-0.016
-0.083
-0.062
-0.097
-0.045
-0.106
-0.037
-0.017
-0.047
-0.011
-0.004
-0.134
-0.038
-0.061
-0.122
-0.073
-0.041
-0.022
-0.084
-0.087
-0.063
0.019
-0.031
0.007
0.004
-0.097
-0.069
-0.08
-0.045
-0.041
-0.015
0.003
-0.155
-0.096
-0.04
-0.066
0.01
-0.067
-0.086
-0.056
-0.135
-0.074
-0.044
-0.094
-0.04
-0.006
-0.103
-0.043
-0.017
-0.076
-0.068
-0.025
0.01
0.019
-0.073
-0.091
-0.104
0.052
-0.043
-0.055
-0.044
-0.032
-0.046
-0.042
-0.029
-0.032
-0.088
-0.065
-0.09
0.003
-0.058
-0.036
-0.043
0.018
-0.112
-0.065
-0.056
-0.164
-0.105
-0.077
-0.057
-0.062
-0.093
-0.064
-0.078
0.021
-0.107
0.008
0.021
-0.024
-0.131
0.025
-0.117
-0.15
-0.078
0.009
-0.126
-0.032
-0.073
-0.008
0.075
-0.1
-0.036
-0.064
-0.006
-0.026
-0.014
-0.061
0.01
-0.027
-0.035
-0.046
-0.112
-0.051
-0.095
-0.06
-0.073
-0.042
-0.056
-0.085
-0.061
-0.044
0.013
-0.069
-0.042
0.028
0.019
-0.186
-0.11
-0.051
-0.038
-0.025
-0.111
-0.072
-0.005
-0.05
-0.061
-0.016
-0.078
-0.115
-0.092
0.017
-0.036
-0.046
-0.062
-0.019
-0.033
0.003
-0.102
-0.038
-0.092
-0.039
-0.045
-0.005
-0.083
-0.037
-0.099
-0.073
-0.063
-0.101
-0.09
-0.046
-0.033
-0.056
-0.076
-0.055
-0.079
-0.075
-0.069
-0.065
-0.021
-0.083
-0.084
-0.02
-0.02
-0.051
-0.011
-0.039
-0.167
-0.12
-0.026
-0.025
-0.099
-0.079
-0.136
-0.008
-0.083
-0.095
-0.033
-0.071
-0.033
-0.026
-0.023
-0.047
-0.108
0.029
-0.072
-0.101
-0.095
-0.07
-0.002
-0.074
-0.029
0.024
-0.109
-0.08
-0.022
-0.037
-0.025
-0.041
-0.107
-0.114
-0.057
-0.097
-0.054
-0.002
-0.063
0.005
-0.088
-0.044
-0.044
-0.042
-0.089
-0.119
-0.052
-0.155
-0.037
-0.067
-0.068
-0.041
-0.07
-0.073
-0.074
-0.101
0.006
-0.064
-0.083
-0.082
-0.043
-0.053
-0.039
-0.065
-0.042
-0.004
-0.072
0.015
-0.056
-0.031
-0.046
-0.066
-0.082
-0.094
-0.098
-0.082
-0.058
-0.146
0.004
-0.051
-0.039
0.016
-0.138
0.013
-0.134
-0.072
-0.011
-0.115
-0.037
-0.085
-0.056
-0.025
-0.092
-0.077
-0.1
-0.068
-0.119
-0.091
-0.077
-0.071
-0.115
-0.018
-0.076
-0.063
-0.028
-0.103
-0.075
-0.066
-0.076
-0.084
-0.036
-0.005
-0.077
-0.1
-0.059
-0.005
-0.121
-0.093
-0.093
-0.018
-0.049
-0.004
-0.055
-0.069
-0.035
-0.063
-0.055
0.021
-0.11
-0.049
-0.026
-0.088
-0.054
-0.031
-0.118
-0.021
-0.036
-0.05
-0.017
-0.032
-0.065
-0.079
-0.061
-0.116
-0.098
0.003
-0.04
-0.088
-0.051
-0.034
-0.057
-0.02
-0.006
-0.018
-0.061
-0.1
0.014
-0.025
-0.042
0.013
-0.067
-0.065
-0.075
-0.053
-0.103
-0.081
-0.058
-0.101
0.007
-0.001
-0.016
-0.063
0.0
-0.03
-0.048
0.005
-0.065
-0.174
0.015
-0.119
-0.049
-0.057
-0.12
-0.14
-0.134
-0.115
-0.116
-0.021
-0.078
-0.043
-0.141
-0.056
-0.029
-0.066
-0.034
-0.052
-0.101
-0.079
-0.055
0.009
-0.101
-0.026
-0.045
-0.027
-0.066
-0.117
-0.088
-0.082
-0.05
-0.108
-0.001
-0.078
-0.012
-0.072
-0.069
-0.054
0.026
-0.063
-0.08
-0.045
-0.006
-0.064
-0.033
-0.049
-0.053
-0.059
-0.002
-0.076
-0.041
-0.107
-0.048
-0.006
-0.054
-0.042
-0.086
-0.094
-0.034
-0.049
-0.107
-0.014
-0.096
-0.09
-0.149
-0.025
-0.057
-0.029
-0.023
-0.068
-0.032
-0.067
-0.005
-0.099
0.016
-0.062
-0.028
-0.031
-0.017
-0.097
-0.088
0.033
-0.103
-0.01
-0.017
-0.007
-0.058
0.022
-0.007
-0.046
0.045
0.0
-0.058
-0.028
0.036
-0.093
-0.08
-0.085
-0.055
-0.063
-0.072
-0.063
0.009
-0.109
-0.149
-0.078
-0.118
-0.1
-0.063
-0.022
-0.043
-0.077
-0.06
-0.027
0.004
-0.082
-0.005
-0.089
-0.133
-0.021
-0.014
-0.028
-0.125
-0.111
-0.079
-0.021
-0.051
-0.036
-0.062
-0.025
-0.01
-0.073
-0.04
-0.023
-0.114
-0.078
-0.076
-0.114
-0.078
-0.027
-0.019
-0.109
-0.053
-0.01
-0.067
-0.062
-0.091
-0.108
-0.089
-0.052
-0.019
-0.094
-0.024
-0.089
-0.011
-0.01
-0.065
-0.082
-0.144
-0.08
-0.033
-0.044
-0.019
0.01
-0.07
-0.013
-0.083
-0.114
-0.036
-0.085
-0.02
-0.066
-0.145
-0.016
-0.047
-0.084
-0.096
-0.066
-0.117
-0.054
-0.06
-0.072
-0.08
-0.049
-0.07
-0.084
-0.04
-0.004
-0.043
-0.035
0.029
-0.148
-0.04
-0.071
-0.034
-0.064
-0.142
-0.036
-0.062
-0.045
-0.101
-0.056
-0.082
-0.008
-0.039
-0.003
0.002
-0.047
-0.095
-0.12
-0.056
-0.007
-0.126
-0.047
-0.076
0.014
-0.094
-0.088
-0.002
-0.064
-0.059
-0.104
-0.075
-0.052
-0.043
-0.012
-0.014
-0.021
-0.026
-0.054
-0.036
-0.066
-0.006
-0.051
-0.01
-0.045
-0.066
0.0
-0.082
-0.052
-0.036
-0.037
-0.002
-0.007
-0.049
-0.117
0.012
-0.083
0.019
-0.081
0.022
-0.108
-0.014
-0.078
-0.073
-0.044
-0.053
-0.048
-0.09
-0.014
-0.013
-0.014
-0.074
-0.112
-0.099
-0.073
-0.093
0.032
-0.05
-0.065
-0.031
0.034
-0.075
-0.036
-0.088
-0.071
-0.025
-0.023
-0.004
0.023
-0.15
-0.017
-0.025
-0.095
-0.038
-0.069
-0.101
-0.009
-0.079
-0.086
-0.04
-0.071
-0.086
-0.108
-0.111
-0.028
-0.029
-0.016
-0.079
-0.04
-0.068
0.002
-0.103
-0.02
-0.082
-0.046
-0.066
-0.015
-0.03
-0.019
0.002
-0.075
-0.057
-0.072
0.0
-0.02
-0.062
-0.032
-0.056
-0.083
-0.015
-0.088
0.006
0.005
0.003
-0.031
-0.095
-0.088
-0.006
-0.122
-0.058
-0.021
-0.056
-0.126
-0.091
-0.011
-0.034
-0.06
-0.027
-0.112
-0.066
-0.058
-0.081
-0.027
-0.125
-0.098
-0.122
-0.062
-0.015
-0.032
-0.03
-0.083
-0.144
-0.118
-0.064
0.021
-0.16
-0.07
-0.021
-0.035
-0.082
-0.105
-0.064
-0.152
0.048
-0.061
0.0
-0.091
-0.013
-0.114
-0.171
-0.013
-0.044
-0.063
-0.105
-0.088
-0.107
-0.085
-0.114
-0.047
-0.017
-0.016
-0.044
-0.07
-0.056
-0.034
0.003
-0.05
-0.047
-0.076
-0.063
-0.029
-0.065
-0.092
-0.037
-0.068
-0.104
-0.081
-0.079
-0.084
-0.065
-0.037
-0.035
-0.031
-0.072
-0.1
-0.03
-0.043
-0.102
-0.035
-0.114
-0.016
-0.112
-0.088
-0.045
-0.051
0.006
-0.107
-0.08
-0.047
-0.06
-0.113
-0.046
-0.036
-0.026
-0.083
-0.034
-0.07
-0.071
0.004
-0.062
-0.082
-0.025
-0.045
-0.066
-0.087
-0.116
-0.045
-0.091
-0.099
-0.093
-0.143
-0.118
-0.097
-0.066
-0.068
-0.052
-0.037
-0.085
-0.026
-0.03
-0.029
-0.087
-0.021
-0.08
-0.063
-0.052
0.012
-0.093
-0.042
-0.036
-0.073
-0.055
-0.066
0.0
-0.053
-0.022
-0.048
-0.08
-0.067
-0.039
-0.071
-0.028
-0.033
-0.055
-0.093
-0.061
-0.109
-0.074
-0.024
-0.075
0.027
-0.077
-0.009
0.027
-0.039
-0.094
-0.035
-0.073
-0.065
-0.034
-0.082
-0.046
-0.016
-0.048
-0.102
-0.039
-0.018
-0.077
-0.01
-0.074
-0.008
0.004
-0.042
0.009
-0.072
-0.057
-0.107
-0.08
-0.125
-0.111
-0.022
-0.045
-0.131
-0.075
-0.085
-0.073
-0.09
-0.098
-0.072
-0.011
-0.058
-0.052
-0.016
-0.098
-0.037
-0.065
-0.137
-0.041
-0.074
-0.106
-0.079
-0.17
-0.005
-0.056
-0.016
-0.048
-0.05
-0.073
-0.068
-0.13
-0.099
-0.067
-0.091
-0.032
-0.004
-0.03
-0.108
-0.005
-0.045
-0.087
-0.092
0.003
-0.031
-0.029
-0.028
-0.107
-0.074
-0.023
-0.093
-0.099
-0.021
-0.075
-0.08
-0.067
-0.069
-0.04
-0.062
-0.1
-0.086
-0.12
-0.057
-0.03
-0.021
-0.083
-0.049
-0.096
-0.091
-0.071
0.004
-0.069
-0.059
-0.058
0.021
0.007
-0.067
-0.081
-0.035
0.009
-0.037
-0.078
-0.053
-0.073
-0.098
-0.085
-0.045
-0.027
-0.069
-0.042
-0.101
-0.016
-0.062
-0.031
-0.043
-0.007
-0.101
-0.018
0.021
-0.083

