-0.058
0.064
0.079
0.079
0.066
0.0
0.11
0.016
0.085
-0.003
-0.016
0.051
0.063
0.025
0.037
0.014
-0.025
-0.004
0.132
0.029
0.104
0.095
0.09
0.034
0.024
-0.038
-0.015
-0.049
0.082
0.026
0.109
0.091
0.046
0.071
-0.003
-0.02
0.018
0.011
-0.046
0.054
0.111
-0.017
0.034
0.064
0.059
-0.023
-0.084
-0.014
-0.027
0.017
-0.064
-0.063
-0.075
0.09
0.06
-0.038
0.077
-0.006
0.046
0.019
-0.014
-0.005
0.029
0.002
0.026
0.089
0.063
0.019
0.009
0.0
0.006
0.05
0.139
0.002
0.084
-0.005
0.124
0.011
-0.004
0.033
0.041
0.011
0.054
-0.066
0.097
0.062
0.04
0.077
0.024
0.181
-0.003
-0.02
0.063
0.03
0.105
0.028
0.113
-0.042
0.023
0.017
-0.004
-0.056
0.027
0.033
0.016
0.081
-0.009
0.036
-0.024
0.06
0.078
0.047
0.073
0.025
0.012
0.158
-0.04
0.008
-0.04
0.023
-0.004
0.083
-0.094
0.046
0.045
0.038
0.045
0.15
0.015
0.067
0.0
0.065
-0.035
0.033
-0.014
0.002
0.006
0.068
0.043
-0.01
0.008
0.028
-0.021
-0.089
-0.045
0.001
0.045
-0.012
0.03
-0.03
-0.033
0.099
-0.112
0.005
0.005
0.045
-0.044
0.019
0.118
0.033
0.048
0.015
0.049
-0.014
0.029
0.023
-0.001
0.14
0.082
0.115
0.035
0.068
0.031
0.069
0.09
0.021
0.004
0.106
0.036
0.058
-0.023
0.093
-0.017
0.025
0.017
-0.063
-0.003
-0.032
-0.064
0.05
0.034
0.033
0.069
0.093
0.004
0.124
0.031
0.017
0.068
0.04
0.055
0.074
-0.058
-0.102
0.034
0.078
0.016
-0.064
-0.058
0.113
-0.082
0.105
-0.001
-0.047
-0.027
0.064
0.005
0.043
0.023
0.053
-0.07
0.092
0.004
0.068
-0.05
0.015
-0.071
0.113
0.048
-0.088
0.043
0.031
0.139
0.028
0.089
0.053
0.053
0.045
0.045
0.087
0.06
0.046
0.055
-0.073
0.018
0.018
-0.084
0.063
0.019
0.052
-0.025
0.089
0.049
0.035
0.058
0.054
-0.066
0.027
0.023
0.058
0.025
0.084
0.087
0.02
0.079
0.083
0.073
0.076
0.018
0.045
0.095
-0.011
-0.029
0.197
0.127
-0.038
-0.016
0.04
0.031
0.034
-0.001
0.017
0.06
0.043
-0.016
-0.074
0.007
0.081
-0.028
0.016
0.115
0.007
0.137
0.049
0.059
0.071
0.06
0.056
-0.037
0.069
0.101
-0.019
0.007
0.07
0.036
0.058
0.04
0.062
0.048
0.068
-0.024
-0.023
0.055
0.005
0.069
0.027
0.068
0.096
0.017
0.096
0.065
-0.012
0.066
0.055
-0.042
-0.004
0.034
0.102
-0.018
0.038
0.106
0.13
0.06
0.066
0.15
0.079
-0.024
-0.06
0.123
0.019
0.026
-0.028
0.039
0.068
0.03
0.125
-0.003
-0.017
0.084
0.006
0.027
-0.025
0.05
-0.012
0.065
-0.012
0.013
0.118
0.027
-0.021
0.021
0.035
0.061
-0.018
-0.026
0.095
0.067
-0.072
0.09
-0.109
0.089
0.001
0.076
0.109
0.1
0.0
0.081
0.056
0.012
0.031
0.015
0.091
-0.106
-0.007
0.042
0.017
0.026
0.088
0.037
0.036
0.015
0.022
0.071
-0.038
0.046
0.026
-0.024
0.022
-0.037
-0.007
-0.077
0.094
0.034
0.003
0.001
0.081
-0.018
-0.011
0.042
0.054
-0.014
0.104
0.131
0.07
0.067
-0.007
-0.04
0.008
-0.008
0.062
0.015
0.017
0.041
0.036
-0.03
0.012
-0.049
0.006
0.118
0.039
-0.039
0.128
0.035
0.001
0.074
0.061
0.068
0.064
0.017
0.088
0.088
-0.068
0.0
0.14
0.018
-0.022
-0.069
0.023
-0.012
-0.039
-0.012
0.047
0.065
-0.006
0.062
-0.029
0.035
-0.057
0.006
0.068
-0.074
0.031
0.115
-0.047
-0.031
0.052
0.015
-0.074
-0.033
-0.013
0.067
0.026
0.067
0.05
0.02
0.085
0.05
-0.034
0.026
0.088
0.089
0.108
0.026
0.001
0.057
-0.012
-0.016
0.02
0.057
-0.036
0.061
0.07
0.123
-0.004
0.018
0.113
-0.017
0.012
0.002
-0.006
0.02
0.02
0.021
0.044
0.012
-0.029
0.021
0.007
0.027
0.012
0.071
0.055
0.003
-0.02
0.015
0.029
-0.087
0.033
0.055
0.103
0.156
-0.004
0.03
0.033
-0.018
0.057
0.041
0.046
0.045
-0.002
0.073
0.027
-0.03
-0.025
0.037
0.071
0.04
0.058
0.033
-0.012
0.108
-0.067
0.03
0.09
-0.018
0.087
-0.053
-0.014
-0.057
-0.005
0.02
0.09
0.004
0.136
-0.028
-0.008
0.028
0.073
0.088
0.03
0.0
0.033
0.017
0.035
0.107
-0.02
-0.016
0.019
0.087
0.031
0.073
0.054
0.061
-0.016
0.106
-0.023
-0.015
0.144
0.07
-0.068
-0.025
0.016
0.059
0.031
0.123
0.023
0.11
-0.021
0.117
0.101
0.056
0.1
-0.018
0.104
0.015
0.088
0.155
0.103
0.071
-0.035
-0.001
0.066
0.047
0.049
-0.021
0.051
0.047
0.052
0.052
0.003
0.069
0.04
0.062
0.049
0.049
0.008
0.04
0.042
0.063
-0.045
0.032
0.071
0.106
-0.017
0.055
0.061
0.002
0.003
-0.081
-0.003
0.018
0.032
-0.014
0.097
0.1
0.028
0.051
0.017
0.039
0.069
-0.108
0.11
0.043
0.096
0.06
0.082
0.039
0.046
0.001
-0.045
0.031
0.068
0.107
0.003
0.025
0.046
0.026
-0.075
0.004
0.027
0.026
0.023
0.089
0.093
0.021
0.01
0.036
0.038
0.064
0.024
0.036
-0.058
0.072
0.102
0.065
0.04
0.009
0.002
-0.026
0.035
0.015
0.049
-0.011
0.048
0.019
-0.039
0.018
0.019
0.024
0.018
-0.001
-0.029
-0.001
0.092
-0.009
0.007
0.097
0.033
-0.034
0.023
-0.052
0.026
0.034
0.029
0.022
0.039
-0.03
-0.034
0.107
0.0
0.062
0.031
0.065
0.055
0.057
-0.007
0.043
0.059
-0.026
0.03
0.049
0.003
0.112
0.021
0.067
0.078
0.107
0.028
-0.062
-0.004
0.011
0.015
0.072
0.13
0.109
0.011
0.07
0.009
-0.019
-0.024
0.023
0.043
0.081
0.106
0.037
0.03
0.084
0.096
-0.005
0.078
0.099
0.015
0.069
0.051
0.038
-0.054
0.039
-0.012
-0.037
0.052
0.011
0.125
0.037
-0.041
0.018
0.059
0.009
0.073
0.045
0.13
0.021
0.028
0.044
0.016
0.169
-0.039
0.125
0.032
0.089
0.016
0.123
0.033
0.062
0.07
-0.019
-0.004
0.063
-0.006
0.101
0.062
0.003
0.079
0.091
0.075
0.062
0.096
0.056
0.021
0.072
0.05
0.009
-0.004
0.061
-0.025
0.026
0.016
0.002
-0.119
0.059
0.082
-0.003
0.099
-0.029
0.094
-0.002
0.002
0.025
0.082
0.012
0.013
0.054
-0.012
-0.047
-0.029
-0.041
0.141
-0.01
0.011
0.044
0.035
-0.048
0.093
-0.002
-0.006
0.002
-0.023
0.061
0.005
-0.023
0.023
-0.009
0.028
0.016
0.072
0.096
-0.041
-0.006
-0.001
0.052
-0.086
0.06
-0.005
-0.014
-0.008
0.038
0.04
0.086
0.047
0.025
0.043
0.059
0.052
0.047
0.007
-0.014
0.081
-0.002
-0.061
0.121
0.054
0.059
0.062
0.056
0.06
0.064
-0.008
0.009
0.079
0.003
-0.016
0.021
0.061
0.058
-0.017
0.04
0.1
-0.03
0.063
0.099
0.096
-0.001
0.058
0.092
-0.064
0.033
0.007
0.059
0.029
0.089
-0.045
0.047
-0.055
0.048
0.008
0.013
0.05
-0.01
-0.014
-0.048
0.02
0.034
-0.019
0.047
-0.007
-0.011
0.0
0.071
0.035
0.017
0.096
-0.016
-0.028
0.023
0.064
0.098
0.024
0.062
-0.003
0.046
0.036
0.044
-0.047
-0.045
0.13
0.043
0.049
0.051
0.092
0.002
-0.078
0.003
-0.047
-0.049
0.049
0.031
-0.02
-0.043
0.121
-0.008
0.024
0.009
0.042
0.105
0.063
0.13
-0.044
0.023
0.072
0.037
0.045
0.075
-0.006
-0.039
-0.04
0.062
0.08
-0.018
0.029
0.075
-0.048
0.028
-0.006
0.006
-0.006
0.017
-0.001
-0.011
-0.014
0.03
0.047
0.003
-0.006
0.027
0.005
0.081
0.109
0.087
0.009
-0.041
-0.004
-0.053
0.053
0.037
0.097
0.023
0.027
0.1
-0.063
-0.055
0.068
-0.101
0.114
0.102
0.087
0.028
0.036
-0.014
0.032
0.062
-0.081
-0.005
0.054
-0.037
-0.012
0.025
-0.013
-0.014
-0.018
0.112
0.108
0.007
0.092
0.038
0.116
0.03
0.051
-0.061
0.043
-0.023
-0.04
0.045
-0.047
0.073
-0.046
0.039
0.01
0.059
-0.026
0.064
-0.003
0.01
0.058
-0.003
0.088
0.123
0.022
-0.005
0.031
-0.012
0.086
-0.024
0.004
0.057
0.022
0.039
0.032
0.11
0.094
-0.011
0.045
0.016
0.093
0.033
0.011
0.013
0.003
-0.049
0.054
0.024
0.01
0.041
-0.045
0.007
-0.016
0.018
0.046
0.092
0.007
0.032
0.087
0.001
0.073
0.037
0.036
0.007
-0.004
0.058
-0.03
0.141
0.063
0.012
0.012
0.023
0.061
-0.008
0.017
0.088
0.018
0.093
0.055
0.008
0.018
-0.021
0.007
-0.007
0.035
0.097
-0.038
-0.029
0.08
-0.019
0.063
0.008
0.039
0.101
0.005
0.057
0.081
0.056
0.053
0.034
0.078
-0.023
0.029
0.054
-0.056
-0.004
0.012
0.099
0.092
-0.047
0.126
0.128
0.036
0.012
0.135
-0.017
0.146
-0.027
0.035
0.065
0.053
0.024
0.046
0.04
0.09
0.001
0.011
0.035
-0.006
-0.012
0.011
0.022
-0.051
-0.021
-0.053
0.106
0.028
0.08
-0.032
0.117
0.089
-0.023
0.072
0.041
0.153
0.12
0.051
0.044
0.068
0.111
-0.037
0.02
0.088
0.02
0.01
0.081
0.038
0.051
0.012
0.024
0.109
-0.053
0.062
0.007
0.039
0.044
0.066
0.034
0.115
0.126
0.044
0.013
0.103
-0.028
0.054
0.003
0.004
0.079
0.067
0.1
0.076
0.02
0.053
0.026
-0.009
0.043
-0.064
0.028
0.056
0.036
0.05
0.076
0.031
-0.031
0.041
0.048
0.045
0.007
-0.006
-0.03
0.054
0.079
0.048
-0.024
0.008
0.007
0.007
0.046
-0.044
0.058
0.029
0.076
0.014
0.034
0.089
0.09
0.012
0.119
-0.025
-0.042
0.022
0.105
0.018
0.089
-0.015
-0.016
0.023
0.069
0.026
-0.03
0.058
0.026
0.006
-0.041
0.001
-0.008
0.045
0.044
0.027
0.064
0.011
-0.046
-0.007
-0.058
0.026
0.012
0.09
0.035
0.033
-0.017
-0.007
0.104
-0.034
0.032
0.121
0.071
0.004
0.028
0.109
0.027
-0.052
0.075
0.047
-0.02
0.032
0.086
0.197
-0.074
0.003
0.11
0.008
0.074
0.086
0.087
0.076
0.026
0.086
0.009
0.077
0.078
0.117
0.092
0.08
0.004
0.05
-0.006
0.015
0.099
0.053
0.129
0.059
0.072
0.004
0.029
0.172
-0.003
-0.003
0.013
0.004
-0.021
0.044
0.059
-0.034
-0.029
0.05
0.068
0.067
-0.02
0.003
0.061
0.076
-0.02
0.068
0.054
0.075
0.006
0.008
0.06
0.013
0.033
-0.062
0.028
-0.052
0.036
0.052
0.053
0.076
-0.043
0.045
0.008
0.066
0.062
-0.007
0.019
0.044
0.002
0.04
0.064
-0.032
0.083
0.073
0.097
0.069
-0.035
0.078
-0.009
0.055
-0.043
0.067
0.047
0.0
0.042
0.09
0.026
-0.054
0.085
0.02
-0.02
0.049
0.068
0.053
0.035
-0.025
0.009
0.141
0.019
0.035
0.093
-0.074
0.041
0.024
0.005
-0.002
0.12
-0.006
0.155
0.044
0.079
0.039
0.07
-0.046
0.074
0.008
-0.019
0.099
0.028
-0.046
-0.024
0.0
0.066
-0.036
0.067
-0.004
0.099
0.065
0.065
0.048
0.049
-0.019
0.057
0.05
0.057
0.024
0.026
0.053
0.015
0.08
0.067
0.119
-0.009
0.053
0.071
0.013
-0.008
0.051
-0.051
0.126
-0.037
0.123
0.133
0.024
0.033
0.099
0.026
0.092
0.043
0.159
-0.006
0.065
0.052
0.044
0.057
-0.052
0.023
0.018
0.078
0.066
0.079
0.062
-0.064
0.001
-0.048
0.023
-0.007
-0.029
0.056
0.082
0.092
0.014
0.062
0.043
0.031
-0.058
-0.008
0.063
0.041
0.053
0.089
0.08
0.068
-0.015
0.124
0.011
-0.014
0.014
0.045
0.136
0.021
0.054
0.017
0.08
0.11
0.039
0.114
0.092
-0.022
0.049
0.127
0.006
0.027
-0.044
0.052
-0.018
-0.056
0.041
0.066
0.016
0.032
0.056
0.085
0.068
-0.044
-0.026
0.025
0.04
0.039
-0.028
-0.134
0.078
-0.02
0.011
-0.006
0.08
0.044
-0.054
-0.015
0.047
-0.03
-0.016
0.08
0.046
0.001
0.084
0.0
0.005
0.019
0.045
0.043
-0.033
-0.08
-0.022
0.025
-0.025
-0.044
0.029
0.093
0.084
0.085
0.05
0.028
-0.076
0.056
-0.022
-0.052
0.109
0.041
-0.007
0.084
-0.005
-0.024
-0.093
-0.004
-0.003
0.078
0.078
-0.002
0.077
-0.053
0.073
0.076
0.128
-0.011
0.09
-0.006
0.067
0.06
-0.006
0.073
0.08
-0.049
0.044
0.048
0.09
-0.053
-0.055
0.095
0.09
0.004
-0.04
0.064
0.0
0.007
0.07
-0.016
-0.035
0.012
-0.062
-0.032
0.06
-0.006
0.11
-0.056
0.039
0.041
0.073
-0.028
0.079
0.018
0.082
0.033
0.121
0.145
0.008
0.018
0.101
0.032
0.014
0.098
-0.004
0.075
-0.009
0.011
0.041
0.029
0.025
0.046
0.05
0.033
0.038
-0.053
-0.056
0.051
0.119
0.118
0.02
-0.027
-0.04
-0.044
-0.062
-0.031
0.073
0.071
0.08
0.007
0.078
0.042
0.066
0.092
0.019
0.02
0.079
-0.007
-0.085
-0.026
0.036
0.06
0.018
-0.004
0.141
0.066
0.044
0.078
0.02
0.009
0.114
0.025
0.032
-0.013
0.12
-0.026
0.127
0.156
-0.032
0.069
0.077
0.063
0.069
0.041
-0.02
0.055
0.003
0.005
0.05
0.015
0.003
0.042
0.041
-0.006
-0.062
0.073
-0.02
0.09
-0.04
0.06
0.162
0.124
0.091
0.079
0.064
0.06
0.073
0.027
0.018
0.12
0.095
0.008
0.027
0.071
-0.028
-0.002
0.0
-0.02
0.0
0.035
0.016
0.044
0.112
0.025
0.036
0.071
0.055
0.038
-0.018
0.001
-0.001
-0.015
-0.029
0.052
0.075
-0.007
0.102
0.094
0.009
-0.02
0.04
0.145
0.105
0.016
0.079
0.026
0.066
-0.027
0.008
0.034
0.016
0.068
0.119
0.032
0.024
0.01
0.031
0.061
-0.013
0.056
0.102
0.075
0.055
-0.012
-0.003
-0.013
-0.035
0.012
0.043
0.015
0.095
0.121
0.065
-0.007
0.025
-0.022
0.008
0.017
0.06
-0.042
-0.006
0.074
0.046
-0.038
-0.019
-0.004
0.055
0.063
0.004
0.035
-0.038
-0.029
0.011
0.056
0.052
0.071
-0.016
0.004
0.026
0.037
0.119
-0.018
0.09
0.042
0.052
0.037
-0.019
0.004
0.015
0.031
0.014
0.013
0.004
0.081
-0.033
0.1
0.156
0.085
-0.156
-0.036
0.08
0.075
0.018
0.03
0.035
0.058
0.039
0.023
0.023
0.085
0.01
0.04
-0.037
0.071
-0.04
0.007
0.076
-0.055
0.057
-0.007
0.07
0.063
0.066
0.052
0.015
0.059
0.073
0.019
0.039
-0.006
0.057
0.044
0.104
0.075
0.1
0.137
0.014
0.107
0.025
0.04
-0.02
0.035
0.014
0.04
0.141
-0.042
0.061
0.009
0.031
-0.025
0.027
0.041
0.072
0.028
0.068
0.095
0.047
0.061
0.02
0.085
-0.011
0.067
0.073
0.003
0.089
0.101
-0.042
0.0
-0.002
0.033
0.05
0.05
0.021
-0.039
0.056
0.142
0.052
0.042
-0.028
-0.035
0.069
0.016
0.107
0.046
0.061
0.026
-0.047
-0.001
0.117
0.005
-0.011
0.058
0.033
0.001
0.02
0.08
0.059
0.026
-0.02
0.04
-0.007
-0.044
0.059
0.083
0.03
-0.022
-0.032
0.052
0.061
0.102
0.145
-0.007
0.079
0.049
0.049
0.025
0.035
0.085
0.035
0.054
0.047
0.015
-0.026
0.064
0.12
-0.074
-0.027
0.042
0.038
0.03
0.088
-0.03
0.046
0.016
0.058
-0.018
0.027
0.053
0.086
0.029
0.03
0.093
-0.009
0.019
0.103
0.027
-0.003
0.012
-0.037
-0.03
-0.005
-0.047
0.084
0.021
-0.006
0.091
0.002
0.06
0.023
0.002
0.053
-0.001
0.081
0.053
-0.038
0.095
-0.002
0.027
0.036
0.058
0.053
0.055
0.051
0.017
0.01
-0.051
0.077
-0.054
-0.02
0.033
-0.056
0.038
-0.023
0.077
0.037
0.068
0.034
0.066
0.065
0.001
0.02
0.029
0.021
0.037
0.048
0.051
0.085
0.04
0.041
0.074
0.12
0.005
-0.041
-0.058
0.068
0.085
-0.022
0.036
0.042
0.07
0.069
0.111
0.037
-0.045
0.042
0.041
0.072
0.024
0.106
-0.026
0.061
0.075
-0.04
0.0
-0.035
-0.055
0.043
0.099
-0.036
0.012
0.017
-0.054
0.065
0.049
0.045
-0.003
0.111
-0.016
0.105
0.05
0.131
0.011
0.069
0.033
0.054
0.053
-0.021
0.018
0.035
-0.073
0.151
0.013
0.046
-0.048
0.046
0.01
-0.013
-0.06
0.002
0.019
0.105
0.092
-0.025
0.076
0.039
0.07
0.015
0.074
0.087
-0.021
-0.04
0.027
0.042
0.081
0.056
-0.057
0.092
-0.043
-0.062
0.117
0.049
0.035
0.039
0.045
0.053
0.0
0.025
0.031
-0.017
0.017
0.011
0.001
0.032
0.004
0.023
0.108
0.068
0.095
0.083
-0.012
-0.001
0.022
0.025
0.089
0.063
0.099
0.107
0.058
0.079
0.041
0.112
-0.039
0.006
0.062
0.049
0.055
-0.009
-0.073
0.026
0.071
-0.061
0.054
-0.021
0.009
0.077
0.04
-0.023
0.059
0.008
-0.007
0.037
0.047
0.066
0.012
-0.029
0.079
0.033
0.031
-0.033
0.027
0.026
0.009
0.024
0.155
0.034
0.037
0.048
0.078
0.093
-0.045
0.095
0.013
-0.043
0.056
-0.005
0.056
0.06
0.024
0.013
-0.033
0.127
0.016
0.012
0.06
0.083
0.117
-0.017
0.094
0.002
0.068
0.015
0.115
-0.039
0.025
-0.037
0.007
0.056
0.087
0.039
0.0
0.041
0.054
0.008
0.043
0.047
0.083
-0.091
0.173
0.015
0.058
0.041
0.024
-0.066
0.038
0.032
0.039
0.06
0.087
0.07
0.059
0.049
0.033
0.089
0.007
0.055
0.034
0.088
-0.032
-0.011
0.122
-0.017
0.056
0.047
0.107
0.059
0.086
0.064
0.108
0.072
-0.052
0.121
0.022
0.104
0.073
0.032
-0.011
0.079
-0.03
0.017
0.025
0.073
0.038
-0.03
0.03
0.072
-0.058
0.035
0.075
-0.009
-0.052
0.057
0.042
0.028
-0.035
0.127
0.045
0.021
0.059
0.044
0.013
0.13
0.051
0.083
0.035
-0.026
0.087
0.097
0.013
-0.012
0.036
-0.007
0.029
-0.037
0.051
0.065
-0.123
-0.01
0.012
0.007
0.008
0.042
0.015
0.033
0.066
-0.003
0.062
0.055
-0.012
0.053
0.075
0.044
0.072
-0.023
0.092
0.076
0.062
0.029
0.01
0.04
0.042
0.033
0.087
-0.006
0.016
0.022
0.008
0.077
0.093
0.101
0.057
-0.03
0.036
0.019
0.04
-0.025
0.052
0.095
0.026
0.101
0.093
-0.002
0.09
0.028
0.076
0.031
-0.005
0.036
0.051
0.028
0.06
0.014
0.039
0.057
0.047
0.085
0.073
-0.018
0.011
0.02
-0.029
0.034
0.028
0.03
0.019
-0.008
0.065
0.058
-0.026
0.014
0.036
0.168
0.111
-0.052
0.057
0.048
0.061
0.15
0.077
0.067
-0.008
-0.094
0.058
0.016
0.036
-0.008
0.049
-0.013
0.046
0.076
-0.01
0.035
0.007
0.066
0.032
0.079
0.109
0.064
0.022
0.021
0.117
0.016
0.084
-0.035
0.033
-0.076
0.044
0.033
0.109
-0.011
0.088
0.081
0.06
0.009
0.059
-0.033
0.014
0.014
0.054
0.052
0.03
0.064
0.062
0.079
0.047
-0.009
0.008
-0.037
0.035
-0.091
-0.023
-0.05
0.036
-0.008
0.058
0.098
-0.035
-0.012
0.062
0.061
0.076
0.092
-0.03
0.025
-0.059
0.056
0.045
0.057
0.057
0.053
0.004
-0.02
0.005
0.007
0.1
0.024
0.004
0.095
0.045
-0.021
0.08
0.091
-0.015
0.088
0.094
0.007
0.043
-0.032
-0.015
0.011
0.108
0.074
0.072
0.127
-0.047
-0.02
0.049
-0.013
0.006
0.027
-0.034
0.041
0.149
0.009
-0.004
-0.045
0.019
0.029
0.098
0.053
0.029
0.013
0.114
0.017
0.029
0.06
0.015
0.045
0.115
0.071
-0.064
0.058
0.007
-0.025
0.016
0.046
0.005
0.048
-0.024
0.039
-0.039
-0.076
0.08
-0.031
0.036
0.015
0.05
0.003
0.049
0.072
0.061
-0.001
0.081
0.05
-0.021
0.03
0.068
0.041
0.068
-0.031
0.026
0.099
-0.011
0.082
0.043
0.002
0.017
0.056
-0.048
0.014
-0.056
-0.003
0.046
0.06
0.052
0.066
0.01
-0.018
0.012
0.058
0.052
0.073
0.028
-0.011
0.076
0.084
0.098
-0.065
-0.008
0.037
0.037
0.017
0.074
0.015
0.021
-0.015
0.035
-0.066
0.016
-0.005
0.053
-0.015
0.053
-0.044
0.1
-0.02
0.089
0.065
-0.007
-0.012
0.045
0.034
0.076
-0.011
0.015
-0.06
-0.021
0.038
0.095
-0.053
-0.038
0.048
-0.012
0.17
0.101
0.133
0.102
0.081
0.039
0.111
-0.05
0.078
-0.004
0.034
-0.006
-0.037
0.06
-0.009
0.015
0.076
0.039
0.04
-0.008
-0.009
-0.023
-0.001
0.123
0.033
-0.009
-0.015
0.107
0.033
-0.055
0.051
0.037
0.012
0.038
0.018
0.056
0.127
0.035
0.071
0.05
0.06
0.017
0.024
0.018
0.049
0.058
0.046
0.099
-0.052
0.142
0.07
-0.016
-0.024
0.109
0.033
0.006
0.007
0.077
0.087
0.086
-0.01
0.007
0.117
0.137
0.039
0.029
-0.088
0.089
0.006
0.06
0.076
-0.017
0.072
0.047
-0.046
0.146
0.028
0.06
0.054
0.084
0.067
-0.037
0.008
0.016
0.035
0.047
-0.014
0.062
-0.066
-0.121
0.04
-0.033
0.018
0.017
0.057
0.008
-0.024
0.021
-0.038
0.048
0.08
-0.015
-0.013
0.002
0.03
0.002
-0.042
0.035
-0.06
-0.072
0.036
-0.003
-0.076
0.103
0.086
-0.043
0.117
0.093
0.089
0.062
0.01
-0.038
0.042
-0.018
0.073
0.012
0.057
0.016
0.121
0.079
0.08
0.12
0.038
0.094
0.029
0.067
0.081
-0.02
0.061
-0.057
0.094
0.005
0.149
0.121
0.037
0.063
0.054
0.087
0.006
0.031
0.057
-0.063
-0.003
-0.013
0.109
0.047
0.04
0.049
0.004
-0.05
-0.009
-0.027
0.078
-0.007
0.012
0.009
0.0
0.061
0.083
-0.059
0.032
0.077
-0.042
0.101
0.067
-0.029
0.084
-0.031
-0.045
0.064
-0.015
0.041
0.039
0.014
-0.013
0.022
0.031
0.019
0.069
-0.01
-0.001
0.114
0.101
-0.011
0.022
-0.008
0.062
0.001
0.054
-0.016
-0.029
0.001
0.029
0.042
-0.002
0.019
-0.017
-0.004
0.041
0.088
0.008
0.043
0.074
0.067
0.001
-0.006
0.083
0.009
0.081
-0.051
0.043
-0.014
0.019
0.04
0.091
0.056
-0.029
-0.011
0.043
0.109
-0.082
0.009
0.081
0.118
0.041
0.041
-0.007
0.066
0.061
0.058
0.016
0.054
0.075
0.061
0.089
0.013
0.088
-0.081
0.091
0.034
-0.007
-0.02
0.1
0.108
0.047
-0.014
0.057
0.031
0.047
-0.015
0.015
-0.037
-0.008
-0.015
0.05
0.013
0.146
0.077
0.132
-0.017
0.052
0.03
0.065
0.126
0.074
0.137
0.022
-0.008
-0.009
-0.007
0.061
0.018
-0.009
0.029
0.158
0.028
-0.081
-0.065
0.001
0.004
-0.017
0.03
0.033
0.052
0.124
-0.054
0.084
0.07
0.032
-0.023
0.132
0.095
0.044
0.06
0.071
0.055
0.022
0.047
-0.051
0.085
-0.004
0.106
-0.1
0.01
0.028
0.014
0.086
0.021
-0.005
0.097
0.009
0.048
0.084
0.008
-0.028
0.054
0.016
0.036
0.012
0.068
0.073
-0.043
0.029
-0.029
0.073
0.005
0.048
0.016
0.0
-0.024
0.098
0.141
0.022
0.056
-0.03
0.055
0.053
-0.014
0.067
0.018
-0.05
0.056
-0.006
-0.003
0.002
0.024
0.03
0.038
0.055
-0.043
0.086
0.045
0.105
0.044
0.013
0.078
-0.032
0.013
0.012
0.09
0.061
0.026
-0.019
0.11
0.051
0.027
-0.102
-0.012
0.077
-0.025
0.077
-0.023
0.079
-0.005
0.019
0.069
0.037
0.072
-0.05
-0.064
-0.04
0.035
0.09
0.03
-0.023
0.059
0.001
0.096
-0.059
0.011
-0.037
0.129
0.034
0.026
0.052
0.041
-0.002
0.018
0.011
-0.028
-0.049
0.036
0.007
0.065
-0.045
0.021
0.015
-0.038
0.076
0.045
0.015
0.019
0.11
-0.059
0.046
0.035
0.044
0.095
0.081
0.065
0.076
-0.001
0.065
0.054
-0.056
0.162
0.054
0.015
0.041
-0.027
0.056
0.025
0.117
-0.033
0.004
0.06
0.0
0.111
0.079
0.012
0.074
0.047
0.016
0.027
0.09
0.09
0.06
-0.075
0.033
0.033
0.034
0.084
0.045
-0.017
0.075
-0.03
-0.026
0.043
0.051
0.08
0.096
0.057
0.17
0.062
-0.039
0.017
0.001
0.076
0.072
0.07
-0.029
0.024
0.087
0.04
-0.05
0.08
-0.001
0.065
0.116
0.115
0.102
0.1
0.161
-0.05
0.061
-0.09
0.056
-0.016
0.044
-0.035
0.008
0.104
0.065
0.005
-0.03
0.031
0.006
0.0
0.102
-0.018
-0.086
0.09
-0.029
0.032
0.045
0.081
0.052
0.022
-0.004
0.108
0.015
-0.009
-0.063
0.032
0.054
0.026
0.037
0.006
0.039
0.024
0.049
0.008
-0.068
-0.037
0.054
0.02
0.014
0.035
0.021
-0.038
0.086
0.028
0.012
-0.06
0.02
0.125
-0.025
0.108
-0.023
0.012
0.03
0.035
0.029
-0.059
0.028
0.058
0.119
0.046
0.038
0.117
-0.013
0.068
0.015
0.053
0.016
0.06
-0.003
0.024
0.031
0.097
0.067
-0.01
0.04
0.079
0.015
0.025
-0.008
-0.034
0.028
0.066
-0.009
-0.028
-0.051
-0.004
0.138
-0.001
0.13
0.07
0.02
0.026
0.068
0.025
-0.022
-0.028
0.013
-0.008
0.063
-0.015
0.03
0.063
-0.025
0.008
-0.032
0.031
0.125
0.028
-0.095
-0.057
-0.004
0.007
0.145
0.018
-0.113
0.05
0.041
0.061
0.11
0.03
0.006
0.016
-0.002
0.009
0.001
-0.05
0.028
0.041
0.031
0.065
0.027
0.11
0.042
-0.038
0.023
0.007
0.023
0.105
0.065
-0.01
-0.091
0.007
-0.05
0.058
0.058
0.09
-0.003
-0.01
0.024
-0.032
-0.046
0.099
-0.008
0.1
0.018
0.045
-0.016
-0.017
-0.021
-0.002
0.042
0.061
0.149
-0.033
0.022
0.081
0.003
-0.045
-0.009
-0.018
0.044
-0.034
0.048
-0.017
0.082
0.022
0.061
-0.016
0.038
0.058
0.033
0.092
-0.002
0.098
0.098
0.018
0.061
-0.022
-0.045
0.021
0.03
0.035
0.063
-0.049
-0.067
0.096
-0.06
-0.006
0.012
0.064
0.01
0.107
0.04
0.133
0.105
0.019
0.025
0.106
-0.012
0.063
0.089
0.0
-0.092
0.024
0.091
-0.04
0.021
-0.009
0.068
0.062
-0.002
-0.039
0.01
0.071
0.026
0.002
-0.02
0.041
0.006
-0.027
0.007
0.047
-0.054
0.093
0.119
0.092
-0.01
-0.019
0.103
0.079
-0.02
0.055
0.078
0.01
0.029
-0.015
0.066
0.076
0.033
0.092
0.068
-0.001
-0.037
0.004
0.073
0.033
-0.071
0.036
-0.071
0.084
0.068
0.085
0.02
-0.04
0.049
0.042
0.055
0.072
0.105
0.023
0.156
-0.05
0.021
0.015
0.035
-0.115
0.044
0.033
0.087
0.061
0.037
0.033
0.052
0.079
0.099
0.031
-0.006
0.014
-0.02
0.013
-0.032
0.015
-0.053
-0.012
-0.007
0.129
0.015
0.101
0.013
0.036
0.032
0.026
0.122
0.034
-0.005
0.007
0.053
0.002
-0.006
-0.004
0.073
-0.021
0.053
0.058
0.049
-0.021
0.071
0.092
0.053
0.133
0.002
0.012
0.015
0.021
0.041
0.09
0.051
0.14
0.049
-0.014
0.172
0.108
-0.019
0.062
-0.044
0.033
-0.022
0.048
0.086
0.111
0.097
-0.021
0.063
-0.004
0.03
-0.014
0.097
0.011
0.0
0.031
0.019
-0.04
-0.023
0.01
0.016
-0.014
0.005
0.006
0.008
-0.012
0.013
0.029
0.053
0.027
0.049
-0.031
0.017
0.036
0.038
0.051
-0.023
0.072
0.043
0.158
-0.003
0.09
-0.001
-0.019
0.019
0.13
0.061
-0.025
0.069
0.073
0.077
-0.016
0.011
0.086
0.018
0.049
-0.055
0.064
0.063
0.088
-0.026
0.027
0.047
0.019
0.087
0.027
0.05
0.058
0.048
0.047
0.061
0.078
0.046
0.057
0.029
0.076
0.061
0.09
0.064
0.104
-0.024
-0.087
0.017
0.065
-0.003
-0.001
0.046
0.054
0.063
0.039
-0.017
-0.013
0.014
-0.007
0.077
0.001
0.036
-0.021
-0.053
-0.028
0.043
0.067
-0.026
0.125
0.042
0.053
0.039
0.037
0.048
0.047
0.066
-0.026
-0.028
-0.045
-0.023
0.106
0.003
0.058
-0.037
-0.01
0.032
0.054
0.094
0.061
0.09
0.058
0.062
0.058
0.076
-0.016
-0.075
-0.008
-0.025
0.044
0.058
0.064
-0.03
-0.001
0.067
0.052
0.143
-0.018
0.033
-0.023
0.095
0.06
0.091
-0.038
0.056
0.013
0.011
-0.003
0.025
0.049
0.003
0.036
0.009
0.115
0.141
-0.009
0.0
0.089
0.048
0.076
0.01
0.045
0.037
-0.004
-0.064
-0.038
0.042
-0.005
0.083
-0.002
0.075
0.049
0.166
0.069
-0.053
-0.037
0.12
0.021
0.119
0.099
0.009
0.051
0.024
-0.079
-0.015
-0.004
0.02
0.059
-0.001
-0.029
-0.002
0.039
0.004
0.053
0.071
-0.049
0.035
0.124
-0.011
0.106
0.003
0.098
0.034
0.062
0.038
0.098
0.051
0.043
0.026
0.038
0.032
0.096
0.04
-0.014
0.078
0.106
0.064
-0.03
0.078
0.066
0.044
-0.015
0.088
-0.063
-0.019
-0.008
-0.06
0.043
0.04
0.068
0.051
0.128
0.057
-0.016
0.081
0.076
-0.016
0.064
0.015
0.006
-0.036
0.097
0.087
0.077
0.048
0.11
0.063
0.008
0.068
0.043
0.008
0.009
0.07
0.043
0.054
0.025
0.043
0.077
0.027
0.012
-0.007
0.023
0.052
-0.047
0.007
0.129
0.063
-0.033
0.039
0.028
0.079
0.069
-0.024
0.068
-0.078
-0.06
-0.007
0.037
-0.089
0.057
0.102
0.046
0.085
0.051
0.092
0.015
-0.105
0.026
-0.033
0.015
0.074
0.058
0.074
0.086
0.094
-0.031
0.08
0.016
-0.001
-0.005
0.077
0.049
0.093
-0.043
0.016
0.116
-0.002
0.007
-0.058
-0.088
0.029
0.094
0.014
-0.007
0.11
0.063
-0.007
-0.006
0.029
0.092
0.025
0.073
-0.097
0.076
-0.019
0.032
-0.02
0.057
-0.01
0.021
0.046
0.037
0.063
0.017
-0.004
0.055
0.074
0.075
-0.038
0.005
0.023
0.0
0.176
-0.082
0.067
0.056
0.06
0.075
0.026
0.002
0.047
0.041
0.096
0.056
0.007
0.036
0.091
-0.032
0.098
0.042
0.012
0.118
0.115
-0.035
0.099
-0.034
0.06
-0.032
-0.066
0.102
0.061
0.011
0.099
0.02
0.011
0.012
0.024
0.063
0.112
0.079
0.046
0.009
0.044
0.03
0.033
0.027
0.107
0.015
0.088
0.05
0.044
0.007
0.047
-0.045
0.046
0.061
-0.011
0.063
-0.008
-0.018
0.034
0.027
0.026
-0.091
0.094
0.0
0.011
0.016
0.023
0.066
0.108
-0.086
0.039
-0.016
0.071
-0.02
0.042
0.091
0.055
0.117
0.064
0.061
0.066
0.002
0.009
0.187
-0.057
0.078
-0.016
0.042
-0.001
0.041
0.067
-0.01
0.016
0.07
0.117
-0.034
0.044
0.02
-0.013
0.015
0.025
0.036
-0.001
0.042
0.202
0.015
0.077
0.129
0.084
-0.061
0.06
0.058
-0.029
0.093
0.089
0.072
-0.001
0.03
0.044
0.025
0.014
0.078
-0.025
0.054
0.026
0.013
0.109
0.011
-0.021
0.07
0.043
-0.005
0.0
0.035
0.02
0.031
0.06
0.035
0.042
-0.036
-0.005
-0.028
0.033
0.012
-0.024
-0.022
-0.002
0.0
0.087
0.005
0.016
0.001
0.05
0.082
0.023
-0.008
0.072
0.11
-0.085
-0.019
0.058
0.01
0.015
0.011
0.027
0.023
0.1
0.07
-0.033
0.04
0.009
0.076
0.023
0.072
0.094
0.009
0.031
-0.014
0.078
-0.049
0.037
0.058
0.006
0.086
0.012
0.009
0.049
0.07
-0.024
-0.018
0.088
0.021
0.037
0.036
0.023
0.023
0.042
0.02
0.032
0.015
0.122
0.042
0.084
-0.003
0.095
-0.042
0.023
0.034
0.135
0.016
0.024
-0.029
0.053
0.09
0.07
0.014
-0.012
-0.012
0.097
0.033
0.081
-0.023
0.078
0.09
-0.017
0.039
0.002
0.042
-0.017
0.024
-0.051
0.064
-0.047
0.08
0.034
-0.004
0.035
-0.039
0.146
0.03
0.011
-0.049
0.019
0.002
-0.002
0.008
0.048
0.082
0.012
0.013
0.005
0.019
0.028
0.028
-0.028
0.027
-0.02
-0.008
0.026
-0.059
0.088
0.068
0.083
0.078
0.073
-0.056
0.032
-0.004
0.009
0.015
0.027
0.051
0.037
0.047
-0.033
0.072
0.051
0.008
0.04
0.009
0.079
0.059
0.075
0.06
0.043
-0.03
0.025
0.011
0.049
-0.02
0.061
0.06
0.065
0.053
0.008
0.11
0.015
0.053
0.076
0.133
-0.052
0.02
-0.031
0.099
0.069
0.045
0.051
0.066
0.016
-0.017
0.013
0.002
0.099
0.084
0.058
0.031
0.163
0.046
0.047
0.072
0.023
0.085
0.041
-0.016
0.046
0.028
0.038
0.03
0.033
-0.019
0.135
0.024
-0.034
0.059
0.092
0.059
-0.061
0.022
-0.048
0.067
0.045
0.013
0.082
0.116
0.068
0.062
-0.075
0.084
-0.018
0.118
0.048
0.037
0.052
0.039
0.096
0.072
0.042
-0.014
-0.054
0.032
0.029
0.082
0.069
0.053
-0.029
0.005
0.079
0.045
0.077
-0.01
0.08
0.029
0.026
0.084
-0.006
0.08
-0.024
0.044
-0.003
0.124
0.064
-0.014
0.028
0.041
0.057
0.05
0.013
-0.003
0.057
-0.013
0.032
-0.017
-0.022
0.091
-0.036
0.04
0.049
0.01
0.034
0.077
0.063
-0.021
0.09
-0.033
0.004
0.103
-0.051
0.02
0.154
0.035
-0.017
0.104
0.063
0.011
0.049
0.052
0.084
0.106
0.112
0.074
-0.006
0.078
-0.023
0.064
0.131
0.092
-0.016
0.13
0.091
-0.027
-0.024
0.048
0.101
-0.03
-0.063
-0.016
0.012
-0.037
0.049
-0.004
0.072
0.006
-0.012
0.041
0.088
-0.013
0.05
0.062
-0.061
0.019
0.003
0.124
-0.028
0.002
0.074
0.043
0.035
0.134
-0.113
-0.015
0.005
0.13
-0.054
0.083
-0.023
0.089
0.023
-0.007
0.023
0.056
0.086
0.121
0.084
-0.001
-0.016
0.053
0.059
0.051
-0.015
0.059
0.039
-0.053
0.081
-0.019
0.105
0.076
-0.018
0.059
0.0
0.064
0.09
0.056
-0.018
-0.003
-0.003
0.011
-0.034
0.1
0.039
-0.019
0.111
0.008
-0.049
0.013
0.111
0.173
-0.001
0.053
-0.004
0.072
0.005
0.008
0.13
0.047
-0.035
-0.023
-0.006
0.106
0.019
0.057
-0.084
-0.007
0.085
0.121
0.06
0.055
0.058
0.119
0.027
0.115
-0.04
-0.064
0.085
0.031
0.113
-0.046
0.077
0.076
0.075
0.008
0.003
0.019
0.128
0.0
0.013
0.049
-0.01
-0.05
0.08
0.014
0.074
0.08
0.0
0.01
0.077
0.157
0.063
0.003
0.091
0.041
0.041
0.026
0.045
0.066
0.106
0.045
0.065
0.102
0.073
0.058
-0.017
-0.029
0.02
-0.031
0.117
0.094
0.061
0.013
0.076
0.04
0.013
-0.063
0.027
0.053
-0.01
0.044
-0.063
0.113
0.062
0.12
0.083
0.056
0.078
0.136
0.052
0.077
0.064
0.029
-0.027
0.075
0.043
0.018
0.093
0.014
0.069
0.027
-0.019
-0.033
0.027
0.028
0.112
0.045
0.044
0.032
0.079
0.036
0.032
0.029
0.021
-0.032
-0.044
0.036
0.078
0.146
0.038
0.05
-0.025
0.094
-0.014
0.011
-0.008
0.013
0.095
0.02
0.012
0.036
-0.043
0.088
0.043
-0.028
0.06
0.184
0.013
0.04
0.053
0.029
-0.019
0.031
-0.003
0.055
0.029
-0.037
0.023
0.027
-0.007
-0.016
0.02
0.03
0.001
-0.021
0.105
0.02
0.084
0.047
0.009
0.072
0.051
0.062
-0.033
0.02
0.044
0.05
0.058
0.006
0.007
0.035
0.088
0.007
0.001
0.065
0.037
0.038
-0.087
0.062
-0.018
0.061
-0.02
-0.024
-0.016
0.033
0.015
0.014
0.009
0.091
-0.023
0.131
0.021
-0.04
0.063
0.01
0.017
0.06
-0.026
0.114
0.024
0.003
-0.025
0.114
0.036
-0.03
0.075
-0.012
0.088
-0.011
0.069
0.088
-0.007
0.089
0.091
0.029
0.046
0.013
0.03
-0.025
0.077
0.005
-0.001
0.014
0.01
0.036
0.022
0.001
0.094
0.021
-0.069
0.057
0.067
0.047
-0.056
0.04
0.067
0.05
0.048
0.065
0.053
-0.03
0.008
0.02
0.045
0.094
0.0
0.112
-0.007
-0.075
-0.048
0.037
0.122
0.006
0.0
0.082
0.026
0.112
0.109
0.051
0.006
0.014
0.101
0.088
0.001
-0.054
0.03
0.066
0.071
0.06
0.039
-0.023
0.033
0.036
-0.049
-0.062
0.088
0.081
-0.022
0.114
0.1
0.084
0.044
0.059
-0.007
0.037
0.034
0.043
-0.031
0.013
0.04
-0.049
0.137
0.047
0.058
-0.052
0.021
0.013
0.015
0.025
0.026
0.024
-0.064
0.02
0.002
-0.032
-0.108
0.088
0.009
0.11
0.057
0.037
0.103
0.068
0.0
0.097
0.057
0.02
-0.062
0.054
-0.04
-0.028
0.089
0.009
0.039
-0.005
-0.016
-0.003
0.019
0.05
0.09
0.001
-0.056
0.032
0.109
0.058
-0.023
0.035
0.058
-0.008
0.147
0.055
0.043
-0.04
0.105
0.075
0.055
0.044
0.059
0.082
-0.009
0.106
0.133
-0.054
0.042
0.026
0.095
-0.05
-0.093
0.027
0.066
0.062
-0.053
0.01
-0.013
0.043
0.075
0.1
0.016
0.019
0.062
0.072
0.042
0.048
-0.006
-0.008
0.015
0.003
-0.048
0.017
0.047
-0.024
-0.04
0.004
-0.052
0.052
0.119
0.014
0.093
-0.014
0.041
-0.046
0.062
0.053
0.084
0.004
-0.03
0.038
0.087
-0.021
0.084
0.017
0.064
-0.044
0.054
-0.029
0.002
0.164
0.009
0.061
0.025
0.03
-0.038
0.02
0.07
-0.014
0.091
0.008
0.185
0.058
0.015
0.026
-0.02
0.004
0.084
0.002
0.03
0.101
0.09
0.045
0.081
0.062
0.011
0.094
-0.062
0.019
-0.061
0.119
-0.05
0.02
-0.005
0.08
0.011
0.003
0.085
0.138
0.005
0.04
0.029
0.034
0.147
0.035
-0.001
0.066
0.026
0.07
-0.013
-0.032
0.06
0.129
0.022
0.041
0.028
-0.036
0.002
0.095
-0.021
0.0
0.01
0.041
0.117
0.11
-0.005
0.007
0.022
0.052
-0.063
0.011
-0.041
-0.004
0.034
0.075
0.045
0.007
0.038
0.101
0.01
0.161
0.053
-0.001
0.078
0.16
0.027
0.015
0.078
0.073
0.035
0.102
0.024
0.016
0.002
0.052
0.089
0.019
0.05
0.087
-0.027
0.012
0.0
-0.028
-0.043
0.02
0.06
0.032
0.04
0.1
0.098
0.099
0.067
-0.001
0.025
0.138
0.088
-0.046
0.019
-0.087
0.087
0.022
0.059
0.061
0.066
0.086
-0.043
0.042
-0.056
0.043
0.052
-0.01
-0.005
0.05
0.01
-0.037
0.03
0.136
0.077
-0.035
0.007
0.057
0.019
-0.066
0.019
-0.048
0.038
0.083
0.077
-0.022
0.069
0.026
0.115
0.011
0.099
0.065
0.02
0.011
0.025
0.03
0.04
-0.053
0.006
0.142
0.073
0.06
0.026
0.046
0.002
0.092
0.054
0.01
0.048
0.056
-0.042
0.059
0.069
0.062
0.14
0.033
-0.064
-0.007
0.01
0.081
0.028
0.079
-0.006
0.022
0.077
0.046
-0.01
0.049
0.138
0.035
-0.047
0.041
0.06
0.054
0.027
0.043
0.018
0.06
-0.002
0.141
-0.024
0.1
0.051
0.021
0.018
-0.03
0.069
0.047
0.078
0.066
0.088
0.045
0.081
0.055
0.045
-0.058
-0.015
0.136
-0.011
0.129
0.044
0.019
0.083
0.086
0.051
-0.005
0.01
-0.04
0.099
-0.028
-0.034
-0.017
0.035
-0.003
0.023
0.162
0.055
0.055
0.069
-0.042
0.052
-0.016
0.007
0.118
0.064
0.049
0.091
-0.044
0.081
0.021
0.076
0.115
0.08
-0.032
0.062
-0.012
0.151
0.068
-0.08
0.037
0.017
0.04
-0.06
0.066
0.069
-0.015
0.044
-0.044
-0.092
-0.003
0.044
0.014
0.033
0.042
0.047
0.134
0.031
-0.099
0.139
0.074
0.073
0.05
0.011
0.127
0.05
0.066
0.133
0.061
0.199
0.116
0.048
0.05
0.013
0.05
-0.025
0.033
0.044
0.026
0.045
0.04
0.0
0.104
0.004
0.041
-0.018
0.083
0.077
-0.05
0.084
0.062
0.078
0.058
0.087
0.076
0.111
-0.061
-0.008
0.05
0.158
0.026
-0.008
0.003
0.033
0.086
-0.032
0.102
0.051
0.067
0.078
-0.018
0.036
-0.015
-0.058
-0.008
-0.028
0.066
0.012
0.095
-0.004
-0.011
0.022
0.057
-0.006
-0.009
0.094
-0.054
-0.004
0.047
0.022
0.025
0.021
0.085
0.074
0.139
0.004
-0.076
-0.01
-0.055
0.006
-0.099
0.068
0.028
0.029
0.026
-0.017
0.118
0.079
0.01
0.028
-0.022
0.007
0.009
0.017
-0.03
0.038
-0.068
0.085
-0.013
0.05
-0.094
0.055
0.006
0.075
0.135
-0.038
0.077
0.063
-0.006
0.137
0.133
0.093
0.056
0.018
0.032
0.036
0.037
0.136
0.023
0.02
0.099
-0.034
0.079
0.116
0.059
0.024
-0.034
0.016
0.007
0.036
0.035
-0.003
0.044
0.009
-0.006
0.048
0.045
0.006
0.004
-0.064
-0.071
0.064
0.178
0.08
0.075
0.018
-0.028
0.104
-0.025
0.117
0.039
0.112
0.079
0.021
0.071
0.058
0.033
0.063
0.081
0.101
0.043
0.01
0.081
0.069
0.039
0.035
-0.051
0.08
0.025
-0.006
0.1
0.015
0.027
0.057
0.027
0.032
0.062
-0.035
0.03
0.114
0.0
-0.014
0.056
0.051
0.116
0.018
-0.049
-0.029
0.024
-0.036
0.086
0.026
0.071
0.068
0.013
0.088
0.039
0.048
-0.083
0.053
-0.032
0.04
0.025
0.02
-0.006
-0.049
0.017
0.019
0.028
0.045
0.096
0.034
0.025
0.062
-0.069
-0.011
0.128
-0.088
-0.035
-0.071
0.02
0.023
0.056
0.041
0.029
0.079
-0.014
0.103
0.074
0.064
0.003
0.058
-0.016
-0.016
0.132
0.003
0.093
0.064
0.114
0.032
-0.007
0.049
0.075
0.001
-0.013
0.047
-0.084
-0.014
0.014
-0.029
0.055
0.089
-0.041
0.06
-0.005
0.097
-0.003
0.097
0.008
0.004
0.106
0.152
-0.043
0.022
0.007
0.042
0.025
0.036
-0.024
0.082
0.003
0.028
-0.007
0.039
-0.013
0.004
0.06
-0.033
0.002
0.078
0.064
0.022
0.04
0.017
0.099
0.058
0.054
0.03
0.052
0.056
-0.015
-0.068
0.013
0.001
-0.001
0.002
0.097
0.034
0.012
-0.088
0.016
0.004
0.058
0.031
-0.006
0.009
0.026
0.026
0.058
0.014
0.017
-0.022
0.061
0.01
0.076
0.05
-0.034
0.054
-0.014
-0.026
0.0
-0.085
0.096
-0.039
-0.018
0.02
0.059
0.029
-0.03
0.113
0.033
-0.003
0.049
0.019
0.023
0.074
0.036
0.058
0.06
0.118
0.05
0.027
0.088
0.091
0.002
0.111
0.066
0.039
0.027
-0.031
-0.014
0.002
0.038
0.015
0.11
0.043
0.087
0.1
-0.017
0.125
0.079
0.067
-0.017
0.032
-0.077
0.101
0.075
0.005
0.061
0.055
0.03
0.022
0.007
0.184
0.09
-0.057
0.078
-0.009
0.043
0.107
0.079
0.035
-0.01
0.032
0.104
0.059
0.065
-0.03
0.031
0.061
-0.005
-0.007
-0.006
0.066
0.097
-0.007
-0.028
-0.028
0.047
0.027
0.047
0.103
-0.058
-0.002
0.018
0.087
0.114
0.041
-0.004
0.017
0.092
0.029
-0.07
0.074
0.0
0.069
-0.03
-0.009
0.062
0.043
-0.044
-0.008
0.033
0.029
-0.01
0.023
0.042
0.033
0.023
0.108
0.05
0.011
0.055
-0.037
0.067
0.024
0.072
0.091
0.053
0.069
0.021
0.003
0.071
-0.036
0.059
0.031
0.065
0.053
0.049
0.062
0.036
0.015
0.13
0.168
0.024
0.044
0.04
0.085
-0.008
0.059
-0.003
0.054
0.043
0.026
-0.003
0.086
0.052
0.021
0.156
0.054
-0.085
0.07
0.055
0.072
0.058
0.072
0.143
0.013
0.01
0.104
-0.023
0.081
0.022
0.1
0.036
-0.001
-0.007
0.008
0.06
0.127
0.072
0.055
0.025
0.079
-0.003
0.08
0.043
-0.001
0.017
0.048
0.009
0.066
0.078
0.064
0.057
0.032
0.058
0.026
-0.028
0.146
0.016
0.029
-0.07
-0.003
0.024
0.052
0.026
0.042
0.087
0.076
0.132
0.034
-0.057
0.075
0.022
0.009
0.098
0.092
-0.027
0.052
0.062
0.156
0.05
0.035
-0.013
0.076
0.011
-0.022
0.062
0.076
0.079
-0.008
0.012
0.073
0.108
0.007
-0.054
0.023
0.02
0.114
0.096
0.035
0.07
0.005
0.013
0.075
0.019
0.043
0.0
0.063
0.032
0.024
0.012
-0.044
0.026
0.078
-0.018
0.041
0.026
0.001
0.021
0.137
0.049
-0.002
0.108
0.056
0.066
0.035
0.033
-0.002
0.019
0.049
-0.023
0.024
0.079
0.014
-0.02
0.058
0.015
0.038
-0.001
0.122
0.031
0.111
0.026
0.068
0.106
0.085
0.04
-0.009
0.041
0.091
-0.041
0.048
0.039
0.025
0.045
0.043
0.053
0.076
0.091
0.075
-0.009
0.079
0.063
0.082
0.077
0.041
0.042
-0.01
-0.061
0.06
0.048
0.047
0.033
0.102
-0.027
0.063
0.035
0.02
0.088
-0.006
-0.015
0.108
0.049
0.053
0.193
0.035
0.013
0.025
-0.1
0.128
0.09
-0.038
0.007
-0.06
-0.002
-0.089
0.055
-0.002
0.035
0.025
0.022
-0.036
0.04
0.003
0.074
0.021
0.03
0.126
-0.002
0.05
-0.034
-0.001
0.086
0.014
0.013
0.009
0.094
0.022
0.02
-0.024
0.018
0.022
0.043
-0.006
0.072
0.091
0.026
0.127
0.029
0.035
-0.022
-0.007
0.075
0.022
0.012
-0.055
-0.071
-0.013
0.083
0.041
-0.007
-0.037
0.026
0.062
0.104
-0.1
0.031
0.05
0.117
-0.03
-0.053
-0.047
0.082
0.114
0.076
0.042
-0.06
-0.047
0.086
-0.001
0.024
-0.015
0.088
0.029
0.074
0.121
0.017
0.084
0.042
-0.011
0.028
-0.094
-0.04
0.074
-0.034
-0.012
0.089
0.041
0.046
0.026
-0.075
0.049
0.091
0.011
0.062
0.051
0.037
0.065
0.038
-0.045
-0.027
0.018
0.01
0.023
-0.023
0.072
0.072
-0.014
-0.018
0.01
0.071
0.038
0.09
0.161
0.116
-0.007
-0.063
0.073
0.077
0.051
-0.024
0.081
0.089
0.032
0.017
0.12
0.06
0.012
0.025
0.005
0.067
0.042
0.029
0.077
0.159
-0.009
-0.031
0.045
-0.024
0.011
-0.01
0.152
0.03
0.039
0.009
0.034
-0.01
-0.02
0.106
0.023
0.082
0.099
0.054
-0.007
0.028
0.105
-0.012
0.097
-0.012
0.048
0.011
-0.029
0.067
0.031
0.086
0.104
0.031
0.06
0.013
0.055
0.016
0.112
0.047
0.086
0.079
0.053
-0.015
0.017
0.104
-0.036
0.113
0.017
-0.039
0.016
0.114
0.065
0.112
0.04
-0.018
0.077
0.072
0.025
0.026
0.024
-0.031
0.096
-0.011
0.033
-0.048
-0.019
-0.015
0.033
-0.022
0.052
0.081
0.085
0.042
-0.011
0.056
0.033
0.094
-0.009
0.055
0.087
0.066
0.058
0.008
0.093
0.148
-0.045
0.022
-0.023
-0.01
0.07
0.029
0.086
-0.016
-0.051
-0.018
0.012
0.054
-0.027
0.116
0.045
0.098
0.06
0.103
0.071
-0.027
0.074
0.049
0.043
0.033
0.039
0.005
-0.067
0.019
0.031
0.066
0.03
0.066
0.076
0.04
0.051
0.054
0.088
-0.092
0.063
-0.011
0.085
-0.004
0.005
-0.038
0.06
-0.046
0.007
0.097
-0.002
0.026
0.045
0.067
0.004
0.051
-0.022
0.028
0.055
0.026
0.11
0.01
0.076
0.063
0.019
-0.011
0.109
0.11
0.062
-0.052
0.115
0.038
0.037
0.037
0.008
0.019
0.056
0.041
0.02
-0.024
0.043
0.05
-0.051
0.087
0.015
0.01
0.08
0.051
0.042
0.02
-0.108
-0.001
-0.03
0.016
0.033
0.076
-0.062
0.013
0.051
0.05
0.027
-0.032
-0.008
-0.036
0.071
0.075
0.049
0.07
0.126
0.046
-0.026
0.11
0.0
0.031
-0.004
0.018
0.067
0.048
-0.077
0.043
-0.056
0.066
-0.001
-0.024
0.035
0.072
-0.001
0.028
0.015
0.026
-0.071
0.038
0.065
-0.011
-0.007
0.038
0.006
-0.038
-0.015
0.1
0.077
0.027
0.072
0.054
0.011
0.069
0.043
0.045
0.134
0.089
0.038
0.071
0.066
0.067
-0.087
0.049
0.064
0.108
0.067
0.059
-0.043
0.026
0.016
-0.022
0.06
0.037
0.089
0.078
0.002
0.037
0.105
0.123
0.061
-0.002
0.023
0.023
0.011
0.047
-0.088
-0.05
0.013
-0.111
0.004
0.025
0.073
0.032
0.058
0.013
0.129
-0.022
0.187
0.099
0.101
0.022
-0.016
0.038
0.156
-0.042
0.125
-0.025
0.051
-0.033
0.078
0.092
-0.002
0.063
0.065
0.139
0.037
0.088
0.042
0.085
0.027
0.083
0.02
0.017
0.022
0.031
0.006
-0.034
0.011
-0.023
0.041
-0.004
-0.112
0.03
0.121
0.043
0.011
-0.021
-0.028
0.04
0.034
-0.069
0.107
0.128
0.031
0.077
0.093
0.041
-0.033
0.023
0.104
0.064
0.014
0.047
0.059
0.036
-0.026
0.078
0.036
0.026
0.066
-0.103
0.015
-0.009
0.016
0.161
0.001
0.015
0.133
-0.034
0.117
0.131
-0.094
-0.049
0.084
-0.04
0.059
0.024
-0.078
0.075
0.081
0.032
0.049
0.019
-0.024
0.081
0.03
0.052
-0.027
0.041
0.093
-0.011
0.078
0.115
0.07
0.045
0.082
0.074
0.024
0.056
-0.008
0.029
0.131
-0.041
0.166
0.039
0.067
0.06
0.022
0.059
0.04
0.04
0.031
0.018
0.032
0.044
0.059
-0.012
0.029
-0.006
0.053
0.057
0.019
-0.023
0.065
0.003
0.045
0.047
0.028
-0.055
0.05
-0.019
0.075
0.11
-0.038
-0.032
0.002
0.002
-0.058
0.014
0.017
-0.04
-0.009
0.061
0.002
0.039
-0.018
0.023
0.079
0.099
-0.016
-0.024
0.009
-0.045
-0.012
-0.026
0.063
0.089
0.104
0.041
0.05
-0.002
0.065
-0.05
-0.037
0.038
0.121
0.028
0.012
-0.112
-0.036
0.091
0.029
0.062
0.058
-0.007
0.055
0.057
0.039
0.046
0.061
0.061
0.123
-0.043
0.035
0.014
0.152
0.083
0.074
-0.007
0.059
0.023
0.049
0.011
0.155
0.051
-0.014
-0.031
0.028
0.1
0.067
0.041
0.065
0.042
0.016
0.003
0.126
0.107
0.098
0.006
0.047
0.027
0.057
-0.002
0.037
0.008
0.049
-0.017
-0.034
0.059
0.049
0.015
0.031
-0.004
-0.06
0.162
0.011
0.092
0.086
0.003
0.034
0.075
-0.059
0.071
0.038
0.145
0.143
-0.034
0.067
0.121
0.038
0.043
0.085
0.025
-0.002
0.043
-0.133
-0.009
0.043
0.058
0.008
0.101
0.099
-0.035
0.058
0.12
0.056
-0.019
0.008
-0.07
0.081
0.033
0.03
0.029
0.06
-0.007
0.135
0.065
0.007
0.104
0.047
0.006
0.009
0.036
0.114
0.017
-0.005
0.02
0.049
-0.04
0.088
0.031
-0.042
-0.048
0.067
-0.027
0.007
0.047
0.076
0.161
0.097
0.007
0.015
0.046
0.004
-0.015
0.066
0.137
-0.071
-0.013
0.046
0.019
0.013
0.099
0.057
-0.039
0.079
-0.044
-0.007
0.033
0.043
0.014
0.045
0.031
0.034
0.025
0.025
-0.03
0.052
0.026
-0.037
0.053
0.046
0.047
-0.002
0.056
0.067
0.068
0.008
-0.005
0.081
-0.034
0.163
0.029
0.065
0.081
0.017
0.022
0.04
0.044
0.013
0.04
0.05
0.069
0.008
0.105
0.073
0.038
0.085
-0.003
0.077
-0.033
-0.021
0.112
0.108
-0.008
0.069
-0.025
0.021
0.027
0.003
0.019
0.057
-0.023
-0.035
0.054
0.108
0.069
0.041
-0.028
0.029
0.078
0.127
-0.02
0.004
0.101
0.04
0.02
-0.016
0.029
0.082
0.02
-0.023
0.112
0.129
-0.009
0.041
-0.009
0.024
-0.058
0.11
-0.017
-0.012
0.075
0.027
0.075
0.036
-0.036
-0.018
0.018
0.02
-0.045
-0.004
0.082
0.113
-0.021
-0.033
0.008
0.081
-0.019
-0.036
-0.014
0.048
0.076
0.058
-0.045
-0.025
-0.004
-0.069
0.075
-0.005
-0.016
0.107
-0.057
-0.007
0.078
0.088
0.145
0.038
-0.024
0.015
0.071
0.088
0.057
0.045
0.084
-0.002
-0.017
-0.018
0.041
0.081
-0.003
0.047
0.123
-0.03
0.018
0.023
-0.03
-0.017
0.069
0.001
0.149
0.034
0.014
0.072
-0.042
0.102
-0.035
0.07
0.093
0.101
0.151
-0.012
0.022
0.026
0.04
-0.048
0.066
0.047
0.084
0.03
0.045
0.015
0.038
0.024
-0.001
-0.018
0.031
0.059
0.013
-0.009
-0.051
-0.011
0.098
0.028
0.054
-0.062
-0.026
0.089
0.093
0.009
0.014
0.089
0.067
0.004
0.001
0.016
-0.023
0.124
-0.005
-0.011
0.087
0.074
0.073
0.123
0.012
-0.01
0.049
0.061
0.071
0.065
0.075
0.019
0.021
0.008
-0.028
0.119
-0.063
-0.006
-0.007
0.012
0.103
0.053
-0.05
0.01
0.066
0.044
-0.006
-0.008
0.098
0.083
0.026
0.028
0.028
0.063
0.059
0.016
0.026
0.051
0.087
0.005
0.094
-0.016
0.075
0.011
-0.006
0.064
0.051
-0.1
0.02
0.028
0.046
0.01
0.081
0.004
0.035
0.011
0.078
0.01
-0.065
0.157
0.029
-0.021
0.09
-0.018
0.046
0.029
0.082
-0.012
0.089
0.024
0.026
0.013
0.003
0.107
0.007
0.051
0.081
0.064
0.045
0.071
0.001
0.02
-0.058
0.017
0.025
0.047
-0.013
0.045
0.011
0.089
0.019
0.042
0.054
-0.066
-0.011
0.078
-0.007
-0.017
-0.032
0.097
0.028
0.044
-0.005
0.094
0.032
0.016
-0.035
-0.009
-0.026
0.038
0.028
-0.008
0.023
0.026
-0.012
0.096
0.118
0.065
0.007
-0.106
0.037
-0.01
0.086
0.099
0.038
0.002
0.045
0.111
0.086
0.041
0.043
-0.014
-0.006
-0.019
0.198
0.024
0.016
0.032
0.071
0.05
0.041
0.007
0.034
-0.017
0.019
-0.008
0.058
0.043
0.097
-0.009
0.001
-0.006
0.028
0.05
0.07
0.0
-0.052
0.033
0.05
0.024
0.065
0.11
-0.021
0.131
-0.074
0.084
0.115
0.036
0.06
0.085
0.018
0.069
0.008
0.017
0.04
0.013
0.05
0.079
0.079
0.118
0.144
0.027
0.088
0.141
0.111
0.057
0.15
0.028
0.034
0.017
0.072
-0.021
0.013
0.053
0.045
0.026
0.079
0.069
0.022
0.013
0.068
-0.055
0.044
0.114
0.062
0.026
0.003
0.056
-0.006
0.05
0.069
0.064
-0.024
0.075
-0.012
0.034
0.026
0.054
0.038
0.022
-0.036
0.105
0.034
0.123
0.0
-0.024
-0.035
-0.013
0.058
-0.017
0.022
0.055
0.051
-0.029
-0.04
0.02
-0.037
0.05
0.057
0.046
0.049
-0.016
-0.027
0.047
-0.075
-0.026
-0.046
0.039
0.028
-0.003
0.082
-0.014
0.029
-0.076
0.048
0.017
0.127
0.006
0.005
0.05
0.113
-0.029
0.039
0.057
0.022
-0.018
0.096
0.119
0.018
-0.009
-0.03
0.037
0.042
0.082
0.097
-0.06
0.008
0.114
0.01
0.069
-0.006
0.094
0.001
-0.01
-0.018
0.06
0.042
0.039
-0.048
0.018
0.123
0.13
-0.027
0.116
0.144
-0.048
0.104
0.056
0.077
0.022
0.043
0.023
0.061
-0.034
0.029
0.023
0.013
-0.024
0.055
0.013
0.005
0.072
0.025
0.109
0.036
-0.106
0.061
0.032
0.015
0.002
-0.017
-0.047
-0.015
0.124
0.085
-0.143
0.08
-0.009
0.076
0.073
0.077
0.071
0.091
0.058
0.005
0.064
0.008
0.0
0.097
-0.013
-0.04
-0.025
0.071
0.055
0.042
0.064
0.079
0.04
0.069
0.036
0.134
0.002
-0.025
0.026
-0.023
0.042
0.035
0.023
0.031
0.062
0.133
0.008
-0.001
0.027
0.01
0.03
0.037
0.033
0.024
0.074
0.015
0.079
0.034
0.025
0.026
0.054
0.063
0.031
-0.055
0.039
0.098
0.04
0.068
0.034
-0.023
-0.023
-0.03
0.055
0.066
0.008
0.03
-0.001
0.086
0.015
0.056
0.063
0.078
0.078
0.037
0.028
-0.06
0.023
-0.03
0.036
-0.051
0.107
0.05
0.034
0.031
0.089
0.039
0.091
0.078
-0.016
0.011
0.026
0.036
0.045
0.07
-0.043
0.084
0.137
0.055
0.121
0.094
-0.006
0.071
-0.037
-0.007
0.076
0.02
0.054
0.072
0.054
0.01
0.068
-0.05
0.049
0.074
0.132
0.064
0.055
0.078
-0.022
0.092
0.034
0.06
0.044
0.03
0.018
-0.029
0.078
0.01
0.007
-0.044
0.068
-0.008
0.081
0.068
0.005
-0.006
0.101
0.017
0.056
-0.096
0.004
0.027
0.031
0.046
0.003
0.098
0.096
0.044
0.119
0.02
0.103
0.099
-0.015
0.06
0.021
0.053
0.06
0.003
0.015
0.029
0.124
0.073
0.088
-0.046
0.0
-0.041
0.104
-0.029
-0.056
0.095
0.011
0.045
-0.012
0.059
0.044
0.051
0.028
-0.016
0.016
0.063
0.055
0.089
0.009
0.1
0.027
0.001
-0.03
-0.013
0.04
0.056
0.023
0.004
0.034
0.052
0.138
0.019
0.01
0.039
0.016
-0.06
0.11
0.078
0.053
0.007
0.054
0.073
0.019
-0.044
0.001
0.058
0.019
-0.008
0.038
0.037
-0.021
0.029
0.028
0.126
0.086
-0.075
-0.007
-0.129
0.079
0.01
0.097
-0.072
0.007
0.034
0.04
-0.02
0.06
-0.01
0.066
0.02
-0.016
0.06
0.11
-0.024
0.061
0.096
0.001
0.026
0.098
0.064
0.041
0.007
0.028
0.138
-0.031
0.057
-0.015
0.001
-0.014
0.062
-0.013
0.075
0.035
0.004
0.105
0.108
0.01
0.042
0.059
0.007
-0.011
-0.037
0.104
0.098
0.034
0.096
0.006
0.023
-0.065
0.037
0.052
0.075
0.024
0.062
-0.026
0.051
0.045
-0.056
0.06
0.068
0.122
0.083
-0.015
0.042
-0.005
0.138
0.016
-0.027
0.031
-0.029
-0.012
-0.062
-0.089
0.019
-0.004
-0.042
0.044
0.114
-0.058
0.049
0.046
0.051
0.013
-0.023
0.112
0.022
0.037
0.013
0.093
0.095
0.035
0.012
0.052
0.052
-0.015
0.121
0.1
-0.018
0.052
0.032
-0.049
0.037
0.028
0.05
0.073
0.08
0.053
0.106
0.047
0.039
0.038
0.104
-0.051
0.15
0.043
-0.008
0.075
-0.019
0.056
0.017
0.042
0.099
0.05
-0.002
0.005
0.086
0.007
-0.025
-0.011
0.059
0.045
-0.004
-0.011
0.01
-0.014
0.076
0.146
0.09
-0.026
0.086
0.038
0.003
-0.04
0.051
-0.054
0.076
0.066
-0.029
0.025
0.036
0.046
0.039
-0.064
-0.004
-0.032
0.005
-0.037
0.042
0.155
0.026
-0.059
-0.027
0.1
0.134
-0.001
0.072
0.088
0.048
0.085
0.089
0.014
0.06
0.12
0.072
0.024
0.025
0.025
-0.011
0.014
-0.002
0.04
-0.024
0.05
-0.05
0.033
0.074
0.062
-0.029
-0.005
0.01
0.09
0.025
-0.079
-0.001
-0.043
0.05
-0.009
0.047
0.12
-0.002
0.029
-0.039
0.037
-0.05
0.026
0.092
0.003
0.08
0.057
-0.041
0.096
0.01
-0.009
-0.004
0.02
0.004
-0.001
0.081
0.147
0.005
0.082
0.038
0.023
0.044
-0.007
-0.013
-0.027
0.0
-0.052
0.118
0.077
0.033
0.019
0.01
-0.022
0.028
0.028
0.06
-0.038
-0.023
0.015
-0.026
0.065
0.072
0.007
0.123
0.01
0.04
0.185
0.065
0.092
0.037
0.07
0.097
0.118
0.056
0.01
0.015
0.044
0.071
-0.02
0.065
0.148
-0.025
0.091
0.06
0.148
0.041
0.032
0.023
0.061
0.067
0.101
0.033
0.036
-0.013
0.068
0.076
0.129
0.048
0.053
0.126
0.043
0.04
0.055
0.04
0.009
0.078
-0.034
0.057
-0.044
0.017
0.119
0.038
0.007
-0.064
0.059
0.038
0.0
0.0
0.042
0.032
0.02
0.044
0.001
0.159
0.091
0.112
0.081
-0.085
0.071
-0.033
-0.004
-0.009
0.072
0.101
-0.053
0.042
0.111
-0.024
0.038
0.024
0.096
0.124
0.027
0.058
0.05
0.116
-0.005
0.039
0.027
0.069
0.024
0.065
0.02
0.014
0.008
-0.046
0.045
-0.049
0.032
-0.081
0.124
0.062
-0.051
0.033
0.006
-0.023
-0.055
-0.011
0.077
0.011
0.045
0.043
0.07
0.035
0.015
0.101
0.058
0.132
0.048
-0.004
0.008
0.019
-0.036
0.05
0.052
-0.028
0.083
0.004
-0.007
0.006
-0.002
0.02
0.09
0.079
-0.018
0.006
0.006
-0.022
0.043
0.002
0.078
0.015
-0.061
0.062
-0.018
0.137
0.066
0.068
-0.03
0.051
-0.007
0.053
-0.011
0.059
0.029
0.034
0.065
0.051
0.11
0.028
0.026
0.071
0.053
0.066
0.061
0.001
0.111
0.106
0.036
-0.01
0.069
0.07
0.066
0.037
0.006
0.117
0.113
-0.053
-0.018
0.047
0.017
0.003
0.035
0.03
-0.102
-0.043
0.091
0.034
0.035
-0.035
0.057
-0.037
0.026
0.015
-0.003
-0.116
0.056
-0.026
0.015
0.056
-0.056
0.062
0.007
0.007
0.037
0.03
0.11
-0.071
-0.013
0.077
0.093
0.114
0.059
0.075
0.076
0.093
0.059
0.063
0.007
0.064
0.124
0.117
0.022
0.016
0.062
-0.102
0.011
0.026
0.094
-0.069
0.045
0.026
0.065
-0.028
0.053
0.073
0.055
0.069
0.023
0.065
0.04
0.129
0.019
0.024
-0.08
0.115
0.065
0.056
0.067
0.033
0.124
-0.067
0.092
0.011
0.128
0.061
0.063
0.009
0.039
0.023
0.018
0.015
0.016
0.097
0.021
-0.003
0.064
-0.051
0.066
-0.011
0.027
0.029
-0.033
0.105
0.024
-0.034
0.012
0.023
-0.048
-0.024
-0.041
0.018
0.073
0.141
0.063
-0.006
0.045
0.139
0.036
-0.013
0.033
0.038
0.083
0.091
0.0
-0.097
-0.018
0.106
0.022
0.051
0.043
0.026
0.003
0.082
0.031
0.018
-0.002
0.053
0.014
0.057
0.072
0.023
0.083
0.002
0.024
0.065
0.076
-0.004
0.099
0.032
0.057
0.062
0.073
0.038
0.095
0.04
0.029
0.055
0.003
0.015
0.069
-0.025
0.054
0.0
0.089
0.081
0.041
0.13
0.069
0.093
0.031
0.035
-0.035
0.062
-0.034
0.089
0.063
-0.024
0.128
0.092
0.025
0.058
0.081
0.065
0.136
0.149
0.018
0.108
0.086
-0.035
-0.011
-0.014
0.062
0.029
0.092
0.091
-0.085
0.12
-0.001
0.081
0.086
0.042
-0.011
0.075
0.022
0.069
0.112
0.005
-0.026
0.051
0.033
0.009
0.07
0.057
-0.051
0.024
0.004
0.096
0.013
-0.027
-0.009
-0.04
-0.007
0.1
0.02
0.049
0.054
0.038
0.01
-0.008
0.08
0.07
0.041
0.055
-0.005
0.146
0.094
-0.003
0.004
0.059
0.032
0.128
-0.049
0.038
0.104
0.043
0.017
-0.032
-0.002
0.006
-0.076
0.002
0.028
0.069
0.027
0.066
0.076
0.019
0.016
0.008
0.016
0.085
0.012
0.044
0.026
0.076
0.01
-0.051
0.05
-0.022
-0.008
-0.05
0.005
0.099
-0.039
0.059
0.036
0.035
0.061
-0.028
-0.026
0.101
-0.001
-0.001
0.086
0.057
0.037
0.062
0.083
0.039
0.044
-0.037
0.069
-0.011
0.001
0.071
-0.012
-0.016
0.032
0.069
0.077
0.041
-0.041
0.051
0.108
0.065
0.065
-0.006
0.155
0.042
0.016
-0.022
0.009
-0.032
0.077
0.069
0.051
0.029
0.1
0.081
0.017
0.02
0.143
0.078
0.052
0.019
0.072
0.056
-0.022
-0.016
-0.02
0.037
0.022
0.0
0.088
-0.005
0.047
0.038
0.062
0.099
0.03
0.004
-0.011
0.076
-0.047
0.015
0.058
-0.018
0.007
0.004
0.043
0.015
0.023
0.013
0.037
0.098
0.067
0.092
-0.082
-0.055
-0.001
-0.086
0.056
-0.018
-0.09
0.032
0.046
0.053
0.012
0.065
0.065
0.086
0.037
0.047
0.022
0.034
-0.017
0.032
0.033
0.025
0.052
0.05
0.041
0.0
-0.023
0.049
0.036
0.007
0.015
0.083
0.055
0.184
-0.006
0.053
-0.036
0.082
0.04
-0.02
0.003
-0.046
-0.001
0.049
-0.02
0.011
0.052
0.006
0.048
0.087
0.041
0.11
0.036
0.046
-0.023
-0.009
0.044
0.07
0.013
0.101
0.035
0.045
0.082
0.114
-0.012
0.008
0.027
-0.002
0.034
0.003
0.06
0.083
0.042
0.086
0.064
-0.029
0.074
-0.047
-0.018
0.013
0.088
0.063
-0.03
-0.021
0.029
0.113
0.108
0.101
0.081
0.014
0.069
0.084
0.077
-0.02
0.071
0.131
0.005
-0.022
0.063
0.007
-0.001
-0.051
0.113
0.06
-0.038
-0.046
0.044
-0.001
-0.054
0.112
0.098
-0.012
0.003
0.04
0.007
0.048
0.031
0.018
0.081
0.027
0.075
0.042
0.066
0.081
0.049
0.08
0.117
-0.029
-0.078
0.043
-0.014
0.083
0.03
-0.111
0.032
-0.016
-0.005
0.139
0.021
-0.023
0.043
0.018
0.07
-0.008
0.005
0.061
0.067
-0.038
0.094
0.054
-0.025
0.008
0.093
0.05
0.142
0.032
0.019
0.16
0.05
-0.053
-0.016
0.101
0.095
-0.033
-0.002
0.079
0.052
-0.009
0.067
0.027
0.026
0.061
-0.016
0.021
0.095
0.107
0.058
0.103
0.13
-0.011
0.073
0.068
-0.049
-0.029
0.008
-0.039
0.017
0.173
0.01
0.024
-0.051
0.057
0.054
0.108
-0.016
0.021
0.106
0.097
0.075
0.028
-0.048
0.086
-0.052
-0.004
0.075
0.051
0.111
0.065
-0.063
0.005
0.028
0.059
0.105
-0.048
0.059
0.024
-0.048
-0.023
0.109
0.085
0.034
0.068
0.027
-0.023
0.032
0.048
-0.05
0.036
0.024
-0.025
0.066
-0.015
-0.015
0.064
0.006
0.029
0.041
0.004
0.026
0.07
-0.013
0.053
0.085
0.071
0.069
0.075
0.019
0.178
0.126
-0.029
0.005
0.124
0.041
0.13
-0.001
-0.035
0.021
0.021
0.069
-0.001
0.022
0.025
-0.019
0.1
-0.037
0.101
0.112
-0.016
0.066
0.09
0.053
-0.025
0.021
-0.016
0.042
0.05
0.069
0.1
0.09
0.043
0.017
0.123
0.08
-0.038
-0.036
0.047
0.074
0.033
0.048
0.065
-0.004
0.051
0.042
0.046
-0.033
0.084
0.062
-0.063
0.075
0.005
0.072
-0.032
-0.033
-0.011
0.159
0.101
0.022
-0.017
0.059
0.028
0.012
-0.014
-0.013
0.084
0.03
0.067
-0.031
0.031
0.011
-0.018
-0.013
0.064
0.065
0.006
0.079
-0.056
0.059
0.033
0.114
-0.049
-0.023
-0.069
0.016
-0.026
0.12
0.042
0.04
0.065
0.054
-0.006
-0.021
0.074
0.055
0.081
0.028
-0.039
0.007
0.026
0.076
0.089
0.049
0.095
0.038
-0.019
0.076
0.023
-0.037
0.031
0.132
0.012
0.093
0.05
0.087
0.027
0.071
0.074
-0.041
0.033
0.067
0.03
0.032
0.025
0.115
0.01
0.064
0.059
0.073
0.007
-0.01
0.049
-0.009
0.003
0.025
0.01
-0.011
0.096
0.035
0.059
0.051
0.057
0.025
0.013
0.017
0.091
-0.029
0.072
0.016
-0.011
0.013
-0.02
-0.023
-0.003
-0.007
0.065
0.092
-0.015
0.006
-0.041
0.031
-0.012
-0.011
-0.021
-0.005
0.032
0.05
0.052
-0.036
0.068
0.058
0.07
-0.005
0.086
0.118
0.017
0.013
-0.001
0.027
0.074
-0.054
0.031
0.091
0.009
0.03
0.11
-0.017
0.104
0.055
0.084
-0.021
0.024
0.087
0.0
0.159
0.044
0.112
0.116
0.055
-0.032
0.026
-0.055
0.057
0.149
-0.039
0.029
0.049
0.014
0.047
0.037
0.028
0.032
-0.049
0.098
-0.008
0.034
0.095
0.044
0.035
-0.032
0.072
0.032
0.023
0.105
0.035
-0.051
0.009
0.073
-0.046
0.07
0.065
0.01
-0.051
-0.045
0.046
-0.019
-0.01
0.034
-0.003
0.031
-0.012
0.129
0.039
0.015
0.015
0.042
0.021
0.141
0.018
0.015
0.109
0.002
0.077
0.098
0.016
0.061
0.02
0.063
-0.039
0.023
0.017
0.058
-0.001
0.007
0.119
0.037
-0.027
0.057
0.02
-0.068
0.066
0.014
0.05
0.089
0.013
0.097
-0.02
0.008
-0.038
0.107
0.134
-0.031
0.059
0.009
0.104
-0.032
-0.008
0.069
0.089
0.038
-0.042
0.088
0.049
-0.041
0.025
0.028
0.075
0.005
0.011
-0.046
0.02
-0.045
0.049
0.032
0.1
-0.062
0.087
0.122
0.083
0.057
0.029
0.077
0.023
0.016
0.057
0.074
0.069
0.007
0.127
0.091
0.043
0.047
0.023
-0.018
-0.096
0.101
-0.007
0.017
0.0
0.048
0.056
0.099
0.083
0.002
-0.042
0.019
0.085
0.066
0.03
0.045
-0.015
0.021
0.028
-0.022
0.085
0.009
0.016
-0.077
0.011
0.117
0.018
-0.007
-0.067
-0.013
0.009
0.104
0.032
0.034
0.128
0.044
0.033
-0.024
-0.036
0.077
0.068
0.012
0.094
0.028
0.05
0.028
0.069
0.0
-0.04
-0.012
0.002
0.001
0.096
0.024
0.016
0.099
0.08
-0.059
0.051
0.128
0.06
0.013
0.012
0.074
-0.046
0.049
0.025
-0.065
0.045
0.079
0.052
0.003
0.039
-0.018
0.084
0.096
-0.023
-0.009
0.09
-0.015
0.003
-0.083
0.005
0.1
-0.012
0.047
0.051
0.047
0.021
0.116
0.103
0.043
0.098
0.038
0.107
0.044
-0.02
-0.001
-0.039
0.153
0.006
0.042
0.073
0.072
0.035
-0.075
-0.048
0.07
0.011
0.011
0.123
0.05
0.097
0.063
0.066
-0.102
0.064
-0.083
0.064
0.018
-0.028
0.065
0.024
0.009
-0.015
0.026
0.02
0.062
-0.021
0.059
-0.014
-0.019
-0.019
0.031
0.068
0.082
0.057
0.088
0.031
0.037
0.146
0.057
-0.06
0.109
-0.017
-0.063
-0.025
0.075
-0.019
0.083
0.109
0.068
0.043
0.072
-0.037
0.08
-0.011
0.05
0.065
0.116
0.017
0.029
0.097
0.016
-0.033
0.077
-0.093
0.057
0.045
0.049
0.028
0.011
0.102
0.049
0.011
0.118
-0.037
0.043
0.123
0.053
0.021
0.022
-0.076
0.016
0.041
-0.024
0.031
0.044
0.006
-0.021
0.022
-0.014
0.024
0.128
0.044
-0.023
0.002
0.13
-0.022
-0.06
0.025
0.04
0.015
0.043
-0.024
0.02
0.125
0.074
-0.049
-0.017
0.07
0.002
0.027
0.07
0.028
0.036
-0.002
0.05
-0.055
-0.037
-0.026
0.096
0.026
0.073
-0.05
0.094
0.06
-0.096
0.021
-0.002
0.056
-0.013
-0.024
0.046
0.098
-0.025
0.088
0.077
0.046
0.056
-0.007
-0.041
0.055
-0.01
0.129
0.039
0.04
0.036
0.005
0.123
0.011
0.027
0.019
0.095
-0.011
0.051
0.012
-0.026
0.005
0.02
0.123
0.061
0.023
-0.014
0.037
0.103
-0.029
0.018
0.039
0.043
0.095
0.012
-0.006
0.062
0.009
-0.044
-0.013
0.018
0.045
0.122
0.043
0.038
-0.02
0.051
0.016
-0.006
0.051
0.052
-0.051
0.018
0.054
-0.03
0.065
-0.063
-0.053
-0.011
-0.036
-0.03
-0.006
0.064
-0.014
0.094
0.099
-0.029
0.012
-0.044
0.012
0.008
0.046
-0.033
0.085
0.055
0.017
0.05
0.028
0.128
0.045
0.01
0.11
0.116
0.131
0.086
0.041
0.025
-0.017
0.151
0.07
0.069
-0.008
0.065
0.129
0.021
0.064
-0.076
0.06
0.084
-0.005
0.015
-0.007
0.088
0.079
0.072
0.015
-0.024
0.103
0.031
0.143
0.032
0.017
0.047
-0.018
0.014
0.115
-0.025
-0.044
0.048
0.042
0.0
0.033
0.068
0.075
0.073
0.024
0.075
-0.003
0.031
0.087
-0.031
0.03
-0.014
0.068
0.056
0.05
-0.002
0.003
-0.043
0.014
0.007
0.065
0.079
-0.031
0.037
-0.013
0.026
-0.011
0.106
0.029
-0.018
0.022
0.006
0.021
0.045
0.03
0.05
0.124
0.073
0.033
0.01
0.078
0.067
0.114
0.038
-0.018
0.042
-0.023
0.036
0.059
0.114
0.081
0.015
0.068
0.066
0.051
0.015
-0.086
0.062
0.032
0.004
0.106
0.023
0.015
0.076
0.009
0.039
-0.03
0.054
0.027
-0.046
-0.049
0.036
0.019
-0.016
-0.001
-0.063
0.069
0.051
-0.019
-0.025
-0.071
-0.047
0.052
0.102
-0.048
-0.001
0.076
0.035
0.041
0.031
-0.026
0.14
-0.052
-0.04
-0.1
0.137
-0.04
0.032
0.104
-0.011
0.019
0.018
0.066
-0.018
0.07
0.023
0.047
0.101
0.027
0.029
-0.003
0.042
0.075
0.087
0.099
0.003
0.016
0.007
0.034
0.083
0.045
0.016
0.061
0.0
0.02
0.004
-0.043
-0.022
0.116
-0.003
0.049
0.039
-0.08
0.011
0.108
0.088
0.045
0.093
-0.011
0.025
-0.012
0.024
0.03
0.016
-0.001
0.032
0.129
-0.009
0.033
-0.069
0.087
-0.004
0.09
0.038
0.023
-0.015
0.107
-0.03
0.009
-0.018
-0.025
0.051
0.12
0.046
-0.041
-0.001
0.012
0.08
0.01
0.003
0.044
0.011
0.074
0.042
0.078
0.096
0.028
0.058
0.007
-0.029
0.058
0.16
-0.043
0.03
0.086
0.015
0.027
-0.009
0.048
0.005
0.176
0.106
-0.063
0.055
0.091
0.177
0.118
0.066
0.129
0.065
-0.024
0.105
-0.052
0.033
0.105
0.002
0.075
0.022
-0.027
0.057
0.076
0.068
0.045
0.07
0.034
0.012
0.085
0.088
0.024
0.05
-0.002
-0.068
0.089
0.055
0.136
0.017
0.014
-0.047
-0.024
0.036
-0.012
0.005
0.06
0.002
0.111
-0.01
0.034
-0.024
-0.023
0.022
0.029
0.092
0.089
0.068
0.051
0.043
0.028
0.132
0.104
0.066
0.11
-0.013
0.008
0.034
0.054
-0.103
-0.006
-0.016
0.023
0.015
0.007
-0.027
0.051
0.017
0.109
0.084
-0.024
-0.007
-0.005
0.027
0.063
0.137
0.113
0.056
0.064
-0.008
0.075
0.12
0.053
0.096
-0.004
0.006
0.028
0.073
0.072
0.109
-0.024
0.021
0.03
0.034
0.014
-0.076
0.043
0.07
0.044
0.078
0.054
0.032
0.037
0.068
-0.005
0.088
0.037
0.007
0.049
0.013
0.031
0.052
0.104
-0.072
0.087
-0.061
0.042
-0.019
0.087
0.032
0.012
0.038
0.094
0.077
-0.009
-0.014
0.126
-0.042
0.078
0.136
0.1
0.096
0.035
0.004
-0.061
0.097
0.042
0.059
0.049
0.091
0.013
0.056
0.04
0.011
0.123
-0.014
0.042
0.014
0.032
0.038
0.004
0.009
0.07
0.045
0.024
-0.015
0.088
0.037
0.085
0.007
0.088
0.064
0.034
0.017
-0.021
0.019
0.002
0.07
0.132
0.008
0.01
0.023
0.027
0.073
0.097
0.053
-0.083
-0.01
-0.026
-0.028
0.004
0.083
-0.046
-0.017
0.049
0.138
0.074
0.065
0.046
0.083
0.028
0.028
0.043
0.096
0.04
0.06
0.025
0.028
-0.023
0.094
-0.035
0.048
-0.009
0.043
0.06
0.021
-0.026
0.091
0.074
0.023
0.033
0.123
0.02
0.055
0.099
-0.07
0.168
0.08
0.014
-0.022
0.145
-0.026
0.041
0.121
0.171
0.076
0.009
-0.02
-0.013
0.04
0.12
-0.003
-0.002
0.014
0.036
0.043
0.044
0.006
0.073
0.036
0.023
0.09
0.03
-0.034
0.018
-0.014
0.078
0.101
0.114
0.089
0.041
0.036
0.023
0.056
0.007
0.076
-0.026
-0.01
-0.118
-0.035
-0.028
0.038
-0.008
0.047
0.065
0.072
0.082
0.026
0.02
0.017
0.045
0.085
0.014
0.041
0.045
0.072
-0.049
0.029
0.041
-0.037
0.048
0.015
0.011
0.037
-0.012
0.112
0.017
0.045
0.003
0.002
-0.026
0.06
-0.036
-0.026
-0.005
0.104
0.006
-0.034
0.149
0.049
0.012
0.018
-0.003
0.047
0.024
0.055
0.046
0.008
0.019
0.019
0.092
-0.036
-0.017
0.007
0.043
-0.025
0.047
0.065
0.092
0.033
0.126
0.139
0.043
0.047
-0.037
0.085
0.053
-0.012
0.1
0.065
0.072
-0.025
0.02
0.015
-0.002
0.09
-0.014
0.008
0.064
0.049
0.039
0.027
0.028
0.019
0.121
0.084
0.069
0.046
0.121
0.08
-0.012
0.06
-0.016
-0.039
0.041
-0.01
0.009
-0.027
0.006
0.017
0.049
-0.037
0.024
0.053
0.054
-0.041
0.077
-0.006
-0.04
-0.001
-0.042
0.107
0.062
-0.027
-0.014
-0.022
0.032
0.088
-0.046
0.093
0.022
0.021
0.023
-0.005
0.068
0.046
-0.009
0.089
0.041
-0.061
0.016
0.05
0.057
0.028
-0.003
0.128
0.036
0.095
0.067
0.053
0.1
-0.056
0.008
0.111
0.006
0.007
0.024
0.082
-0.075
0.056
0.093
0.082
0.018
0.085
-0.176
-0.011
0.036
0.097
-0.012
-0.018
-0.053
0.014
0.047
0.04
-0.039
0.072
0.089
-0.057
0.01
0.079
-0.023
0.081
0.133
-0.006
-0.015
0.013
-0.051
0.12
0.157
-0.051
0.067
0.027
-0.011
-0.037
0.124
0.079
0.025
0.054
0.052
0.01
-0.051
-0.028
0.049
-0.065
0.1
0.089
0.119
0.042
0.009
0.052
0.046
-0.021
-0.055
0.049
0.059
0.12
-0.045
0.102
0.064
-0.058
0.077
-0.01
0.031
-0.008
0.021
0.011
0.06
0.054
0.06
0.015
0.046
-0.004
0.007
0.004
0.109
0.094
-0.002
0.009
0.08
0.037
0.083
-0.062
0.095
0.013
0.089
0.044
0.015
0.065
0.026
0.019
0.055
0.033
0.034
0.025
-0.031
0.081
-0.022
0.115
0.072
0.016
0.0
-0.035
0.078
-0.006
0.109
-0.009
0.087
-0.006
-0.033
-0.06
-0.02
0.044
0.094
0.0
0.007
0.006
0.001
0.021
-0.094
0.02
0.065
0.084
-0.003
0.03
0.096
-0.012
0.053
0.203
0.023
0.063
-0.029
0.001
-0.038
0.01
0.079
-0.028
0.033
0.066
0.06
0.118
-0.017
0.023
-0.064
0.055
0.051
0.091
0.042
0.155
0.042
0.067
0.015
-0.006
0.159
0.042
0.01
0.051
-0.015
0.022
-0.015
0.074
0.013
0.02
0.013
-0.03
0.038
0.06
0.008
0.046
0.102
0.03
0.021
0.158
0.128
0.048
-0.011
0.017
0.076
-0.027
0.126
0.0
0.006
-0.026
0.077
0.08
0.034
0.047
0.086
0.047
0.066
0.046
0.102
0.003
0.052
0.082
0.119
-0.028
0.057
0.063
-0.05
0.014
-0.067
0.065
0.112
0.024
0.011
-0.018
0.034
0.004
0.016
0.039
0.023
0.027
-0.057
0.057
0.056
0.027
-0.04
0.088
0.03
-0.006
0.028
0.06
0.041
0.03
-0.004
0.046
-0.002
-0.036
0.065
0.083
0.019
0.007
-0.003
0.055
0.029
-0.057
0.071
0.031
0.041
-0.024
0.072
-0.004
0.02
0.057
0.046
0.052
0.088
0.066
-0.034
0.091
-0.028
-0.011
0.026
0.065
0.114
0.069
-0.033
-0.039
0.069
0.014
0.007
-0.017
0.025
-0.037
-0.052
-0.017
-0.007
0.071
0.058
0.087
-0.042
-0.033
0.035
0.1
0.065
0.09
0.155
0.083
-0.015
0.024
0.045
0.08
-0.001
-0.015
0.013
0.002
0.053
-0.03
0.045
0.055
0.115
-0.017
0.117
-0.005
0.031
0.02
-0.02
0.025
-0.007
0.011
-0.005
-0.013
-0.042
0.006
0.078
-0.029
-0.027
0.05
-0.027
0.025
-0.103
-0.006
0.035
0.058
0.045
0.065
0.089
-0.017
0.037
0.096
0.081
0.067
0.094
-0.012
0.1
0.096
-0.055
0.028
0.023
-0.003
0.01
-0.021
-0.006
-0.045
0.07
0.014
0.015
-0.085
-0.016
0.139
0.025
0.066
0.041
0.01
0.047
0.021
0.081
-0.086
0.061
0.048
0.017
-0.048
0.045
0.088
0.014
0.145
0.029
0.025
0.048
0.063
0.036
0.058
-0.04
0.032
0.089
0.033
0.072
0.083
0.02
-0.07
0.084
0.094
-0.01
0.082
-0.033
-0.029
0.056
0.08
-0.023
0.029
0.013
-0.029
-0.021
-0.045
0.088
0.021
0.053
0.002
0.097
0.04
0.066
0.031
-0.009
0.032
0.098
-0.088
0.02
-0.046
0.041
0.09
0.005
0.059
0.052
-0.02
-0.018
0.103
0.049
0.044
-0.045
0.019
0.148
-0.024
0.093
0.101
0.052
0.032
0.062
0.093
-0.013
0.013
0.06
0.018
0.105
0.029
-0.031
0.094
0.006
0.055
0.007
0.021
0.026
0.014
0.039
-0.099
0.059
0.132
0.012
0.08
0.051
0.049
-0.03
0.082
0.015
0.036
0.023
0.032
0.018
-0.007
0.046
0.031
-0.028
-0.077
0.023
-0.069
-0.008
0.066
-0.016
-0.007
0.015
0.088
-0.061
0.048
0.094
-0.014
-0.032
0.049
0.044
0.111
0.067
0.071
-0.02
0.019
-0.008
0.017
0.058
-0.017
0.026
-0.012
0.107
-0.027
0.079
0.069
-0.018
0.048
-0.054
0.099
0.1
-0.028
-0.022
-0.053
0.011
0.014
0.023
0.013
-0.013
0.107
0.054
-0.054
0.067
-0.036
-0.107
-0.032
-0.023
0.052
-0.002
0.071
0.008
0.007
0.051
-0.04
0.122
0.023
0.023
0.064
0.061
0.053
-0.009
0.013
-0.028
-0.01
-0.025
0.093
-0.024
0.138
0.086
0.07
0.033
-0.066
0.038
0.088
0.012
0.075
0.014
0.006
0.073
0.127
0.073
0.053
0.084
0.037
-0.019
0.181
0.058
0.089
0.089
0.001
0.033
-0.061
0.069
0.003
0.007
0.031
0.046
0.071
0.003
0.057
0.066
0.046
-0.107
-0.036
0.057
0.014
0.048
0.008
-0.014
-0.016
0.108
0.032
0.026
0.059
-0.011
0.018
-0.042
-0.029
-0.02
0.061
0.061
0.034
0.072
-0.063
0.065
0.059
0.084
0.104
0.031
0.06
0.072
0.053
-0.002
0.055
0.059
-0.032
0.102
-0.011
0.11
0.087
-0.065
-0.041
-0.013
0.048
0.008
0.071
0.017
0.045
0.051
0.03
0.032
-0.012
-0.1
-0.001
0.078
0.031
-0.042
0.074
0.078
0.061
0.014
0.088
0.137
0.015
0.107
0.043
0.039
-0.058
0.071
0.071
-0.001
0.017
-0.046
-0.021
0.037
0.111
0.019
0.034
-0.002
0.073
-0.042
-0.005
0.013
-0.006
0.053
0.029
0.012
-0.035
0.151

