0.023
-0.081
-0.109
-0.024
-0.06
-0.087
-0.072
-0.095
-0.005
-0.097
-0.05
-0.001
-0.065
0.005
-0.109
-0.103
-0.069
0.092
-0.084
0.029
-0.055
-0.089
0.001
0.008
-0.02
-0.039
-0.064
-0.065
-0.06
-0.131
-0.019
-0.073
-0.068
-0.051
0.0
-0.045
-0.048
-0.057
-0.067
-0.033
0.044
-0.084
-0.069
0.01
-0.043
-0.069
-0.018
-0.079
0.048
-0.1
-0.036
-0.028
-0.053
-0.063
-0.03
0.019
-0.033
0.031
0.044
-0.056
-0.112
-0.078
-0.101
-0.004
-0.002
-0.056
-0.007
-0.051
0.103
-0.074
0.023
-0.14
-0.056
0.032
-0.073
-0.055
-0.019
-0.027
-0.056
-0.052
-0.042
-0.079
-0.081
-0.096
-0.056
-0.099
0.016
0.004
-0.009
-0.035
-0.035
0.023
-0.038
-0.05
-0.066
-0.017
-0.062
-0.096
-0.091
-0.11
-0.047
-0.091
-0.015
-0.089
-0.059
-0.025
0.021
0.037
-0.106
0.008
-0.048
-0.101
-0.009
-0.01
-0.037
-0.014
-0.055
-0.089
-0.03
-0.097
-0.032
-0.095
-0.086
-0.035
-0.068
-0.087
-0.022
-0.052
-0.014
-0.02
-0.033
-0.04
-0.049
-0.013
-0.035
-0.095
-0.027
0.06
-0.04
-0.036
0.011
0.017
-0.026
-0.088
-0.101
0.009
-0.039
0.037
-0.09
-0.093
-0.014
-0.057
-0.005
-0.037
-0.012
0.005
-0.001
-0.076
-0.013
0.019
-0.039
-0.119
-0.001
-0.088
-0.044
-0.038
0.018
0.02
-0.044
-0.004
-0.062
-0.063
-0.088
-0.019
-0.03
-0.046
-0.097
-0.032
0.018
0.029
0.029
-0.055
-0.051
-0.035
-0.057
-0.059
-0.054
-0.068
-0.048
-0.092
-0.052
-0.046
-0.047
-0.137
-0.046
-0.074
-0.007
-0.063
-0.029
-0.069
0.051
-0.079
-0.065
0.012
-0.062
0.057
0.05
0.059
-0.011
-0.005
-0.03
-0.075
-0.052
-0.008
0.0
-0.041
-0.057
-0.04
-0.073
-0.069
-0.016
-0.031
-0.039
-0.025
-0.076
-0.052
-0.035
-0.063
-0.064
-0.045
-0.023
-0.017
0.007
-0.049
-0.103
-0.01
-0.019
-0.059
-0.074
0.022
-0.033
0.006
-0.045
0.017
-0.053
-0.069
-0.017
-0.07
-0.01
-0.044
-0.01
0.011
-0.074
-0.055
-0.036
-0.031
-0.021
-0.075
-0.001
-0.009
-0.034
-0.02
0.009
-0.003
0.006
0.004
-0.043
0.012
-0.026
-0.113
0.004
-0.005
-0.095
0.033
0.028
-0.008
0.027
-0.06
-0.041
-0.068
-0.048
-0.065
-0.052
0.005
-0.024
0.012
0.027
-0.072
-0.019
-0.025
-0.048
0.049
-0.059
0.071
-0.03
-0.047
-0.024
0.0
-0.035
-0.002
-0.03
-0.058
-0.082
0.039
-0.081
-0.039
0.005
-0.032
0.075
-0.069
-0.041
-0.051
0.024
-0.043
-0.052
-0.053
-0.011
-0.013
-0.077
-0.026
-0.021
0.0
-0.186
-0.05
-0.04
-0.008
-0.003
0.016
-0.048
-0.009
0.003
-0.021
-0.097
-0.098
-0.044
-0.028
-0.006
-0.059
-0.071
-0.079
-0.104
-0.076
-0.149
-0.075
0.005
-0.047
0.018
0.005
-0.075
-0.028
-0.061
0.025
-0.045
-0.033
0.028
-0.025
-0.061
-0.015
-0.009
-0.137
-0.02
-0.005
-0.027
-0.06
-0.007
-0.081
-0.061
-0.099
-0.093
-0.091
-0.05
-0.031
0.012
-0.088
-0.031
-0.046
0.048
-0.036
-0.032
-0.069
-0.017
-0.085
-0.01
-0.08
0.036
-0.055
-0.067
-0.075
-0.031
-0.057
-0.052
-0.021
-0.026
-0.067
-0.037
-0.029
0.042
-0.067
-0.049
-0.029
-0.014
-0.094
-0.057
0.0
0.029
-0.075
0.017
0.011
-0.066
0.023
0.011
-0.043
0.017
-0.025
0.028
-0.037
0.047
-0.016
-0.017
-0.07
-0.093
0.006
0.005
-0.038
-0.063
-0.06
-0.026
-0.048
-0.069
0.011
-0.08
0.031
-0.007
-0.045
-0.06
-0.077
-0.022
-0.061
0.008
-0.054
-0.003
-0.072
0.001
-0.097
-0.047
-0.003
-0.059
-0.087
-0.034
-0.041
-0.065
-0.093
-0.079
-0.095
-0.088
-0.045
-0.02
-0.067
-0.052
-0.03
0.014
0.016
-0.094
-0.036
-0.061
-0.08
0.023
-0.046
-0.074
-0.036
-0.079
-0.042
-0.092
-0.044
-0.004
-0.018
-0.049
-0.038
0.034
-0.018
-0.082
-0.002
-0.007
-0.103
-0.032
0.019
-0.085
0.087
0.007
-0.07
0.043
-0.1
-0.023
-0.067
-0.013
-0.007
0.019
-0.071
-0.056
-0.041
-0.067
0.013
-0.074
0.017
-0.089
-0.068
0.03
-0.04
0.004
-0.036
-0.048
-0.073
-0.038
-0.016
-0.061
-0.086
-0.042
-0.019
-0.032
-0.076
0.014
-0.003
0.008
-0.063
-0.009
-0.054
0.038
-0.047
-0.022
-0.044
-0.018
-0.072
-0.002
0.011
-0.057
-0.066
-0.061
-0.008
-0.129
-0.043
-0.052
-0.091
-0.041
-0.01
-0.037
-0.054
-0.029
-0.008
0.002
0.012
-0.032
-0.075
0.02
-0.035
-0.057
0.003
-0.03
-0.08
-0.046
-0.02
-0.037
-0.016
-0.057
-0.012
0.009
0.009
-0.045
0.003
-0.014
-0.017
-0.004
-0.064
-0.045
0.002
-0.042
-0.056
-0.053
-0.027
0.02
-0.032
-0.049
-0.003
-0.058
0.013
-0.043
0.014
0.008
-0.082
-0.121
-0.05
-0.018
-0.072
-0.079
-0.064
0.012
-0.024
0.023
-0.023
-0.037
0.057
-0.08
-0.092
-0.087
-0.013
-0.063
-0.018
0.016
-0.032
0.013
0.002
-0.046
-0.009
-0.038
0.036
0.011
-0.044
-0.052
-0.084
-0.036
-0.083
-0.044
-0.079
0.044
0.004
-0.009
0.015
-0.058
-0.047
-0.036
-0.028
-0.003
-0.032
0.047
-0.013
-0.034
-0.122
-0.087
-0.019
-0.084
-0.016
-0.003
-0.083
-0.008
0.075
-0.047
-0.039
-0.017
-0.014
-0.029
-0.089
-0.064
0.044
-0.027
-0.086
-0.058
-0.032
0.015
-0.035
0.024
0.013
0.0
-0.054
-0.063
-0.066
-0.048
0.011
-0.016
0.002
-0.021
-0.051
-0.015
-0.043
-0.025
-0.085
0.025
-0.036
-0.061
-0.115
0.044
-0.069
-0.037
-0.054
-0.04
-0.068
-0.129
-0.069
-0.109
-0.023
-0.054
-0.081
-0.122
-0.049
-0.005
-0.098
-0.058
-0.09
-0.05
-0.051
-0.057
-0.037
-0.036
-0.061
0.02
-0.03
0.009
-0.012
0.006
-0.09
-0.046
0.065
-0.031
-0.04
-0.032
-0.058
-0.096
-0.016
0.021
-0.044
-0.032
-0.065
-0.02
0.005
-0.066
-0.056
-0.042
0.022
-0.047
-0.013
-0.028
-0.071
-0.074
-0.064
-0.054
-0.035
-0.066
0.007
0.006
-0.052
-0.002
-0.066
-0.044
0.03
0.022
-0.023
-0.017
-0.142
-0.087
-0.051
-0.088
-0.136
-0.025
-0.074
-0.022
0.074
-0.019
0.008
-0.022
-0.049
-0.024
-0.021
0.008
-0.036
-0.008
-0.043
0.02
-0.017
-0.065
-0.002
-0.005
-0.085
-0.115
-0.064
-0.035
-0.014
-0.047
-0.041
0.048
-0.044
0.044
0.013
0.039
-0.064
-0.097
-0.05
-0.023
-0.099
-0.002
-0.038
-0.005
-0.071
-0.047
-0.049
0.051
-0.041
-0.038
-0.019
-0.049
-0.072
0.003
-0.036
-0.092
-0.062
0.013
0.002
-0.021
-0.073
-0.043
-0.048
-0.007
-0.113
0.038
-0.031
0.022
-0.026
-0.054
-0.074
-0.108
0.003
0.014
-0.046
0.011
-0.086
-0.052
-0.073
0.022
-0.034
-0.094
-0.076
-0.125
0.028
-0.019
0.037
-0.075
0.036
-0.035
-0.044
0.01
-0.092
-0.062
0.02
-0.057
-0.012
-0.048
-0.042
-0.074
-0.002
-0.008
0.015
-0.063
-0.081
-0.05
-0.075
0.023
-0.063
0.052
0.021
-0.028
-0.029
0.006
0.057
-0.069
-0.015
-0.02
-0.099
-0.04
-0.03
-0.024
-0.108
-0.057
0.029
0.022
-0.027
-0.047
-0.04
-0.015
0.035
0.044
-0.095
-0.049
-0.03
-0.039
-0.101
-0.019
-0.021
-0.053
-0.009
-0.022
-0.073
-0.073
0.006
-0.091
0.057
-0.026
-0.027
0.036
-0.025
-0.013
-0.002
-0.061
-0.072
-0.014
-0.029
-0.069
-0.037
0.036
0.016
-0.083
-0.046
0.021
-0.06
-0.114
-0.076
0.033
0.007
-0.07
0.012
-0.12
-0.125
-0.006
-0.083
0.006
0.005
0.045
-0.058
-0.043
-0.093
-0.041
-0.018
-0.047
-0.026
0.019
-0.014
-0.093
0.0
-0.001
-0.035
-0.063
0.043
-0.045
-0.154
-0.056
-0.016
-0.078
-0.062
-0.037
-0.054
-0.062
-0.009
-0.055
-0.049
-0.004
-0.023
0.013
-0.074
0.002
-0.073
-0.139
-0.096
-0.028
-0.048
0.018
-0.025
-0.041
-0.019
-0.026
-0.007
-0.002
0.113
-0.041
-0.003
0.024
-0.069
0.017
-0.048
0.015
-0.025
-0.097
-0.018
0.006
-0.004
-0.084
-0.074
-0.076
-0.027
-0.079
-0.043
-0.007
-0.063
0.017
-0.021
-0.05
0.021
-0.112
-0.029
-0.033
-0.053
-0.007
-0.013
-0.03
-0.116
-0.058
0.014
-0.003
-0.009
-0.006
-0.005
-0.057
0.003
-0.054
-0.025
0.041
0.028
0.029
0.016
-0.01
-0.095
0.02
-0.042
-0.035
0.021
-0.061
-0.029
0.023
-0.119
0.028
-0.062
-0.011
-0.013
-0.064
-0.075
-0.109
-0.032
0.014
0.004
-0.063
-0.006
-0.011
-0.057
-0.065
-0.014
-0.025
-0.009
-0.04
-0.06
-0.015
-0.046
0.003
-0.043
-0.04
-0.078
-0.037
-0.141
-0.093
-0.047
-0.041
0.007
-0.071
-0.051
-0.049
-0.028
-0.003
-0.042
-0.082
-0.054
-0.031
-0.015
0.004
-0.053
0.095
-0.064
-0.063
-0.013
-0.027
-0.034
-0.046
0.008
-0.003
0.033
-0.003
0.0
-0.044
-0.022
-0.027
-0.025
-0.065
-0.067
0.012
-0.09
-0.014
-0.076
0.001
0.055
-0.15
0.019
-0.028
-0.033
-0.095
-0.03
-0.045
-0.041
0.026
0.077
-0.067
-0.053
-0.101
-0.047
-0.072
-0.047
-0.062
-0.035
-0.027
0.052
-0.078
-0.046
-0.109
-0.028
-0.006
-0.067
-0.119
0.02
0.004
-0.067
-0.063
-0.049
-0.123
-0.118
0.023
0.062
-0.107
-0.034
-0.028
-0.075
0.026
-0.027
-0.012
-0.027
-0.082
-0.047
-0.123
-0.023
-0.036
-0.09
-0.014
-0.027
-0.091
-0.017
-0.013
-0.021
0.081
-0.058
-0.063
-0.051
-0.058
-0.013
-0.073
-0.043
-0.055
-0.074
-0.009
-0.055
-0.035
-0.113
-0.051
-0.066
-0.042
-0.061
-0.026
-0.031
-0.008
-0.058
0.016
-0.035
-0.062
0.034
0.008
-0.048
-0.028
-0.124
-0.068
-0.035
-0.13
0.06
-0.011
-0.126
-0.077
0.022
-0.049
-0.081
0.016
0.002
-0.043
-0.009
-0.02
-0.026
-0.034
-0.068
-0.059
-0.067
-0.059
0.074
-0.047
-0.137
-0.09
-0.08
-0.086
0.002
-0.07
-0.086
0.042
-0.005
0.01
0.011
-0.024
-0.114
-0.046
0.023
-0.035
-0.061
-0.02
-0.06
-0.02
-0.038
-0.011
-0.032
-0.023
0.008
-0.065
-0.051
-0.036
-0.034
-0.041
-0.051
0.028
-0.125
-0.016
-0.006
0.017
-0.006
0.004
-0.079
-0.023
-0.087
-0.025
0.014
-0.003
-0.092
-0.08
-0.085
-0.02
-0.012
0.023
-0.07
-0.038
0.024
-0.051
-0.056
-0.043
-0.062
-0.006
0.01
-0.001
-0.041
0.017
-0.098
0.049
-0.005
0.019
-0.008
-0.047
-0.048
0.002
-0.074
0.037
0.013
0.029
-0.044
0.0
-0.07
-0.032
-0.002
-0.03
0.007
0.088
-0.037
-0.029
-0.099
-0.046
0.055
-0.093
-0.004
0.01
-0.039
-0.07
-0.043
0.011
-0.017
-0.052
-0.088
0.014
-0.075
-0.025
-0.044
-0.089
-0.076
0.029
0.021
-0.043
-0.066
0.025
-0.016
0.035
-0.005
-0.037
-0.089
-0.032
-0.048
-0.077
-0.037
-0.044
-0.008
-0.068
-0.028
-0.075
-0.024
0.035
-0.024
0.0
-0.038
-0.085
-0.012
-0.068
-0.077
-0.011
-0.04
-0.103
-0.08
-0.061
-0.092
-0.032
0.001
-0.038
-0.054
-0.075
-0.004
-0.063
-0.07
-0.022
-0.022
-0.02
-0.043
-0.044
-0.019
-0.073
-0.031
-0.014
-0.006
-0.034
-0.028
-0.057
-0.04
-0.076
0.065
-0.004
-0.06
-0.034
-0.02
-0.03
-0.034
0.004
-0.051
-0.084
-0.006
-0.031
-0.01
-0.091
0.037
-0.042
-0.041
-0.022
-0.071
0.005
-0.012
-0.043
-0.011
-0.036
0.013
-0.013
-0.033
-0.001
-0.011
0.033
-0.007
-0.015
-0.093
-0.036
-0.005
-0.044
-0.062
0.021
-0.037
-0.045
-0.081
-0.023
-0.042
-0.038
-0.1
0.023
-0.017
0.013
-0.019
-0.053
-0.065
-0.039
-0.031
-0.048
-0.042
-0.084
-0.007
-0.052
-0.027
-0.021
-0.082
-0.01
-0.012
-0.01
-0.015
-0.043
0.07
0.018
0.007
-0.066
-0.052
-0.103
0.008
-0.14
-0.045
-0.067
-0.006
-0.035
-0.055
0.027
-0.064
0.008
-0.103
-0.049
-0.071
0.027
-0.065
-0.027
-0.033
-0.073
0.044
-0.02
-0.001
-0.023
0.005
0.021
-0.095
-0.041
-0.056
-0.039
-0.052
-0.031
-0.036
-0.01
0.014
-0.037
-0.064
0.064
-0.015
-0.04
-0.132
-0.044
0.0
0.018
-0.044
-0.052
-0.075
-0.056
-0.018
-0.067
-0.033
-0.083
-0.071
0.071
-0.004
-0.061
-0.014
-0.014
-0.006
0.065
-0.005
-0.038
-0.048
-0.008
-0.061
-0.091
-0.011
-0.06
0.0
-0.072
-0.019
-0.082
-0.009
-0.065
-0.027
-0.021
-0.07
-0.055
-0.05
0.001
-0.014
-0.034
0.029
-0.031
-0.054
-0.102
-0.066
-0.054
-0.023
0.008
-0.058
-0.059
-0.014
-0.026
0.037
-0.052
-0.001
0.032
-0.066
-0.042
-0.011
-0.041
-0.023
-0.029
-0.019
-0.053
-0.063
-0.031
-0.063
-0.046
-0.033
-0.073
0.011
-0.041
-0.084
0.042
-0.037
-0.007
-0.027
-0.03
0.057
-0.092
-0.034
0.013
-0.103
-0.062
-0.119
0.043
0.031
-0.09
-0.031
-0.046
0.012
-0.021
-0.036
-0.023
-0.038
0.003
0.084
-0.069
-0.071
-0.051
-0.045
-0.05
-0.04
-0.009
0.035
-0.077
-0.027
-0.134
0.012
-0.064
-0.008
-0.042
0.028
-0.015
-0.055
-0.041
-0.054
-0.059
-0.016
-0.065
-0.136
-0.064
-0.014
-0.039
-0.043
0.022
-0.035
-0.003
-0.031
-0.005
-0.056
-0.025
-0.065
-0.047
-0.055
-0.008
-0.031
-0.146
-0.038
0.01
-0.015
-0.006
-0.019
-0.073
-0.021
0.011
-0.061
-0.105
-0.077
-0.104
-0.049
-0.067
-0.006
-0.05
-0.06
0.047
-0.051
-0.054
-0.043
-0.072
0.015
-0.107
-0.088
-0.009
0.004
-0.05
-0.013
-0.011
-0.009
0.04
-0.04
-0.042
0.037
0.06
-0.104
-0.053
-0.024
-0.035
-0.096
-0.045
-0.06
0.024
-0.046
-0.079
-0.03
-0.07
-0.03
-0.026
-0.021
-0.011
-0.023
-0.064
-0.014
-0.065
-0.005
-0.039
-0.007
0.031
0.041
-0.082
0.056
-0.061
-0.063
0.02
0.009
0.018
0.017
0.009
-0.026
-0.043
-0.062
-0.004
-0.008
-0.012
-0.039
-0.064
-0.054
-0.044
-0.078
-0.048
-0.051
-0.024
-0.015
-0.075
-0.033
-0.037
-0.046
-0.048
-0.006
-0.061
-0.023
-0.053
0.037
-0.023
-0.068
0.019
0.021
-0.034
-0.105
-0.013
-0.022
-0.03
-0.031
-0.082
-0.05
-0.023
0.082
-0.015
-0.096
-0.039
-0.043
-0.064
-0.028
-0.032
-0.025
0.024
-0.012
0.008
-0.114
-0.037
0.009
-0.032
-0.029
-0.019
-0.044
-0.065
-0.006
0.043
-0.024
0.009
0.038
-0.033
-0.053
-0.037
-0.066
0.025
-0.072
-0.117
-0.041
-0.02
0.035
-0.045
-0.01
-0.009
0.029
-0.1
-0.065
-0.075
-0.112
0.018
-0.01
0.023
-0.039
-0.035
-0.131
-0.093
-0.021
-0.02
-0.069
-0.021
-0.026
-0.086
-0.035
0.009
-0.062
-0.151
-0.082
-0.07
0.04
-0.059
0.02
-0.057
-0.015
-0.057
-0.06
-0.105
0.018
0.023
-0.095
-0.077
-0.08
-0.085
-0.068
-0.041
-0.037
-0.07
0.026
-0.025
-0.026
-0.009
-0.067
0.022
-0.069
-0.066
-0.069
-0.036
-0.033
-0.063
-0.072
-0.065
-0.066
0.039
-0.021
-0.044
0.042
-0.059
-0.044
0.014
-0.09
0.015
0.01
-0.025
-0.071
0.048
-0.079
-0.081
-0.071
-0.04
-0.073
-0.008
-0.059
-0.068
-0.068
0.005
-0.061
-0.041
0.005
-0.026
-0.114
0.005
-0.07
-0.052
-0.003
-0.035
0.004
-0.102
0.008
0.009
-0.021
-0.04
0.0
0.054
-0.009
-0.027
-0.015
-0.098
-0.016
-0.085
-0.026
-0.019
-0.051
-0.001
-0.051
-0.026
-0.086
-0.03
-0.084
-0.01
-0.009
-0.027
-0.032
-0.027
-0.112
-0.025
-0.067
-0.045
-0.118
-0.063
-0.074
-0.027
-0.08
-0.087
-0.061
-0.037
-0.026
0.016
-0.01
-0.062
-0.035
-0.017
-0.056
-0.02
0.011
-0.034
0.016
-0.029
-0.107
0.015
-0.026
0.005
-0.035
-0.071
-0.029
-0.015
-0.043
-0.06
-0.028
-0.05
0.018
-0.001
-0.125
-0.016
-0.089
-0.111
-0.055
-0.064
-0.062
-0.013
0.004
0.03
-0.038
-0.149
-0.074
0.002
0.037
-0.079
-0.078
-0.018
0.026
-0.014
0.012
0.034
-0.043
0.025
-0.029
-0.054
-0.039
0.035
-0.081
0.0
-0.066
-0.03
-0.105
-0.067
-0.018
-0.079
0.023
-0.068
0.031
-0.011
-0.139
0.022
-0.014
-0.123
-0.063
-0.061
-0.096
0.009
0.006
-0.075
-0.001
-0.016
-0.048
-0.045
-0.028
-0.034
0.051
-0.039
0.03
-0.081
0.016
-0.039
-0.026
-0.017
-0.008
-0.002
-0.044
-0.062
-0.032
-0.022
-0.135
-0.065
-0.09
-0.033
0.003
-0.023
-0.015
-0.128
-0.092
-0.046
-0.027
-0.048
-0.046
-0.073
-0.016
-0.001
0.035
-0.114
-0.059
-0.021
-0.031
-0.032
-0.041
-0.073
-0.007
-0.009
-0.148
-0.018
0.019
-0.062
-0.079
-0.037
0.034
-0.006
-0.047
-0.033
-0.102
0.009
-0.044
-0.046
0.006
-0.007
-0.012
-0.031
0.017
-0.057
-0.08
-0.071
-0.011
-0.099
-0.024
-0.028
-0.154
0.0
-0.025
-0.046
-0.045
0.0
-0.041
-0.027
-0.013
0.034
-0.05
-0.078
-0.068
-0.009
-0.062
0.018
-0.026
-0.052
-0.029
-0.079
-0.134
0.021
-0.077
-0.097
-0.041
-0.011
-0.029
-0.07
-0.02
-0.068
-0.024
-0.039
-0.06
0.042
-0.054
-0.125
-0.028
-0.039
-0.046
-0.046
-0.056
-0.16
-0.075
0.031
0.001
-0.042
-0.051
-0.01
-0.04
-0.047
0.01
-0.034
0.017
-0.062
-0.092
-0.096
-0.032
0.033
-0.051
-0.082
-0.031
0.005
0.0
-0.087
-0.012
-0.039
-0.03
-0.062
-0.116
-0.113
0.031
-0.062
-0.147
-0.07
-0.05
-0.098
-0.156
0.005
-0.068
-0.025
-0.039
-0.043
0.009
-0.062
-0.031
-0.029
-0.05
-0.029
-0.086
-0.005
-0.044
-0.081
-0.074
-0.059
0.026
-0.1
0.007
-0.13
-0.058
-0.086
-0.03
-0.021
-0.045
0.0
0.011
-0.134
0.018
-0.024
-0.042
0.002
-0.022
0.02
-0.056
-0.066
-0.063
-0.051
-0.002
-0.057
-0.04
-0.076
-0.068
-0.026
-0.065
0.015
-0.052
-0.077
-0.036
-0.034
-0.009
-0.044
-0.061
-0.034
-0.064
-0.089
-0.029
-0.011
-0.027
-0.113
-0.05
0.0
0.016
-0.073
-0.077
-0.048
-0.081
-0.087
-0.063
-0.069
-0.042
-0.003
0.074
-0.027
-0.029
-0.077
-0.023
0.014
-0.006
0.01
0.022
-0.046
-0.069
0.012
-0.152
-0.028
-0.101
-0.016
-0.122
0.018
-0.1
-0.036
-0.01
-0.115
-0.033
-0.05
-0.053
-0.053
0.058
-0.026
-0.008
-0.048
-0.033
-0.07
-0.019
-0.039
-0.106
-0.071
-0.039
-0.063
-0.113
-0.051
0.032
0.008
-0.092
-0.011
-0.008
-0.077
-0.052
-0.058
-0.042
-0.059
0.004
-0.059
0.011
-0.018
-0.044
-0.04
-0.054
-0.057
-0.065
-0.032
0.031
0.019
-0.066
-0.061
0.018
-0.056
-0.08
-0.006
-0.038
-0.093
-0.066
-0.04
-0.106
-0.009
-0.169
-0.034
-0.066
-0.068
0.018
-0.007
0.059
0.013
-0.061
0.013
-0.086
-0.087
0.02
-0.024
-0.062
-0.095
-0.054
-0.039
-0.016
-0.05
-0.038
-0.014
-0.087
0.022
-0.085
-0.041
0.024
-0.012
0.006
0.01
-0.029
-0.015
-0.009
-0.021
-0.053
-0.052
-0.098
-0.089
-0.093
-0.086
-0.086
-0.074
-0.042
-0.074
-0.01
-0.086
-0.007
-0.1
-0.083
-0.084
-0.009
-0.055
-0.096
-0.015
-0.071
-0.038
0.009
-0.016
-0.082
0.02
-0.086
-0.071
-0.024
-0.05
-0.042
0.011
-0.117
-0.072
-0.009
-0.031
0.005
-0.082
0.035
0.033
0.005
0.001
-0.031
-0.008
-0.092
0.013
0.039
-0.048
-0.031
-0.038
0.039
-0.07
-0.009
-0.024
-0.039
-0.017
-0.041
-0.031
-0.087
-0.087
-0.007
-0.034
-0.009
-0.067
-0.138
-0.087
-0.159
-0.069
-0.057
-0.083
-0.098
-0.087
-0.089
-0.098
-0.071
0.017
-0.085
-0.124
-0.044
-0.041
-0.011
-0.033
-0.052
0.006
-0.033
-0.072
-0.021
-0.068
-0.133
0.019
-0.035
-0.056
0.017
-0.134
0.047
-0.04
0.006
-0.063
-0.055
-0.016
-0.122
-0.039
-0.073
-0.078
-0.042
0.022
-0.04
-0.061
-0.143
-0.069
-0.016
-0.029
-0.133
0.015
-0.152
-0.069
-0.016
-0.014
-0.038
-0.121
0.087
-0.095
0.013
-0.037
-0.097
0.003
-0.054
-0.043
0.032
-0.019
-0.088
-0.006
0.029
-0.072
-0.033
-0.02
0.012
-0.063
-0.043
-0.045
-0.03
-0.025
-0.1
-0.015
-0.055
0.002
-0.06
-0.022
-0.051
-0.002
-0.085
-0.028
0.005
-0.051
-0.056
-0.009
-0.098
-0.02
-0.006
-0.153
-0.094
-0.13
-0.067
-0.023
-0.008
0.004
-0.107
-0.071
-0.001
-0.105
-0.093
0.002
-0.065
-0.044
-0.053
-0.026
-0.048
-0.004
-0.014
-0.012
-0.041
-0.031
-0.028
-0.034
-0.007
0.001
-0.083
0.035
-0.067
-0.049
0.016
-0.031
-0.008
-0.046
0.007
-0.008
-0.03
-0.023
0.079
-0.098
-0.01
-0.028
-0.047
-0.038
-0.035
-0.006
-0.048
-0.004
-0.02
-0.04
-0.11
-0.046
0.017
-0.055
-0.095
-0.019
-0.111
-0.079
-0.017
-0.034
-0.079
-0.053
-0.07
-0.07
-0.018
0.04
0.01
-0.102
-0.037
-0.076
-0.079
-0.074
-0.043
-0.042
-0.003
-0.11
-0.048
-0.065
-0.012
-0.038
-0.073
-0.051
-0.043
-0.104
0.027
0.004
-0.005
-0.022
-0.016
-0.033
-0.08
-0.02
-0.018
-0.091
-0.079
-0.076
-0.059
-0.058
-0.003
-0.046
-0.059
-0.043
-0.04
-0.047
-0.012
-0.091
0.002
-0.014
0.012
-0.049
-0.055
-0.042
-0.055
-0.058
0.084
-0.061
0.001
-0.01
0.022
-0.064
-0.08
-0.065
-0.113
-0.021
-0.078
-0.011
-0.044
-0.075
-0.089
-0.09
-0.123
-0.051
-0.045
-0.098
-0.026
-0.03
0.02
-0.012
-0.005
-0.037
-0.037
0.021
0.003
-0.003
-0.096
-0.077
-0.014
-0.096
-0.046
-0.065
-0.038
-0.048
0.002
-0.091
-0.097
-0.067
-0.029
-0.048
-0.009
-0.054
-0.022
-0.038
-0.045
-0.004
-0.073
-0.038
-0.062
-0.091
-0.027
-0.101
-0.134
-0.011
-0.053
-0.031
-0.058
-0.022
-0.047
-0.012
-0.076
-0.028
0.034
-0.064
-0.021
0.011
0.027
-0.084
-0.109
-0.066
-0.082
-0.048
-0.04
-0.087
-0.03
-0.021
-0.052
-0.073
-0.013
-0.079
0.023
-0.078
-0.004
0.035
-0.008
-0.082
0.017
-0.004
-0.043
0.061
0.016
-0.065
-0.009
-0.007
-0.041
-0.066
-0.091
-0.037
-0.018
-0.032
-0.021
-0.119
-0.022
-0.037
0.032
-0.014
0.051
-0.035
-0.013
-0.081
-0.052
-0.105
0.014
-0.058
-0.009
-0.015
-0.014
-0.027
-0.002
-0.103
-0.009
-0.054
-0.103
0.008
-0.168
0.007
-0.016
-0.075
-0.143
-0.011
-0.088
-0.052
-0.036
-0.089
0.015
0.04
0.013
0.0
-0.047
-0.078
-0.01
-0.014
-0.035
-0.017
-0.026
-0.05
-0.038
-0.05
-0.079
-0.019
-0.083
-0.119
-0.011
-0.034
0.031
-0.022
-0.044
-0.038
-0.099
-0.046
0.008
-0.081
-0.069
-0.025
-0.074
-0.034
0.029
-0.033
-0.047
-0.032
-0.004
-0.049
-0.023
-0.074
0.003
-0.095
-0.027
0.006
-0.005
-0.048
-0.113
-0.027
-0.122
0.002
-0.002
-0.073
-0.065
0.031
-0.053
-0.026
-0.021
-0.042
0.026
0.007
-0.05
-0.014
0.02
-0.075
-0.022
0.007
0.064
-0.034
-0.025
-0.045
0.01
0.022
-0.033
0.006
-0.051
-0.014
-0.034
0.006
-0.016
0.009
-0.008
0.0
-0.02
-0.049
-0.028
-0.012
-0.078
-0.107
-0.136
-0.017
-0.028
-0.06
-0.096
-0.037
-0.004
-0.03
0.034
-0.025
-0.053
-0.119
-0.082
0.0
-0.058
-0.032
-0.063
-0.058
-0.013
-0.031
-0.001
0.002
0.008
-0.028
0.028
-0.082
-0.117
-0.024
-0.004
-0.08
0.002
-0.023
-0.012
-0.016
-0.04
-0.03
-0.023
-0.006
0.016
-0.08
-0.023
-0.004
-0.03
-0.074
-0.015
-0.026
0.003
-0.04
-0.024
-0.047
0.034
-0.108
-0.111
0.028
-0.037
-0.04
-0.069
-0.098
0.006
-0.046
-0.108
-0.011
0.014
-0.052
-0.081
-0.055
-0.035
-0.127
-0.046
0.041
-0.024
-0.014
-0.042
0.019
-0.059
0.013
-0.057
-0.029
-0.036
-0.089
-0.038
-0.025
-0.079
0.001
-0.073
-0.012
0.021
-0.046
-0.055
-0.005
-0.077
-0.011
-0.088
-0.103
-0.092
-0.014
-0.029
0.019
-0.09
-0.129
-0.005
-0.034
-0.045
0.05
-0.023
-0.026
-0.074
-0.051
-0.031
0.029
0.007
-0.048
-0.027
-0.073
-0.078
-0.035
0.035
0.031
-0.043
-0.023
-0.016
-0.063
-0.095
0.047
-0.036
0.017
-0.022
-0.024
0.004
-0.019
-0.063
-0.044
-0.008
-0.066
0.043
0.008
-0.008
-0.081
-0.097
0.024
0.009
-0.09
-0.032
0.007
0.053
-0.006
0.027
-0.028
-0.081
-0.028
0.015
0.048
-0.002
-0.067
-0.114
-0.003
-0.036
-0.024
-0.06
-0.055
-0.065
-0.029
-0.018
-0.038
-0.006
-0.073
-0.085
0.016
-0.042
-0.032
-0.049
-0.101
-0.07
-0.023
-0.052
0.009
-0.032
-0.059
-0.087
-0.002
-0.074
0.046
-0.016
-0.028
-0.015
-0.064
-0.049
-0.044
0.003
0.025
-0.01
-0.029
0.009
-0.086
-0.024
-0.05
-0.07
-0.061
-0.038
-0.071
-0.052
-0.055
-0.09
-0.065
-0.103
0.004
0.018
-0.006
-0.042
-0.019
-0.093
0.001
-0.092
-0.042
-0.092
-0.094
-0.043
0.015
-0.046
-0.031
-0.037
-0.02
-0.09
-0.099
-0.062
0.017
-0.019
-0.015
-0.059
-0.006
-0.055
-0.056
-0.055
0.005
-0.031
-0.074
0.024
-0.013
-0.006
-0.055
-0.057
-0.018
-0.024
-0.037
-0.07
-0.078
-0.03
-0.129
-0.05
-0.075
-0.035
-0.085
-0.038
-0.033
-0.007
-0.025
-0.035
-0.08
-0.046
0.01
-0.001
0.0
-0.059
-0.043
-0.001
-0.062
0.0
-0.057
-0.048
-0.046
-0.079
-0.02
-0.011
-0.012
-0.026
0.017
-0.081
0.001
-0.023
-0.084
-0.035
-0.001
-0.077
-0.056
-0.022
0.065
-0.079
0.0
-0.031
-0.103
-0.024
-0.07
-0.007
0.068
-0.007
0.019
0.005
-0.074
-0.021
-0.045
-0.031
-0.046
-0.007
-0.04
-0.051
0.017
-0.057
-0.014
0.003
0.013
-0.036
-0.113
0.063
-0.067
-0.042
-0.071
-0.148
0.006
-0.103
-0.044
-0.05
0.03
-0.052
0.005
-0.007
-0.006
-0.098
-0.036
-0.112
-0.089
-0.003
0.024
-0.022
-0.086
-0.024
0.026
-0.024
-0.054
-0.037
-0.028
-0.042
-0.077
-0.017
-0.058
-0.051
-0.02
-0.08
-0.033
-0.087
-0.053
0.011
-0.142
-0.009
0.017
-0.137
-0.06
0.022
-0.024
-0.016
-0.016
-0.094
0.052
0.003
-0.103
-0.028
-0.015
-0.02
-0.07
-0.022
-0.037
-0.055
-0.012
-0.082
-0.026
-0.126
-0.097
-0.072
-0.058
-0.041
-0.083
-0.052
-0.005
0.022
-0.009
-0.003
-0.088
-0.105
-0.092
-0.035
-0.1
0.0
-0.057
-0.034
-0.014
-0.022
-0.1
-0.039
-0.017
-0.01
-0.017
-0.073
-0.015
-0.081
-0.081
-0.009
0.015
-0.05
-0.049
-0.054
-0.012
-0.077
-0.029
-0.109
-0.042
-0.088
0.034
-0.044
-0.011
-0.057
-0.055
-0.084
-0.013
-0.058
-0.031
-0.041
0.002
-0.03
-0.092
0.029
-0.064
0.054
-0.064
-0.044
0.003
-0.015
0.028
-0.015
0.032
0.075
-0.092
-0.043
-0.017
-0.05
-0.006
0.015
-0.037
0.005
-0.007
-0.01
-0.024
-0.11
0.009
-0.046
-0.054
-0.023
0.001
-0.112
0.035
-0.02
-0.021
0.03
-0.006
-0.005
-0.01
-0.049
0.038
-0.07
-0.095
-0.058
-0.022
-0.061
-0.032
-0.069
-0.059
-0.07
-0.023
-0.071
-0.037
-0.026
0.016
-0.009
-0.057
-0.025
-0.028
-0.079
-0.099
-0.09
-0.069
-0.043
-0.029
-0.088
0.013
-0.05
-0.046
-0.076
-0.048
-0.021
-0.083
-0.167
-0.044
-0.065
-0.047
-0.078
-0.031
0.012
-0.082
-0.023
-0.031
-0.074
-0.02
-0.002
-0.016
0.032
-0.119
-0.148
-0.05
-0.007
-0.034
-0.011
-0.019
-0.064
-0.065
-0.103
-0.056
0.041
-0.006
-0.049
-0.073
-0.042
-0.017
-0.075
-0.058
0.023
-0.114
-0.027
0.026
-0.103
-0.022
-0.026
-0.038
-0.026
-0.08
0.032
-0.053
-0.015
-0.056
0.145
-0.087
-0.017
-0.082
0.022
-0.048
-0.068
0.027
-0.077
0.031
-0.066
-0.052
0.004
-0.064
-0.013
0.048
-0.077
0.004
-0.029
0.025
-0.033
0.0
-0.029
-0.027
-0.009
-0.055
-0.053
-0.034
-0.061
-0.058
-0.065
-0.083
-0.045
-0.023
-0.078
-0.056
-0.057
-0.061
-0.054
-0.106
-0.022
0.001
-0.02
-0.021
0.011
0.007
-0.035
-0.031
-0.059
-0.005
-0.071
-0.04
-0.022
0.02
-0.088
-0.04
-0.085
0.004
-0.036
-0.043
-0.044
-0.055
-0.074
-0.064
-0.013
-0.054
0.04
-0.044
-0.013
-0.008
-0.015
-0.085
-0.062
-0.008
-0.024
0.04
0.037
-0.085
-0.087
-0.037
-0.11
-0.032
-0.017
-0.039
-0.003
-0.115
-0.011
-0.01
0.002
-0.143
-0.081
-0.016
-0.031
0.003
-0.083
0.026
-0.028
-0.03
-0.05
-0.032
0.063
-0.002
-0.099
0.021
0.035
-0.102
-0.045
-0.073
-0.001
-0.08
-0.065
-0.009
-0.036
-0.028
-0.059
-0.067
-0.059
-0.08
-0.04
0.009
-0.063
0.008
0.045
-0.109
-0.032
0.046
-0.049
-0.065
-0.041
-0.036
-0.02
-0.031
-0.014
-0.075
-0.062
-0.091
0.078
-0.01
-0.033
-0.001
-0.115
-0.049
-0.03
-0.089
-0.016
-0.088
0.009
-0.016
-0.058
-0.035
-0.054
-0.056
-0.068
-0.081
-0.061
-0.038
-0.059
-0.061
0.026
-0.011
-0.092
-0.068
-0.009
-0.03
-0.103
-0.09
0.042
0.009
-0.072
-0.046
0.066
-0.036
0.009
-0.081
-0.028
-0.063
-0.018
0.018
-0.045
-0.077
-0.028
-0.064
-0.019
0.0
-0.04
-0.056
-0.013
0.008
-0.121
-0.079
-0.064
-0.102
0.01
-0.04
0.0
-0.021
-0.004
-0.01
-0.069
-0.045
-0.008
-0.001
-0.083
-0.029
-0.083
-0.02
-0.065
-0.005
-0.055
0.023
-0.002
0.007
-0.054
-0.016
-0.074
-0.056
0.03
0.035
0.007
-0.068
-0.055
0.001
-0.032
-0.02
-0.058
-0.045
-0.034
0.01
0.085
0.049
-0.034
-0.002
-0.057
-0.039
-0.014
-0.049
-0.045
-0.052
-0.017
-0.037
-0.05
-0.055
0.01
-0.049
-0.03
-0.009
-0.059
-0.059
-0.025
-0.092
0.018
-0.054
-0.005
-0.011
-0.016
-0.098
-0.038
-0.119
-0.041
-0.055
-0.078
-0.088
-0.06
0.021
-0.117
-0.029
-0.011
-0.033
-0.094
0.001
-0.024
-0.09
0.002
-0.064
0.012
-0.077
-0.091
-0.037
-0.073
-0.02
-0.028
-0.088
-0.056
-0.037
-0.044
-0.079
0.071
0.013
-0.013
-0.029
-0.041
-0.121
-0.042
-0.066
0.04
0.027
-0.043
-0.102
-0.018
-0.018
0.009
-0.109
-0.01
-0.01
-0.066
-0.028
-0.016
-0.069
-0.05
-0.088
-0.017
0.048
-0.091
-0.018
0.012
-0.075
0.001
-0.081
-0.081
-0.043
-0.052
-0.053
-0.161
-0.045
-0.11
0.033
-0.03
-0.075
0.033
-0.033
-0.049
-0.022
-0.023
-0.062
-0.053
0.039
-0.065
-0.013
0.012
-0.152
-0.089
-0.004
-0.077
-0.054
-0.052
-0.022
-0.12
-0.109
0.02
0.002
0.005
0.015
-0.049
-0.032
-0.045
-0.06
-0.034
-0.062
-0.02
-0.106
-0.035
-0.042
-0.024
-0.06
-0.039
-0.113
0.048
0.019
-0.083
0.027
-0.128
-0.062
-0.089
-0.014
-0.089
-0.066
-0.072
-0.051
-0.036
-0.037
-0.032
-0.008
-0.017
-0.023
-0.013
-0.065
-0.061
-0.027
-0.046
-0.128
-0.023
-0.006
0.01
-0.04
-0.027
-0.134
-0.049
-0.022
-0.123
-0.105
-0.064
0.026
-0.03
-0.067
-0.029
0.082
-0.031
-0.053
-0.019
-0.101
-0.063
0.003
-0.057
-0.029
-0.022
-0.069
-0.029
-0.113
-0.077
-0.074
-0.02
-0.04
-0.057
0.004
-0.004
0.044
-0.104
-0.088
-0.011
-0.025
-0.053
-0.08
-0.012
-0.06
-0.054
-0.076
0.019
-0.015
0.042
-0.017
-0.082
-0.05
-0.003
0.012
-0.02
0.002
0.076
-0.014
-0.02
-0.025
-0.04
-0.034
0.053
0.015
-0.001
-0.042
-0.137
-0.083
-0.02
-0.081
-0.038
0.044
0.005
0.041
-0.115
0.016
0.001
-0.005
-0.04
-0.047
-0.024
-0.068
-0.08
0.001
-0.083
-0.002
-0.058
-0.059
-0.071
0.017
-0.081
-0.03
-0.015
-0.05
0.008
0.035
-0.086
-0.051
0.048
0.04
-0.005
-0.075
-0.07
0.005
-0.082
-0.022
-0.029
0.002
-0.014
-0.089
-0.034
-0.06
-0.026
-0.052
-0.041
-0.069
-0.002
0.062
-0.004
-0.031
-0.03
-0.047
-0.006
-0.019
-0.044
-0.036
-0.018
-0.091
-0.124
-0.03
-0.021
0.036
0.017
-0.028
-0.05
-0.012
-0.055
-0.062
-0.098
-0.016
-0.021
-0.063
-0.065
-0.031
0.015
-0.029
-0.003
-0.035
-0.015
0.03
0.017
-0.046
-0.056
0.021
-0.052
0.014
-0.075
0.012
-0.052
0.017
-0.101
0.016
-0.007
-0.054
-0.028
0.027
-0.076
-0.029
-0.034
-0.031
-0.021
-0.041
-0.023
0.015
-0.018
0.004
-0.025
-0.066
-0.032
-0.014
-0.047
-0.017
-0.073
0.015
-0.007
-0.035
-0.014
-0.033
-0.022
-0.021
-0.042
-0.135
-0.095
-0.091
-0.066
-0.061
0.008
-0.003
-0.012
-0.098
-0.027
-0.024
-0.044
-0.008
-0.08
-0.028
-0.058
-0.063
-0.059
-0.055
-0.045
-0.059
-0.031
-0.11
-0.018
-0.118
-0.057
-0.026
-0.023
-0.029
0.003
-0.085
0.005
-0.061
-0.044
0.043
-0.013
0.004
-0.068
-0.027
-0.039
0.01
-0.068
-0.066
-0.066
0.0
0.007
-0.026
0.011
-0.083
-0.016
-0.063
-0.109
-0.065
-0.096
0.001
-0.036
-0.077
-0.007
0.028
-0.04
-0.048
-0.089
-0.065
-0.048
-0.09
-0.001
0.012
-0.051
-0.05
-0.051
0.0
-0.102
-0.045
-0.072
-0.029
-0.016
-0.055
0.006
-0.042
-0.084
-0.068
-0.049
-0.013
0.01
0.078
0.004
-0.048
-0.023
0.025
-0.043
-0.002
-0.027
-0.061
-0.104
-0.014
-0.044
0.032
-0.062
0.036
-0.049
-0.036
0.011
-0.094
-0.095
-0.094
-0.058
0.059
-0.036
-0.034
-0.054
-0.036
-0.061
-0.039
-0.061
0.029
-0.07
0.039
-0.033
-0.009
-0.013
-0.098
-0.081
-0.061
-0.001
-0.069
-0.005
-0.005
-0.065
-0.044
-0.017
-0.051
-0.052
-0.095
-0.039
-0.056
-0.079
-0.041
0.006
-0.073
-0.064
-0.026
-0.069
-0.042
-0.104
-0.039
-0.032
-0.044
-0.05
-0.004
-0.023
-0.082
-0.036
-0.01
-0.045
-0.049
-0.012
-0.01
-0.092
-0.045
0.009
-0.015
-0.014
-0.094
-0.056
-0.008
-0.04
-0.035
-0.025
0.0
-0.06
-0.086
-0.037
-0.077
-0.097
-0.008
-0.045
0.01
0.04
-0.02
-0.053
0.069
-0.02
0.011
-0.045
-0.112
0.021
-0.087
-0.003
-0.021
-0.014
-0.021
-0.118
-0.06
0.004
-0.072
-0.076
0.004
0.087
-0.025
0.065
0.048
-0.031
-0.137
0.001
-0.018
-0.001
0.018
-0.048
0.011
-0.018
-0.072
-0.011
-0.033
-0.051
-0.075
-0.004
-0.097
-0.076
-0.01
-0.025
-0.024
0.008
0.019
-0.054
-0.142
-0.017
-0.098
-0.085
-0.141
-0.026
-0.101
-0.112
-0.009
-0.007
0.04
-0.067
-0.082
-0.017
-0.026
-0.104
-0.038
-0.042
-0.037
-0.083
-0.081
-0.1
-0.061
-0.061
-0.065
0.01
-0.079
-0.017
-0.025
-0.008
-0.065
-0.007
0.0
0.078
0.044
-0.081
0.03
-0.071
-0.03
-0.03
-0.01
-0.092
0.003
-0.034
-0.034
-0.051
-0.057
-0.011
-0.018
-0.06
-0.057
0.033
0.017
-0.067
-0.052
-0.057
-0.067
-0.068
-0.173
-0.081
-0.028
-0.034
-0.09
-0.024
0.017
-0.072
-0.046
-0.032
0.026
-0.042
-0.083
-0.099
-0.082
-0.007
-0.079
-0.019
0.015
-0.083
0.0
-0.023
-0.011
0.008
-0.052
-0.01
0.011
-0.058
0.007
-0.015
-0.071
0.0
0.023
-0.021
-0.059
-0.057
-0.044
-0.046
0.022
-0.054
0.009
-0.081
0.022
0.005
0.061
-0.064
-0.143
-0.037
-0.026
-0.012
-0.003
-0.017
-0.011
-0.108
-0.041
-0.005
-0.033
-0.002
0.007
-0.042
-0.012
-0.05
-0.057
0.028
-0.107
0.059
-0.031
0.025
0.046
-0.02
-0.026
-0.063
-0.076
-0.018
-0.094
0.023
-0.038
-0.047
-0.012
-0.076
-0.05
-0.054
-0.048
0.022
-0.024
-0.079
-0.04
0.026
-0.061
-0.025
-0.044
-0.028
-0.121
-0.053
0.013
0.007
-0.045
-0.036
-0.03
-0.036
-0.074
-0.038
-0.073
-0.078
-0.002
-0.045
-0.008
-0.08
-0.091
-0.031
-0.031
-0.086
0.097
-0.003
0.005
0.022
-0.01
-0.044
0.02
-0.114
-0.076
-0.012
-0.013
-0.02
-0.022
-0.067
-0.061
-0.025
-0.143
-0.035
0.018
-0.029
-0.024
-0.064
-0.019
-0.021
-0.036
-0.056
0.085
-0.019
-0.076
-0.089
-0.076
-0.018
-0.044
0.041
-0.037
-0.065
-0.07
-0.013
0.027
0.014
-0.051
-0.019
-0.023
-0.097
-0.071
-0.109
-0.031
-0.033
0.039
0.007
-0.128
-0.02
-0.104
-0.054
-0.075
-0.076
-0.073
-0.015
-0.089
-0.024
-0.01
0.017
-0.05
-0.081
-0.039
-0.058
-0.049
-0.103
-0.035
-0.069
-0.054
-0.07
0.027
-0.009
0.001
0.021
0.004
-0.059
-0.067
-0.01
-0.05
-0.026
-0.065
-0.033
0.005
-0.13
-0.03
-0.041
-0.038
-0.088
-0.072
0.016
0.047
0.002
-0.076
-0.051
-0.003
-0.021
-0.034
-0.055
-0.041
-0.073
-0.025
-0.014
-0.075
-0.025
0.012
0.042
-0.019
-0.038
-0.034
-0.046
-0.032
-0.043
0.023
-0.023
-0.119
-0.04
-0.06
-0.069
-0.01
0.015
0.009
-0.1
-0.069
-0.044
0.041
-0.046
-0.002
-0.08
0.015
-0.051
-0.024
-0.045
-0.019
-0.032
-0.018
-0.016
-0.076
-0.002
0.015
-0.053
-0.004
-0.024
-0.075
-0.08
-0.06
0.007
-0.007
-0.033
-0.029
-0.037
-0.027
-0.06
-0.026
-0.034
-0.04
-0.017
-0.076
-0.019
-0.037
-0.086
-0.082
-0.002
-0.024
-0.043
-0.043
-0.035
-0.044
-0.054
-0.013
-0.131
-0.043
-0.06
-0.054
-0.035
-0.029
-0.071
-0.071
-0.049
-0.056
0.081
-0.08
-0.067
-0.022
-0.085
-0.029
-0.049
0.066
0.017
-0.026
-0.179
-0.052
0.064
-0.071
-0.045
-0.102
-0.135
-0.075
-0.062
-0.079
-0.061
0.038
-0.149
-0.064
-0.003
-0.093
-0.008
0.053
-0.005
0.017
-0.048
-0.035
-0.029
-0.104
-0.043
-0.079
-0.094
0.004
0.123
-0.041
-0.052
0.012
0.036
0.042
0.026
-0.049
-0.105
0.048
0.068
-0.01
-0.012
-0.034
-0.043
-0.02
-0.046
-0.004
-0.054
-0.006
0.029
-0.071
-0.065
-0.102
-0.109
-0.095
-0.074
-0.094
-0.031
-0.071
-0.009
0.01
0.046
0.072
-0.038
-0.061
0.005
0.0
-0.091
-0.048
-0.049
0.028
-0.055
-0.071
-0.002
-0.092
-0.001
-0.054
0.017
-0.034
-0.022
-0.001
0.001
-0.024
0.025
-0.008
-0.063
-0.025
-0.045
-0.062
0.018
-0.104
0.004
0.029
-0.102
-0.07
-0.003
-0.054
-0.084
-0.015
-0.073
-0.04
-0.022
-0.063
-0.028
-0.061
-0.093
-0.022
-0.035
-0.036
-0.001
-0.086
-0.022
-0.081
-0.076
-0.05
-0.051
-0.047
0.002
-0.039
-0.063
-0.071
-0.024
0.016
-0.076
-0.08
0.017
-0.014
0.03
-0.028
-0.004
-0.002
-0.082
-0.095
0.005
-0.012
-0.058
-0.026
-0.001
-0.055
-0.031
-0.03
-0.02
-0.019
-0.042
-0.072
-0.083
0.044
-0.061
0.034
-0.034
-0.049
-0.067
-0.015
-0.039
-0.004
-0.016
-0.083
-0.042
-0.039
0.038
-0.034
-0.158
-0.028
-0.079
-0.096
-0.097
-0.041
-0.035
-0.039
-0.012
-0.028
-0.082
-0.021
-0.072
-0.046
-0.075
-0.045
-0.021
0.0
0.019
-0.002
-0.055
-0.041
0.018
-0.057
-0.076
0.003
-0.061
0.023
-0.033
-0.012
-0.087
-0.059
-0.129
-0.03
-0.039
-0.022
-0.016
0.035
-0.074
-0.004
-0.081
-0.026
-0.021
-0.085
-0.061
0.006
-0.06
-0.063
-0.04
-0.136
-0.05
0.012
0.053
-0.101
-0.086
-0.042
-0.061
-0.118
-0.063
-0.041
-0.087
-0.026
-0.037
-0.045
-0.021
-0.053
-0.022
-0.086
-0.079
0.046
-0.111
-0.102
-0.043
-0.059
-0.037
-0.041
0.023
-0.046
-0.042
0.001
-0.028
-0.081
-0.014
-0.076
-0.066
-0.081
-0.021
-0.021
-0.005
0.018
-0.041
-0.071
-0.046
0.01
-0.031
-0.128
-0.054
-0.089
-0.092
-0.067
-0.006
-0.055
-0.058
-0.035
0.013
-0.015
-0.031
-0.053
-0.013
-0.005
-0.104
-0.019
-0.1
-0.05
-0.006
-0.118
-0.022
-0.05
-0.062
0.002
0.01
0.037
-0.001
-0.009
-0.009
-0.048
-0.014
-0.001
-0.002
-0.047
-0.111
-0.012
-0.046
-0.114
-0.126
-0.045
-0.079
-0.017
-0.109
-0.003
-0.051
-0.028
0.007
-0.014
-0.003
-0.018
-0.097
-0.081
-0.06
-0.046
-0.06
-0.077
-0.024
-0.055
-0.067
-0.119
-0.05
-0.079
-0.053
-0.067
-0.009
0.01
-0.054
-0.042
-0.019
-0.044
-0.025
-0.112
-0.043
-0.046
-0.045
-0.074
0.022
-0.037
-0.007
-0.05
-0.051
-0.083
-0.096
-0.088
-0.018
-0.049
-0.048
-0.049
-0.029
-0.058
-0.041
-0.051
-0.051
-0.075
-0.179
-0.008
-0.103
-0.057
-0.025
-0.036
-0.096
-0.072
-0.092
-0.038
-0.077
-0.07
-0.064
-0.094
-0.109
-0.064
-0.062
-0.08
-0.067
-0.041
-0.09
0.023
-0.003
-0.013
-0.045
0.005
-0.063
0.042
0.065
-0.072
-0.074
0.001
-0.015
0.005
0.029
-0.116
-0.121
-0.038
-0.083
-0.023
-0.015
0.021
-0.046
-0.084
-0.056
-0.093
-0.036
0.008
-0.09
-0.038
-0.073
0.018
0.017
0.015
-0.03
-0.1
0.015
-0.059
-0.028
-0.029
-0.061
0.064
-0.06
-0.069
-0.055
-0.074
0.011
-0.065
-0.064
-0.076
-0.042
-0.077
-0.021
0.008
0.014
-0.061
-0.015
-0.065
-0.025
-0.046
-0.044
-0.077
-0.01
-0.104
-0.03
-0.074
-0.044
-0.08
-0.09
-0.104
-0.027
0.02
-0.102
-0.035
-0.077
-0.092
-0.026
-0.033
-0.056
0.041
0.013
0.005
-0.021
-0.116
-0.001
-0.055
-0.027
-0.079
-0.036
-0.008
0.027
0.015
-0.038
0.017
-0.04
0.016
-0.036
-0.003
-0.078
-0.01
-0.031
-0.106
-0.091
-0.033
0.029
-0.031
-0.049
-0.056
0.063
-0.052
0.001
-0.046
-0.068
-0.051
-0.004
-0.037
-0.046
-0.043
0.023
-0.114
-0.08
-0.026
-0.108
-0.037
-0.057
-0.039
-0.009
-0.004
-0.03
-0.086
-0.084
-0.076
-0.075
-0.039
-0.057
-0.034
-0.056
-0.02
-0.058
-0.038
-0.043
-0.003
-0.009
0.016
-0.048
0.023
-0.035
-0.005
-0.028
-0.029
-0.074
0.021
-0.07
-0.006
-0.056
-0.035
-0.082
0.015
-0.024
-0.052
-0.061
-0.032
0.022
-0.085
0.022
-0.03
-0.01
-0.05
-0.035
-0.068
-0.004
-0.087
0.002
0.085
-0.005
-0.035
-0.119
0.023
0.019
-0.083
-0.039
-0.067
-0.045
-0.078
0.029
0.012
-0.063
-0.111
-0.105
-0.046
-0.076
-0.011
-0.085
0.004
-0.017
-0.046
0.0
-0.064
-0.052
-0.089
-0.025
-0.051
-0.032
-0.109
-0.014
-0.036
0.0
-0.022
0.034
-0.081
-0.047
0.024
-0.043
-0.029
-0.066
-0.136
-0.032
-0.064
-0.014
-0.008
-0.071
0.035
-0.04
-0.026
0.044
-0.052
-0.001
-0.018
-0.01
-0.04
0.033
0.053
-0.021
-0.045
-0.044
-0.037
-0.075
-0.017
-0.089
-0.016
-0.009
0.01
-0.035
0.043
-0.054
-0.021
0.041
-0.069
-0.063
0.017
-0.061
0.028
-0.005
-0.079
-0.085
-0.039
-0.095
-0.035
-0.01
-0.034
-0.067
-0.005
-0.056
-0.087
-0.084
-0.005
-0.022
-0.048
-0.07
-0.036
-0.119
-0.001
0.032
-0.002
-0.007
-0.042
-0.023
-0.002
-0.065
0.016
-0.043
-0.075
-0.006
-0.059
-0.024
-0.095
-0.07
-0.026
0.028
-0.092
0.026
-0.091
0.017
-0.003
-0.05
0.004
-0.028
-0.011
-0.008
-0.031
-0.002
-0.055
0.004
0.042
0.01
-0.077
0.037
0.01
0.024
-0.088
-0.055
-0.05
-0.031
-0.048
-0.046
0.01
0.014
0.001
-0.048
0.011
-0.004
-0.034
0.015
-0.053
-0.025
0.005
-0.089
-0.101
-0.037
-0.062
-0.104
-0.022
-0.009
-0.018
-0.088
-0.014
-0.005
-0.06
-0.075
-0.042
-0.068
-0.009
-0.043
-0.092
-0.081
-0.035
-0.026
0.014
-0.058
-0.081
-0.043
-0.045
-0.101
-0.06
-0.021
-0.062
-0.051
-0.04
0.069
-0.024
-0.005
-0.047
-0.035
-0.028
0.0
-0.018
-0.06
-0.047
-0.027
-0.017
-0.014
-0.041
-0.022
-0.122
-0.037
0.022
-0.088
0.015
-0.082
-0.1
-0.051
-0.029
-0.012
-0.032
-0.04
-0.065
-0.021
-0.067
-0.044
-0.022
-0.028
-0.043
-0.038
-0.068
-0.117
-0.031
-0.008
0.001
-0.061
0.005
0.015
-0.029
-0.112
-0.031
-0.089
-0.045
-0.093
0.007
-0.039
-0.039
-0.071
-0.047
-0.076
-0.01
-0.077
-0.023
-0.003
-0.031
-0.021
-0.014
-0.011
-0.013
0.026
-0.121
-0.089
-0.073
-0.091
-0.011
-0.064
-0.088
-0.058
-0.02
-0.07
0.002
-0.042
-0.009
-0.057
-0.018
-0.094
-0.01
-0.064
-0.046
0.063
-0.033
0.019
-0.008
-0.029
0.03
-0.042
-0.006
-0.112
-0.061
-0.073
-0.06
-0.032
-0.043
-0.001
0.019
-0.076
-0.03
-0.002
-0.041
-0.114
-0.043
-0.012
-0.051
-0.007
-0.004
-0.085
-0.066
-0.047
-0.135
-0.054
-0.034
-0.044
-0.122
-0.101
-0.058
-0.084
-0.034
-0.032
-0.056
0.043
-0.027
0.024
0.044
-0.044
-0.087
0.005
-0.007
0.004
-0.022
0.021
0.002
-0.024
-0.038
0.001
-0.061
-0.097
-0.009
-0.081
-0.163
-0.112
-0.053
-0.055
-0.061
0.021
-0.028
0.004
0.036
-0.12
-0.003
0.015
-0.078
-0.051
-0.025
-0.009
-0.036
-0.025
0.002
-0.037
-0.008
-0.081
0.025
0.0
0.004
-0.166
-0.028
-0.008
-0.03
-0.009
-0.054
-0.014
-0.009
-0.048
-0.03
0.0
-0.018
0.001
-0.028
-0.09
-0.006
-0.077
-0.034
-0.01
-0.031
0.003
0.011
-0.03
-0.054
0.007
-0.112
-0.061
-0.066
-0.013
0.027
-0.043
-0.096
-0.037
0.004
0.014
0.061
-0.006
0.034
-0.054
-0.033
-0.096
-0.003
-0.121
-0.075
-0.104
-0.04
-0.033
0.057
-0.108
-0.046
-0.003
-0.022
-0.085
-0.017
-0.048
-0.031
-0.008
-0.006
-0.03
-0.046
0.008
-0.05
0.008
-0.035
-0.025
-0.004
-0.022
-0.055
0.012
-0.053
-0.057
0.007
-0.065
-0.068
-0.027
-0.029
0.008
0.004
-0.068
-0.103
-0.095
0.041
0.016
-0.047
-0.05
-0.006
0.024
-0.088
0.041
-0.04
-0.041
-0.027
0.043
-0.079
-0.132
-0.123
-0.095
0.015
-0.059
-0.075
-0.041
-0.08
-0.008
-0.065
-0.066
-0.071
-0.041
-0.049
0.055
-0.014
-0.065
-0.029
0.015
0.001
-0.07
0.063
0.018
-0.01
0.027
-0.057
-0.091
-0.053
-0.023
-0.09
-0.088
-0.109
-0.038
-0.084
-0.015
-0.038
0.032
-0.009
-0.005
0.071
-0.002
-0.132
-0.007
0.006
-0.005
-0.064
-0.054
0.033
0.006
0.004
-0.071
-0.026
-0.041
-0.015
-0.079
-0.084
-0.036
-0.07
-0.019
-0.071
-0.066
-0.051
-0.048
-0.075
-0.066
-0.057
-0.072
-0.032
-0.089
-0.057
-0.024
-0.046
-0.005
-0.02
-0.094
0.061
-0.074
-0.057
-0.144
-0.071
-0.061
0.036
-0.034
0.049
-0.069
-0.002
0.053
0.053
-0.025
-0.058
-0.065
-0.007
-0.045
-0.064
-0.015
-0.099
0.032
-0.056
-0.026
-0.019
-0.104
0.013
-0.071
-0.02
-0.101
0.02
-0.021
0.02
-0.063
-0.042
-0.012
-0.076
-0.099
-0.051
-0.002
-0.089
-0.099
-0.008
-0.068
-0.064
-0.06
-0.066
-0.141
-0.051
-0.006
-0.076
-0.109
-0.026
0.033
-0.03
-0.065
-0.077
-0.073
-0.015
-0.02
-0.032
-0.054
-0.015
-0.102
-0.05
-0.039
-0.063
-0.068
-0.058
0.022
-0.081
0.02
0.022
-0.038
-0.027
-0.005
0.045
-0.008
-0.06
-0.06
-0.043
-0.013
-0.072
-0.052
-0.013
-0.032
-0.061
-0.019
-0.016
-0.017
-0.068
-0.096
-0.047
0.018
-0.027
-0.066
-0.088
-0.106
-0.055
-0.022
-0.039
-0.03
-0.057
-0.012
0.009
-0.047
-0.015
-0.016
0.002
-0.04
-0.004
-0.059
0.008
-0.059
-0.008
-0.001
-0.021
0.0
-0.034
-0.035
-0.039
-0.009
-0.019
-0.059
-0.077
-0.035
-0.09
-0.037
-0.095
-0.005
-0.003
-0.005
-0.046
-0.056
-0.019
0.005
-0.064
0.023
-0.02
-0.061
-0.015
0.01
-0.053
-0.015
-0.067
-0.064
-0.112
0.041
-0.059
-0.059
0.014
-0.046
-0.016
-0.1
-0.075
-0.032
-0.031
0.001
-0.049
0.002
0.059
-0.017
-0.108
-0.098
-0.067
0.027
-0.039
0.004
-0.041
-0.031
-0.115
0.053
0.057
0.004
-0.06
-0.004
-0.047
-0.011
-0.072
-0.01
0.031
0.052
-0.046
-0.07
-0.069
-0.101
0.029
-0.089
-0.119
-0.055
-0.056
-0.091
-0.031
-0.032
-0.003
-0.037
-0.052
-0.001
-0.079
-0.106
-0.045
-0.089
-0.008
-0.004
0.013
-0.009
-0.07
-0.017
-0.011
0.042
-0.072
-0.039
-0.039
-0.076
-0.041
0.016
-0.011
0.033
-0.01
-0.013
-0.021
0.031
0.029
-0.065
-0.043
-0.055
-0.039
-0.1
-0.025
-0.101
-0.066
-0.046
-0.109
-0.007
-0.062
-0.019
-0.088
-0.072
-0.112
-0.001
-0.008
-0.073
-0.01
-0.04
-0.161
-0.074
-0.067
-0.097
-0.064
-0.083
0.009
-0.047
0.017
-0.018
0.001
-0.09
-0.081
-0.033
-0.062
-0.119
-0.013
-0.052
-0.044
-0.038
-0.003
-0.051
0.009
-0.011
-0.024
-0.093
-0.023
-0.053
-0.069
0.02
-0.087
-0.11
-0.046
-0.042
-0.063
-0.128
-0.055
-0.065
-0.026
0.028
0.008
-0.062
-0.047
-0.024
-0.071
-0.07
-0.052
-0.028
-0.038
-0.006
0.028
-0.034
-0.103
-0.014
-0.044
-0.024
-0.065
-0.022
-0.031
0.008
-0.023
-0.021
0.017
-0.026
-0.037
-0.066
-0.075
-0.047
-0.128
0.005
-0.104
-0.026
-0.008
-0.007
0.025
0.022
-0.109
0.002
-0.021
-0.09
-0.048
-0.064
-0.025
-0.023
-0.012
-0.028
-0.054
-0.04
-0.003
-0.065
-0.049
0.002
-0.072
-0.012
-0.071
-0.015
0.022
-0.068
-0.051
-0.029
0.0
-0.005
-0.067
0.053
-0.062
-0.057
-0.074
0.017
-0.022
-0.057
-0.001
-0.042
0.048
-0.06
-0.019
-0.064
-0.001
-0.008
-0.007
-0.022
-0.045
-0.068
-0.056
-0.068
-0.049
-0.049
-0.034
-0.103
-0.02
-0.012
-0.06
-0.027
-0.005
-0.072
0.051
-0.001
-0.026
-0.088
-0.063
-0.024
-0.049
-0.064
0.02
-0.093
0.001
-0.037
-0.002
0.01
-0.093
0.014
-0.076
-0.158
-0.015
0.017
-0.052
-0.037
-0.054
-0.029
-0.048
0.013
-0.069
-0.015
0.006
-0.006
-0.086
-0.073
-0.006
-0.024
0.021
-0.008
-0.045
-0.014
0.024
-0.029
-0.063
0.028
0.007
-0.049
-0.033
-0.098
-0.017
-0.095
-0.051
-0.031
0.029
-0.021
-0.01
0.017
-0.02
-0.072
-0.038
-0.053
-0.067
-0.077
-0.067
-0.076
-0.101
0.042
-0.014
-0.021
-0.099
-0.064
-0.036
-0.032
0.014
-0.05
-0.082
-0.094
-0.028
-0.107
0.013
-0.051
-0.026
-0.09
-0.042
0.004
-0.083
0.035
-0.045
-0.025
-0.022
0.013
-0.033
-0.062
-0.035
0.014
-0.105
-0.092
0.002
0.072
-0.104
-0.06
0.0
-0.03
0.02
-0.037
-0.068
-0.026
-0.065
-0.026
-0.001
0.028
-0.065
-0.075
-0.087
-0.025
-0.106
-0.052
-0.049
-0.052
-0.03
-0.029
-0.089
-0.03
-0.073
-0.092
0.093
0.04
-0.067
-0.071
0.023
-0.086
0.005
-0.035
0.003
-0.055
0.009
-0.004
0.007
-0.039
-0.053
-0.022
0.033
-0.011
-0.094
-0.106
0.027
-0.059
0.017
-0.055
-0.025
-0.039
0.035
-0.131
-0.041
0.025
0.059
0.001
-0.051
-0.022
-0.054
0.019
-0.053
-0.024
-0.001
-0.058
-0.026
-0.042
-0.044
-0.014
-0.058
-0.107
-0.008
-0.078
-0.024
-0.043
-0.106
0.019
-0.038
-0.006
-0.034
0.004
-0.039
-0.031
-0.01
-0.077
-0.044
-0.024
-0.097
-0.018
-0.081
-0.069
-0.057
0.005
-0.008
-0.068
-0.08
-0.069
-0.042
-0.141
-0.092
-0.019
0.049
-0.081
-0.028
-0.003
-0.022
-0.152
0.03
-0.011
-0.043
-0.072
-0.062
-0.004
-0.032
0.0
-0.082
-0.087
0.027
-0.05
-0.008
0.01
-0.044
-0.057
-0.044
0.023
-0.038
-0.06
0.008
-0.027
0.016
-0.078
-0.04
-0.002
-0.037
0.037
-0.024
-0.002
-0.055
-0.061
-0.027
-0.004
-0.065
-0.079
0.001
-0.091
-0.053
-0.002
-0.021
0.022
-0.03
-0.09
-0.091
-0.095
-0.012
-0.1
-0.003
-0.114
-0.058
-0.008
-0.056
-0.107
-0.081
-0.012
-0.011
-0.047
-0.021
-0.012
-0.047
-0.015
-0.037
-0.135
-0.007
-0.023
-0.018
-0.1
0.033
-0.112
-0.083
-0.084
0.027
-0.039
-0.001
0.059
-0.051
-0.021
-0.045
-0.022
-0.054
-0.017
-0.052
-0.152
-0.014
-0.107
-0.043
-0.067
-0.033
-0.097
-0.053
-0.07
-0.081
-0.011
-0.019
-0.142
0.023
-0.044
-0.063
-0.028
-0.035
-0.107
0.006
-0.038
0.002
-0.042
0.053
-0.103
-0.038
0.043
-0.004
-0.011
0.028
-0.027
-0.076
-0.086
-0.057
-0.05
0.027
-0.009
-0.085
-0.025
-0.113
-0.08
0.01
-0.001
-0.053
-0.074
-0.129
-0.002
-0.056
-0.092
-0.035
0.044
0.025
-0.025
-0.013
0.01
-0.097
-0.016
-0.009
-0.029
-0.038
-0.017
0.044
-0.055
-0.064
-0.061
-0.002
-0.055
-0.091
-0.131
-0.007
-0.046
-0.003
-0.017
0.028
0.007
-0.05
-0.077
0.005
-0.091
-0.008
-0.06
-0.023
-0.022
-0.016
0.039
-0.106
-0.048
0.023
0.05
-0.073
0.038
-0.067
-0.085
-0.032
-0.078
-0.06
-0.1
-0.02
-0.028
-0.089
-0.017
-0.11
-0.033
-0.038
-0.071
-0.038
-0.091
0.024
-0.098
-0.01
-0.073
0.009
0.024
-0.063
-0.062
-0.018
-0.001
0.015
0.04
-0.065
-0.009
-0.02
-0.057
-0.127
-0.042
-0.084
-0.103
-0.027
-0.041
-0.045
-0.02
0.06
-0.065
-0.01
-0.041
-0.009
-0.019
-0.055
-0.063
-0.1
-0.054
-0.08
-0.029
-0.103
-0.065
-0.066
-0.074
-0.065
-0.037
-0.04
-0.05
-0.022
-0.105
-0.066
0.011
-0.081
-0.026
-0.035
-0.035
0.035
-0.03
0.035
-0.055
-0.005
-0.003
-0.027
-0.039
-0.068
-0.06
-0.007
-0.08
-0.036
-0.07
-0.002
-0.035
0.007
-0.083
-0.014
-0.088
-0.052
-0.012
-0.055
-0.046
-0.001
-0.019
-0.041
-0.051
-0.064
-0.093
-0.045
-0.082
-0.021
-0.064
-0.024
-0.011
-0.022
-0.062
-0.009
0.01
-0.038
-0.014
-0.085
0.011
-0.127
0.008
-0.027
-0.101
-0.072
-0.068
0.001
0.017
-0.053
0.114
-0.033
0.01
-0.005
0.006
-0.009
-0.003
-0.042
-0.02
-0.103
0.013
-0.054
-0.096
0.018
-0.018
0.044
-0.005
-0.096
0.058
-0.047
-0.063
-0.099
0.014
0.023
-0.03
-0.068
-0.051
-0.009
-0.042
-0.002
-0.02
-0.012
0.027
-0.027
-0.024
-0.117
-0.154
0.019
-0.106
-0.042
0.001
-0.015
-0.047
-0.028
0.004
0.03
-0.021
-0.052
-0.064
-0.082
-0.037
-0.031
-0.046
-0.02
-0.023
0.053
-0.009
-0.084
-0.078
-0.01
-0.021
-0.076
-0.066
-0.12
-0.059
-0.059
-0.017
-0.052
-0.043
0.008
-0.064
0.064
-0.043
-0.038
-0.069
-0.112
-0.074
-0.014
-0.057
-0.093
-0.036
0.003
0.022
0.027
-0.018
-0.001
0.011
-0.048
-0.027
-0.049
-0.021
-0.013
-0.099
-0.023
0.013
-0.014
-0.004
0.028
-0.061
-0.015
-0.069
-0.031
0.069
0.037
-0.134
-0.009
-0.081
-0.114
-0.085
-0.025
0.043
-0.006
-0.123
-0.006
-0.024
0.002
0.023
-0.028
-0.027
-0.044
-0.002
-0.14
-0.039
-0.026
-0.088
-0.063
0.007
-0.031
-0.005
-0.024
-0.083
-0.069
-0.027
-0.062
0.006
-0.005
-0.014
-0.003
-0.017
-0.074
0.02
-0.02
-0.044
-0.05
-0.02
-0.032
-0.071
-0.027
-0.024
0.007
-0.101
0.002
-0.123
-0.04
-0.061
-0.002
-0.027
-0.07
-0.091
-0.038
-0.079
0.014
-0.017
-0.072
0.016
-0.024
-0.053
-0.046
0.001
-0.003
0.056
-0.027
-0.019
0.0
0.005
-0.093
-0.026
-0.067
-0.01
-0.051
-0.032
-0.077
-0.017
-0.05
-0.015
-0.055
-0.049
-0.104
0.01
-0.033
-0.049
-0.115
-0.065
-0.051
-0.061
-0.032
-0.041
-0.051
0.052
-0.029
-0.003
-0.056
-0.094
-0.009
-0.077
-0.027
-0.067
-0.158
-0.033
-0.03
0.017
-0.082
-0.048
0.069
-0.02
0.038
-0.035
-0.015
-0.001
-0.101
-0.014
-0.111
-0.028
-0.032
-0.079
-0.038
-0.1
-0.098
-0.133
-0.05
-0.082
-0.062
0.0
-0.021
-0.062
-0.031
-0.046
-0.052
-0.003
0.028
-0.008
-0.017
-0.029
-0.006
-0.012
-0.11
-0.028
-0.039
-0.026
-0.073
-0.078
-0.035
-0.075
-0.029
-0.089
0.035
-0.056
-0.058
-0.043
-0.07
-0.005
-0.029
-0.108
0.013
-0.086
0.001
-0.046
-0.029
-0.059
0.041
-0.088
-0.061
-0.029
-0.045
0.002
-0.093
-0.068
-0.075
-0.047
-0.049
-0.026
-0.029
-0.003
0.003
-0.02
-0.045
-0.099
-0.03
-0.063
-0.01
-0.054
-0.035
-0.032
0.004
-0.057
-0.008
-0.07
0.034
-0.068
0.013
0.034
0.0
-0.009
-0.061
-0.008
-0.073
-0.034
-0.033
-0.034
0.001
-0.029
-0.031
-0.098
-0.104
0.022
-0.056
-0.052
-0.034
0.058
0.018
-0.03
-0.007
-0.041
-0.021
-0.027
-0.087
-0.04
-0.02
-0.045
0.0
-0.054
-0.048
0.002
-0.042
0.033
-0.029
-0.016
-0.038
0.066
0.023
0.029
0.008
-0.085
0.009
-0.046
0.091
-0.01
-0.028
-0.111
0.012
-0.114
-0.11
-0.095
-0.033
-0.038
-0.074
-0.005
-0.011
-0.059
-0.062
-0.113
-0.036
-0.022
-0.016
-0.024
-0.018
-0.041
-0.058
-0.045
-0.059
-0.031
-0.027
-0.049
-0.022
-0.053
-0.03
0.002
-0.06
-0.067
-0.047
-0.073
0.007
0.009
-0.006
-0.043
-0.038
-0.049
-0.093
0.055
-0.136
-0.066
-0.014
-0.033
-0.027
-0.06
0.024
-0.062
-0.06
-0.018
-0.013
-0.139
-0.037
0.002
-0.051
-0.051
-0.009
-0.017
-0.042
-0.006
-0.09
-0.042
-0.051
-0.027
-0.06
-0.066
-0.001
0.002
-0.008
-0.057
0.017
-0.034
0.031
-0.077
-0.04
-0.01
-0.031
-0.005
-0.094
-0.043
-0.001
-0.06
-0.025
-0.085
-0.023
-0.055
0.043
-0.056
-0.011
0.032
-0.027
-0.018
-0.01
0.007
-0.087
-0.029
-0.064
-0.101
-0.003
-0.111
-0.003
-0.037
0.025
-0.009
-0.065
-0.002
-0.078
-0.064
0.032
-0.071
-0.024
0.011
-0.074
-0.026
-0.048
0.019
-0.058
-0.016
-0.03
-0.057
-0.028
-0.03
-0.138
-0.033
-0.085
-0.108
0.039
-0.056
-0.009
-0.003
-0.06
0.002
-0.062
-0.089
-0.105
-0.057
-0.063
0.024
-0.126
0.003
-0.076
0.011
0.01
-0.094
-0.037
0.032
-0.067
0.023
-0.061
-0.031
-0.065
-0.039
0.015
-0.037
-0.066
-0.027
-0.033
-0.092
0.006
0.005
-0.058
-0.06
-0.098
-0.02
-0.024
-0.09
-0.043
-0.01
-0.012
-0.054
-0.009
-0.039
-0.088
-0.036
-0.049
-0.035
0.046
-0.085
-0.1
-0.027
-0.069
0.008
-0.105
0.023
-0.057
-0.133
0.004
-0.111
-0.106
-0.029
-0.021
-0.041
-0.028
-0.021
-0.003
0.011
-0.006
-0.016
-0.05
-0.004
-0.036
-0.097
-0.026
-0.088
0.034
-0.006
-0.025
0.027
-0.03
-0.076
-0.077
-0.049
0.03
-0.056
0.065
-0.081
-0.034
-0.068
-0.03
0.028
-0.012
-0.016
-0.051
-0.079
0.025
0.012
-0.043
-0.049
-0.137
0.002
0.003
-0.056
0.015
0.011
-0.044
-0.053
-0.067
0.056
-0.014
0.005
-0.038
0.03
-0.063
-0.059
-0.038
-0.056
0.004
-0.057
-0.003
-0.012
0.003
-0.071
-0.043
-0.06
0.036
-0.092
-0.009
-0.022
-0.061
-0.039
-0.066
-0.095
-0.004
0.036
-0.054
-0.014
-0.047
-0.104
-0.025
0.019
-0.078
-0.037
-0.044
-0.039
-0.136
-0.023
-0.134
-0.105
-0.054
-0.119
-0.057
-0.119
-0.11
-0.039
-0.077
0.016
-0.027
-0.08
-0.095
-0.044
-0.007
-0.079
-0.049
-0.018
0.041
-0.14
-0.031
-0.02
0.008
0.07
-0.013
-0.107
-0.066
0.074
-0.069
0.021
-0.057
-0.021
-0.01
-0.06
-0.064
-0.051
-0.001
-0.105
-0.004
0.054
-0.064
-0.012
-0.06
-0.089
0.01
-0.043
-0.027
-0.007
-0.073
-0.046
-0.003
0.067
-0.025
-0.028
-0.032
-0.014
-0.04
-0.043
-0.052
-0.045
-0.049
-0.05
0.013
-0.026
-0.048
-0.089
-0.057
0.026
-0.023
-0.052
-0.049
-0.003
-0.068
-0.059
-0.062
-0.037
-0.08
-0.033
-0.035
0.022
-0.08
-0.01
-0.026
0.004
-0.094
-0.042
-0.033
-0.063
0.021
0.079
0.01
-0.059
-0.05
-0.012
-0.074
-0.057
-0.062
-0.04
0.006
-0.06
-0.04
0.004
-0.021
0.001
-0.012
-0.048
-0.02
-0.03
-0.058
0.027
-0.083
-0.049
-0.09
0.043
-0.013
-0.026
0.012
-0.08
0.027
-0.078
-0.116
-0.05
0.003
-0.084
-0.084
-0.051
-0.041
-0.084
0.066
-0.022
-0.039
-0.09
0.016
-0.033
0.015
-0.021
-0.085
-0.078
-0.008
-0.018
-0.048
0.032
-0.08
-0.063
-0.036
-0.056
-0.069
0.032
-0.054
-0.02
-0.102
-0.114
-0.066
-0.099
-0.029
-0.027
-0.012
-0.043
-0.025
0.013
-0.057
-0.009
-0.108
-0.055
-0.08
0.007
-0.065
-0.028
-0.025
-0.028
-0.04
-0.031
0.015
-0.026
-0.01
-0.016
-0.039
-0.028
0.011
-0.076
-0.083
-0.041
-0.05
-0.006
0.002
0.007
-0.081
-0.094
-0.053
-0.095
-0.022
-0.017
0.004
-0.087
-0.021
0.003
-0.04
-0.081
-0.043
-0.01
-0.056
0.002
-0.056
0.005
-0.033
-0.06
-0.036
-0.022
0.038
-0.011
-0.077
-0.066
-0.031
-0.046
-0.018
-0.009
-0.031
-0.035
0.017
-0.016
-0.089
-0.041
-0.056
-0.025
-0.051
-0.063
-0.11
-0.054
0.002
-0.072
-0.02
0.013
-0.028
-0.059
0.025
-0.004
0.02
-0.023
-0.057
-0.047
0.021
-0.025
-0.124
0.009
0.041
-0.037
0.02
-0.003
-0.006
-0.063
-0.014
-0.041
-0.088
-0.053
-0.015
-0.068
0.026
-0.063
0.002
-0.114
-0.023
-0.034
-0.08
-0.083
-0.03
-0.103
-0.115
0.03
-0.063
-0.063
-0.09
-0.01
0.007
0.024
-0.058
-0.04
-0.072
-0.012
-0.018
-0.107
-0.048
-0.026
-0.064
-0.021
-0.103
-0.047
-0.113
-0.033
-0.082
-0.054
-0.039
-0.075
-0.035
-0.03
-0.018
-0.028
0.01
-0.049
-0.067
-0.082
-0.007
-0.1
-0.094
-0.111
-0.042
-0.035
-0.085
-0.048
-0.032
0.008
-0.025
-0.034
-0.081
-0.084
-0.076
-0.021
-0.037
-0.07
-0.037
-0.034
-0.103
-0.084
-0.042
-0.004
-0.08
-0.07
-0.074
-0.082
-0.063
-0.058
0.047
-0.011
-0.031
-0.145
-0.084
-0.035
-0.085
-0.086
-0.004
-0.006
0.009
0.058
-0.111
-0.041
0.069
-0.051
-0.054
0.02
0.034
-0.05
-0.039
-0.021
-0.011
-0.076
-0.005
-0.067
-0.002
0.001
-0.051
0.027
-0.012
0.01
-0.087
0.052
-0.042
0.005
-0.105
-0.008
-0.032
-0.098
-0.041
-0.092
-0.075
-0.022
-0.057
-0.108
-0.022
-0.093
-0.031
0.034
-0.025
-0.067
-0.086
0.0
-0.073
-0.12
-0.079
-0.032
-0.069
-0.053
-0.056
0.004
0.009
-0.015
-0.068
-0.035
-0.021
-0.043
-0.037
0.021
-0.106
-0.086
-0.002
-0.139
-0.007
-0.043
-0.079
-0.09
0.029
-0.075
-0.09
-0.032
-0.073
-0.021
-0.059
-0.03
-0.002
-0.058
0.016
-0.139
-0.026
-0.045
-0.028
0.03
-0.041
-0.022
-0.051
0.062
-0.046
-0.104
0.018
-0.058
-0.061
0.031
-0.042
-0.007
-0.033
0.053
-0.09
-0.048
-0.052
0.006
-0.027
-0.094
-0.069
-0.03
-0.03
-0.027
0.038
-0.041
-0.002
-0.044
0.06
0.001
-0.006
-0.005
-0.053
-0.081
-0.018
0.016
-0.066
-0.01
-0.033
-0.014
0.0
0.002
-0.046
-0.08
0.01
-0.046
0.001
-0.061
-0.086
-0.03
-0.026
-0.007
-0.092
-0.028
0.016
-0.066
-0.023
-0.002
-0.089
-0.083
-0.043
-0.036
-0.056
-0.081
-0.102
-0.028
-0.008
-0.049
-0.05
-0.006
0.094
-0.016
-0.058
-0.062
-0.022
-0.044
-0.033
-0.1
-0.015
-0.068
-0.075
0.036
-0.006
-0.035
-0.067
-0.038
-0.033
-0.109
-0.051
-0.038
-0.027
0.002
-0.049
-0.042
-0.119
-0.011
-0.061
-0.06
-0.126
-0.072
-0.068
0.004
-0.054
0.033
-0.018
0.009
-0.026
-0.023
-0.034
0.067
0.002
-0.05
-0.044
-0.129
-0.058
0.009
0.015
-0.024
-0.067
-0.023
-0.047
-0.033
-0.034
-0.049
-0.039
-0.015
-0.033
0.091
-0.01
-0.005
-0.049
-0.043
-0.068
-0.042
0.006
-0.029
-0.056
0.049
-0.049
0.03
-0.066
-0.014
-0.079
0.022
-0.066
0.004
-0.064
-0.095
-0.043
-0.046
0.018
-0.059
-0.066
-0.06
0.022
0.023
-0.045
0.006
0.005
-0.062
-0.063
-0.078
-0.006
-0.117
-0.041
0.05
-0.044
-0.071
-0.043
-0.012
0.042
-0.063
-0.013
-0.042
-0.028
0.018
0.022
-0.024
-0.123
-0.021
-0.006
-0.005
0.018
-0.009
0.048
-0.058
0.0
-0.05
-0.047
-0.097
-0.028
0.012
-0.036
-0.075
-0.03
-0.177
-0.049
-0.013
-0.083
0.02
0.013
-0.052
-0.014
0.046
-0.01
-0.141
-0.006
-0.102
-0.039
-0.045
-0.037
-0.033
-0.063
0.0
-0.048
-0.052
-0.032
0.003
-0.013
0.05
-0.013
-0.102
-0.002
-0.046
-0.064
0.013
0.0
-0.066
-0.023
0.035
-0.121
-0.058
-0.046
-0.024
0.033
-0.077
-0.097
-0.082
-0.01
-0.052
-0.067
-0.072
-0.102
-0.05
-0.03
-0.09
-0.064
-0.029
-0.055
-0.045
0.018
-0.067
-0.061
-0.004
-0.106
-0.033
-0.047
0.0
-0.084
-0.009
-0.015
-0.137
-0.078
-0.089
-0.054
-0.007
-0.043
-0.156
-0.061
0.075
-0.09
-0.064
-0.01
-0.016
-0.081
-0.082
-0.072
-0.017
0.019
-0.04
-0.005
-0.047
-0.093
-0.057
-0.007
-0.036
-0.001
-0.031
-0.061
-0.085
-0.078
-0.01
-0.014
0.028
-0.066
-0.062
-0.068
-0.103
-0.052
-0.078
-0.041
-0.026
-0.073
-0.016
-0.049
-0.014
0.041
-0.028
0.012
-0.084
-0.049
-0.001
-0.021
-0.052
-0.088
-0.03
-0.085
-0.063
-0.038
-0.103
0.021
0.008
0.026
-0.028
-0.086
-0.123
-0.112
0.078
-0.016
-0.025
-0.034
-0.017
-0.086
-0.007
-0.024
-0.077
0.008
-0.15
-0.034
-0.012
0.002
-0.023
-0.006
-0.033
-0.011
-0.036
-0.063
-0.07
-0.019
-0.117
-0.003
-0.096
-0.036
-0.002
-0.089
-0.064
-0.111
-0.081
-0.062
-0.064
0.012
-0.042
-0.032
0.006
-0.019
-0.118
-0.075
-0.028
-0.076
0.041
-0.022
-0.002
-0.011
-0.064
-0.051
-0.017
-0.079
-0.058
-0.092
0.027
-0.003
0.008
-0.033
-0.045
0.018
-0.068
-0.021
-0.046
0.042
-0.009
-0.105
-0.019
-0.031
-0.015
0.031
-0.01
-0.049
-0.11
-0.073
-0.028
-0.012
-0.072
-0.109
-0.043
-0.021
-0.055
-0.034
-0.026
0.0
-0.023
-0.045
-0.018
-0.006
-0.024
0.018
-0.03
0.064
-0.115
-0.13
-0.015
0.012
-0.064
-0.071
-0.091
0.002
-0.008
-0.073
-0.074
-0.057
-0.027
-0.116
-0.012
-0.02
-0.048
-0.061
-0.008
-0.039
0.051
-0.056
-0.022
-0.091
-0.033
0.053
-0.033
-0.048
-0.082
-0.058
-0.011
-0.013
-0.046
-0.022
-0.063
-0.105
-0.019
0.001
0.01
-0.057
-0.076
-0.01
0.018
-0.032
-0.097
-0.029
-0.031
0.018
-0.061
-0.018
-0.047
0.034
-0.015
-0.045
-0.084
-0.022
-0.026
0.007
-0.046
-0.092
-0.043
-0.011
-0.05
-0.034
-0.129
-0.011
-0.025
-0.032
-0.083
-0.01
-0.022
-0.022
-0.097
0.05
-0.056
-0.068
-0.009
-0.033
-0.041
0.01
-0.055
-0.069
-0.015
-0.065
-0.045
-0.033
-0.057
-0.072
-0.065
-0.017
-0.04
-0.052
-0.014
-0.017
0.011
-0.047
-0.073
-0.102
-0.03
0.075
0.016
-0.053
-0.075
-0.101
-0.036
-0.056
0.017
0.022
0.006
-0.076
-0.014
-0.041
-0.02
-0.047
-0.073
0.005
-0.078
-0.062
-0.025
-0.017
-0.057
-0.049
-0.049
-0.083
-0.004
-0.077
-0.101
-0.026
-0.035
-0.1
-0.006
-0.055
-0.073
-0.003
-0.05
-0.07
-0.091
0.031
-0.011
-0.094
-0.029
-0.053
-0.048
0.008
-0.056
0.001
-0.025
0.012
-0.017
-0.007
-0.094
-0.034
0.02
-0.019
0.006
-0.031
-0.026
0.017
-0.025
-0.019
-0.046
-0.122
0.034
-0.001
-0.017
-0.014
0.051
-0.028
-0.081
-0.049
-0.082
-0.027
-0.065
-0.031
-0.029
-0.086
-0.051
-0.011
0.008
-0.058
-0.044
-0.014
-0.001
-0.068
0.008
-0.03
0.097
-0.071
-0.047
-0.039
-0.058
-0.044
-0.094
-0.017
-0.047
-0.019
-0.039
-0.084
-0.067
-0.029
-0.114
0.024
-0.038
-0.026
0.039
-0.045
-0.009
-0.037
-0.048
-0.037
-0.041
0.007
-0.063
-0.053
-0.081
-0.022
0.0
-0.048
-0.023
-0.029
-0.058
-0.039
-0.017
-0.021
-0.015
-0.011
-0.043
-0.059
-0.069
-0.04
-0.049
-0.046
-0.063
-0.004
-0.004
-0.024
-0.012
-0.022
-0.027
-0.06
-0.034
-0.096
-0.051
0.032
-0.079
-0.073
-0.008
-0.086
-0.094
-0.036
-0.078
0.002
-0.049
-0.042
-0.009
-0.038
0.01
-0.065
-0.009
-0.031
-0.024
-0.024
0.0
-0.025
-0.083
0.009
0.004
0.036
-0.087
-0.021
0.023
-0.052
-0.045
0.02
-0.019
-0.05
-0.038
-0.007
-0.135
0.009
-0.024
0.044
-0.075
-0.038
-0.111
-0.031
0.047
-0.033
-0.076
-0.002
-0.087
-0.053
-0.032
-0.023
0.012
-0.012
-0.045
-0.074
-0.059
-0.031
-0.068
0.016
-0.016
-0.09
0.023
0.018
-0.038
-0.04
-0.027
-0.003
-0.027
-0.039
-0.046
-0.137
-0.012
-0.005
0.006
-0.01
-0.049
-0.038
0.025
-0.007
0.006
-0.011
-0.099
0.027
-0.014
-0.006
-0.041
-0.088
-0.08
-0.031
-0.048
-0.077
-0.082
-0.023
-0.046
-0.103
-0.069
-0.053
-0.061
-0.042
0.03
-0.06
0.072
-0.066
-0.044
-0.014
0.02
-0.094
-0.038
-0.092
-0.026
-0.009
-0.1
-0.017
-0.052
-0.052
0.037
-0.013
0.042
-0.036
-0.131
0.001
-0.07
-0.031
-0.086
0.01
-0.1
0.024
-0.013
-0.091
-0.129
0.044
-0.089
-0.047
-0.071
-0.062
-0.081
-0.061
-0.078
-0.012
-0.025
-0.076
-0.044
-0.098
0.071
0.01
-0.069
-0.015
-0.028
-0.103
-0.095
-0.103
-0.018
-0.015
-0.052
-0.001
-0.012
-0.061
-0.006
0.004
-0.012
-0.06
-0.029
-0.053
-0.029
-0.008
-0.132
0.035
-0.016
0.002
-0.026
-0.029
-0.049
-0.018
-0.126
-0.04
-0.087
-0.002
-0.061
-0.053
0.004
-0.032
-0.034
-0.021
-0.118
-0.039
-0.069
-0.04
0.015
-0.031
-0.022
-0.048
-0.045
0.012
0.022
-0.058
-0.001
-0.077
-0.047
-0.011
-0.031
0.025
-0.107
0.0
-0.153
-0.075
0.039
-0.045
-0.098
0.007
-0.016
-0.128
-0.028
-0.082
-0.024
0.015
0.007
-0.007
-0.035
0.006
-0.049
-0.019
0.004
-0.064
-0.051
-0.055
-0.05
-0.014
-0.063
-0.068
-0.022
0.057
-0.034
-0.043
-0.022
0.022
-0.052
-0.024
-0.023
-0.064
-0.117
-0.12
0.006
-0.06
-0.004
-0.046
-0.019
-0.042
-0.078
0.018
-0.1
-0.011
-0.114
-0.083
-0.009
-0.079
0.036
-0.045
-0.003
-0.021
-0.058
-0.013
-0.05
-0.065
-0.061
-0.064
-0.058
-0.101
-0.017
-0.055
-0.077
-0.01
-0.04
-0.018
0.032
-0.041
-0.086
-0.084
0.029
0.016
-0.05
-0.025
0.072
-0.021
0.017
0.002
-0.062
-0.014
-0.02
-0.029
-0.065
-0.104
-0.037
-0.03
0.08
-0.041
-0.011
-0.015
0.053
-0.062
-0.103
-0.085
-0.023
-0.033
-0.074
-0.014
-0.083
0.065
0.004
-0.038
-0.066
0.018
0.055
-0.021
-0.089
-0.01
0.018
-0.095
-0.016
-0.036
-0.016
-0.073
-0.031
-0.001
-0.041
-0.024
0.004
-0.095
-0.054
-0.026
-0.033
-0.025
-0.02
-0.129
-0.043
-0.083
-0.035
0.019
0.026
-0.03
-0.095
-0.057
-0.129
-0.052
-0.022
-0.066
-0.148
-0.039
-0.065
-0.042
-0.04
-0.007
-0.066
0.032
-0.005
0.026
-0.046
-0.006
0.043
-0.019
-0.076
-0.017
-0.019
0.022
-0.073
-0.042
-0.002
-0.046
-0.059
-0.008
0.021
0.022
-0.039
-0.028
-0.072
0.027
-0.023
-0.033
0.027
-0.078
-0.007
-0.057
-0.046
0.002
-0.016
0.005
-0.015
0.017
0.013
-0.037
-0.007
-0.038
-0.036
-0.074
0.023
-0.033
-0.057
-0.06
-0.068
-0.106
0.021
0.029
-0.051
-0.016
-0.02
-0.022
-0.052
-0.043
-0.088
-0.015
0.001
-0.104
-0.035
-0.068
-0.004
-0.048
0.013
-0.116
-0.033
-0.036
0.002
-0.087
-0.044
-0.084
-0.094
0.039
-0.056
-0.026
-0.003
-0.065
-0.081
-0.049
-0.014
-0.011
0.007
-0.075
0.043
-0.038
-0.061
0.04
-0.001
-0.069
-0.011
-0.105
-0.026
0.026
-0.079
0.023
-0.085
0.021
-0.025
-0.006
0.015
0.011
0.005
-0.016
-0.018
-0.098
-0.032
-0.059
-0.042
-0.04
0.055
-0.086
-0.078
-0.094
0.023
-0.008
-0.092
-0.037
-0.007
0.057
-0.062
-0.056
-0.01
-0.07
-0.047
-0.084
-0.044
0.026
0.023
-0.116
0.026
-0.029
-0.003
-0.08
-0.087
-0.077
-0.045
-0.08
0.007
-0.04
-0.052
-0.037
0.036
0.057
-0.021
-0.04
-0.025
-0.04
-0.053
-0.046
0.012
-0.047
-0.053
-0.047
-0.067
-0.085
0.04
0.019
-0.126
-0.006
-0.06
-0.04
-0.103
-0.053
-0.048
-0.044
-0.077
-0.114
-0.002
0.033
-0.081
-0.002
-0.053
0.001
-0.061
-0.059
-0.104
-0.036
-0.035
-0.006
-0.138
-0.027
-0.139
-0.133
-0.034
0.053
-0.036
-0.052
-0.086
0.001
-0.044
-0.095
-0.095
-0.092
-0.056
-0.05
-0.075
-0.032
0.006
-0.001
0.003
-0.023
-0.001
0.01
-0.052
-0.009
0.004
-0.061
0.002
-0.048
-0.054
-0.044
-0.062
-0.027
-0.093
-0.034
-0.108
-0.038
0.013
0.011
0.01
0.014
-0.07
-0.084
0.001
-0.004
0.082
0.004
-0.029
-0.093
-0.083
-0.005
0.029
-0.033
-0.024
-0.085
-0.044
-0.024
-0.027
-0.049
-0.08
0.029
-0.039
-0.062
-0.085
-0.068
-0.043
-0.094
0.012
-0.056
-0.036
-0.004
0.022
0.017
-0.078
-0.065
-0.01
-0.043
-0.093
-0.009
0.01
-0.007
-0.119
-0.037
-0.033
-0.031
-0.058
-0.019
-0.058
-0.007
0.005
-0.063
-0.073
0.066
-0.103
-0.041
-0.021
-0.032
-0.059
-0.009
-0.045
-0.052
0.049
0.014
0.025
-0.039
-0.025
-0.083
-0.074
-0.02
-0.034
-0.077
-0.003
-0.12
-0.087
-0.016
-0.068
-0.073
-0.013
0.058
-0.067
-0.095
-0.13
0.079
-0.07
-0.06
-0.121
-0.009
-0.009
-0.069
-0.038
0.002
0.02
-0.032
-0.006
-0.12
-0.04
-0.036
0.045
0.033
-0.073
-0.042
-0.003
-0.035
-0.072
-0.094
-0.035
-0.035
-0.042
-0.04
-0.019
0.031
0.005
-0.071
0.001
-0.064
-0.023
-0.092
0.05
-0.007
-0.051
0.006
-0.029
-0.154
-0.029
-0.08
-0.092
-0.038
-0.078
-0.007
-0.07
-0.013
0.038
-0.035
-0.051
-0.016
-0.07
-0.057
-0.012
0.013
-0.081
-0.019
-0.106
-0.055
-0.072
-0.074
-0.031
-0.099
-0.048
-0.036
-0.027
-0.088
-0.043
-0.056
-0.087
-0.098
-0.033
-0.014
-0.036
-0.003
-0.044
-0.038
-0.05
-0.027
0.034
0.021
0.041
-0.046
-0.088
-0.017
-0.08
-0.032
-0.013
-0.022
-0.049
-0.035
0.016
-0.001
-0.076
-0.001
-0.098
-0.049
-0.088
-0.028
0.035
-0.024
-0.002
-0.053
-0.013
-0.05
-0.044
0.055
0.018
-0.074
-0.089
-0.066
0.014
-0.065
-0.026
-0.044
-0.025
0.019
-0.022
-0.054
-0.019
0.018
-0.026
-0.087
0.013
0.017
-0.047
-0.125
-0.035
-0.022
-0.03
0.027
-0.043
-0.08
-0.048
0.046
-0.069
-0.046
-0.053
-0.01
0.003
-0.041
-0.087
0.01
0.019
0.002
0.015
-0.011
-0.004
-0.134
-0.012
-0.025
-0.117
-0.064
-0.062
0.082
-0.081
-0.069
-0.042
-0.071
-0.015
0.043
-0.051
-0.104
-0.033
-0.055
0.008
-0.082
-0.031
-0.043
-0.088
-0.066
-0.108
-0.045
0.011
-0.025
-0.009
-0.063
-0.029
0.011
-0.037
-0.102
-0.09
0.026
-0.029
-0.048
-0.03
0.022
0.019
-0.06
-0.063
-0.029
0.017
0.029
-0.048
-0.084
-0.07
0.021
0.0
-0.022
-0.058
-0.021
-0.06
-0.014
-0.057
-0.08
-0.086
-0.055
-0.067
-0.028
-0.086
-0.019
0.016
-0.075
-0.049
-0.065
-0.142
0.019
0.058
-0.071
0.007
-0.082
-0.018
-0.054
-0.061
-0.015
-0.031
-0.053
-0.054
-0.099
-0.1
-0.001
-0.068
-0.01
0.018
0.025
0.012
0.014
-0.015
-0.073
-0.036
-0.094
-0.044
-0.093
-0.031
-0.078
-0.1
-0.003
-0.035
-0.057
-0.002
-0.075
-0.006
-0.037
-0.051
-0.039
-0.041
-0.018
-0.06
-0.093
-0.003
-0.042
-0.149
0.031
-0.076
-0.103
-0.063
-0.073
0.016
0.001
0.026
-0.095
0.02
0.024
-0.003
-0.061
-0.102
-0.069
-0.079
0.004
-0.167
-0.104
0.001
-0.101
-0.032
-0.079
-0.055
-0.014
0.078
-0.124
-0.066
-0.076
-0.001
-0.08
-0.086
-0.045
0.036
-0.099
-0.035
-0.005
-0.006
-0.049
-0.004
0.031
-0.005
-0.012
-0.027
-0.041
-0.138
0.035
-0.099
0.0
0.037
-0.024
-0.099
-0.053
-0.032
-0.098
0.005
0.061
-0.055
-0.02
0.001
-0.071
-0.092
-0.084
-0.061
-0.07
0.002
-0.054
-0.025
-0.002
-0.04
-0.05
-0.012
0.013
-0.104
-0.039
-0.053
-0.046
-0.081
-0.033
0.013
-0.034
-0.02
-0.103
-0.048
-0.07
-0.087
-0.04
-0.091
-0.03
0.015
-0.082
-0.079
0.035
-0.01
-0.105
-0.042
-0.008
-0.031
0.027
-0.087
-0.034
-0.026
-0.007
-0.13
-0.035
0.016
-0.081
0.0
-0.026
0.043
-0.088
0.028
-0.059
-0.027
-0.059
-0.07
-0.032
-0.04
-0.045
-0.056
-0.014
-0.036
-0.082
-0.083
-0.034
-0.088
0.029
-0.055
-0.009
-0.061
0.007
-0.057
-0.04
-0.051
-0.059
0.02
-0.09
-0.009
-0.065
-0.025
0.007
-0.044
-0.046
-0.105
0.047
-0.017
-0.002
0.02
-0.036
-0.008
0.008
-0.064
-0.042
0.007
-0.05
0.022
-0.044
-0.112
-0.05
-0.003
-0.065
-0.026
0.007
-0.046
-0.042
0.01
-0.09
-0.027
-0.043
-0.022
-0.015
0.0
0.003
-0.046
-0.037
-0.025
0.015
-0.028
-0.072
-0.054
0.005
0.002
-0.012
-0.027
-0.069
-0.009
-0.042
0.031
-0.019
-0.026
-0.047
-0.031
-0.018
-0.011
-0.061
0.032
0.014
-0.009
0.007
-0.055
0.027
-0.091
-0.094
0.017
-0.131
0.001
0.004
-0.002
-0.013
-0.108
0.03
-0.008
-0.061
0.023
-0.031
-0.018
-0.021
-0.085
-0.021
-0.012
-0.056
-0.038
-0.058
-0.078
-0.039
0.041
-0.019
0.013
-0.034
0.027
-0.086
-0.007
-0.057
-0.139
-0.045
-0.064
-0.056
0.025
-0.067
-0.028
0.066
-0.07
0.011
-0.018
0.05
0.008
-0.032
-0.002
-0.067
0.014
-0.033
-0.023
-0.087
-0.046
-0.006
-0.018
0.0
-0.074
0.011
-0.013
-0.02
-0.048
-0.106
0.006
-0.081
-0.059
-0.043
0.021
-0.02
-0.016
-0.021
-0.07
-0.015
-0.082
0.034
-0.069
-0.066
-0.015
-0.049
-0.037
-0.034
-0.004
-0.021
0.016
0.008
0.009
-0.029
0.069
-0.006
-0.008
-0.004
-0.02
0.072
-0.074
-0.112
-0.076
-0.031
-0.138
-0.103
-0.023
0.036
0.01
-0.066
-0.129
-0.037
-0.046
-0.093
-0.082
-0.035
0.009
-0.114
-0.091
-0.128
-0.026
-0.048
-0.003
-0.025
0.072
0.007
-0.073
-0.069
-0.029
0.037
0.018
-0.091
-0.038
0.009
-0.025
-0.076
-0.049
-0.054
-0.095
-0.102
-0.083
-0.055
-0.026
-0.067
-0.074
-0.038
-0.025
-0.054
-0.035
0.024
-0.054
-0.04
-0.027
-0.044
-0.03
-0.039
-0.047
-0.016
-0.011
0.001
-0.058
-0.064
0.041
-0.049
-0.019
-0.128
-0.041
-0.059
-0.117
-0.017
-0.008
0.002
-0.058
-0.04
-0.018
0.003
-0.132
-0.091
-0.027
-0.031
-0.064
-0.033
-0.042
-0.095
-0.13
-0.056
-0.066
0.048
0.009
-0.046
-0.091
-0.01
0.028
-0.075
-0.001
-0.026
-0.05
-0.058
0.001
0.047
-0.013
-0.049
-0.055
-0.023
-0.058
-0.081
-0.066
0.034
-0.038
-0.03
-0.016
0.066
-0.041
-0.043
-0.022
-0.097
-0.087
0.027
-0.043
-0.056
0.007
-0.007
-0.03
-0.049
-0.029
-0.042
0.022
-0.007
-0.11
-0.031
-0.086
-0.056
0.0
-0.069
0.027
-0.024
-0.077
-0.01
-0.017
0.035
-0.091
-0.036
0.001
-0.054
-0.063
-0.058
-0.063
-0.056
-0.1
-0.079
-0.011
-0.091
-0.026
-0.036
-0.035
0.037
-0.024
-0.076
0.053
-0.081
-0.001
-0.054
-0.027
-0.104
0.008
0.07
-0.033
-0.027
-0.105
-0.082
-0.034
-0.043
-0.022
-0.075
-0.055
0.043
0.062
-0.063
-0.021
-0.038
0.022
0.014
-0.077
0.004
0.025
-0.059
0.017
0.01
-0.082
-0.008
0.041
-0.074
-0.024
-0.035
-0.074
-0.009
-0.073
-0.069
-0.053
0.006
-0.053
-0.015
-0.035
-0.058
-0.064
-0.014
-0.062
-0.026
-0.035
-0.071
-0.003
0.023
-0.036
0.048
-0.017
-0.033
-0.044
-0.053
-0.003
-0.011
-0.041
-0.066
0.002
-0.073
-0.071
-0.07
-0.063
-0.037
-0.037
-0.07
-0.11
-0.096
-0.103
-0.075
-0.074
-0.056
-0.091
-0.015
-0.04
0.014
-0.024
-0.025
-0.038
-0.111
-0.029
-0.008
-0.06
-0.085
-0.103
0.043
0.0
-0.079
-0.011
-0.013
-0.039
-0.088
-0.022
-0.005
-0.037
-0.027
-0.102
-0.018
-0.029
0.019
-0.004
-0.072
-0.027
-0.019
-0.016
-0.056
-0.07
-0.012
-0.023
-0.092
-0.015
-0.012
-0.068
-0.064
-0.046
-0.041
-0.086
-0.021
-0.052
-0.052
0.025
-0.021
-0.03
-0.043
-0.065
-0.036
-0.096
-0.037
-0.042
-0.03
-0.007
-0.043
-0.044
-0.012
-0.135
-0.003
0.034
-0.014
-0.02
-0.07
0.001
0.026
-0.05
-0.061
-0.045
-0.029
-0.038
-0.043
0.032
-0.011
-0.067
-0.043
-0.083
-0.099
-0.05
-0.044
-0.013
-0.046
-0.02
-0.046
-0.012
-0.05
-0.104
-0.058
-0.057
-0.047
-0.075
-0.017
-0.02
0.029
-0.051
-0.006
-0.032
-0.047
-0.017
0.011
-0.09
-0.057
-0.007
-0.086
-0.008
0.067
-0.082
-0.113
-0.029
-0.03
-0.03
-0.07
0.006
-0.024
-0.077
0.023
-0.068
-0.015
-0.065
-0.022
-0.023
0.006
0.021
-0.043
-0.088
-0.019
-0.008
-0.029
-0.029
-0.061
-0.059
-0.044
0.039
-0.03
-0.045
-0.011
-0.11
-0.012
-0.02
0.031
-0.076
-0.062
-0.045
-0.048
-0.042
-0.037
-0.1
-0.025
-0.084
-0.011
-0.016
-0.037
-0.089
0.041
-0.052
-0.026
-0.06
-0.057
-0.069
-0.025
-0.071
0.046
-0.046
-0.019
-0.035
-0.014
0.002
0.0
0.003
-0.049
0.008
-0.013
-0.094
-0.095
-0.084
0.018
-0.042
-0.106
-0.008
-0.166
-0.034
-0.061
-0.044
-0.044
0.015
0.031
-0.027
0.077
0.01
-0.087
-0.024
-0.082
-0.054
-0.119
-0.078
-0.04
-0.034
-0.107
-0.107
-0.045
-0.006
0.049
-0.094
0.005
0.021
-0.044
-0.046
-0.076
-0.07
-0.073
-0.045
-0.046
-0.038
-0.074
0.037
-0.019
-0.049
-0.071
-0.083
-0.041
-0.085
-0.02
-0.086
-0.045
-0.129
-0.05
-0.03
-0.003
-0.046
-0.011
-0.082
0.033
0.025
-0.02
-0.083
0.027
-0.036
-0.058
-0.1
-0.026
-0.059
-0.007
0.023
-0.032
0.015
-0.027
-0.036
-0.013
0.007
-0.085
-0.025
-0.065
-0.032
-0.116
-0.094
0.008
0.038
-0.054
0.038
0.001
-0.077
-0.017
-0.09
0.002
-0.03
-0.056
-0.025
-0.002
-0.114
-0.073
0.033
-0.026
-0.077
-0.079
-0.015
-0.042
0.013
-0.016
-0.042
-0.042
-0.027
-0.073
0.01
-0.013
-0.109
0.016
-0.045
-0.061
-0.041
-0.042
-0.026
-0.078
0.019
-0.029
0.001
-0.093
-0.01
-0.014
0.008
-0.048
-0.017
-0.127
-0.042
-0.082
-0.038
-0.021
0.03
-0.091
0.001
-0.045
-0.017
-0.024
-0.132
-0.027
-0.054
-0.056
0.005
-0.077
-0.049
-0.082
0.044
-0.065
0.018
-0.055
-0.04
-0.019
-0.034
-0.013
-0.07
-0.006
0.051
-0.002
-0.002
-0.117
0.005
-0.064
-0.065
-0.079
-0.047
-0.049
0.008
-0.065
-0.024
0.005
-0.043
-0.086
-0.108
-0.051
-0.051
-0.16
-0.074
-0.065
-0.073
0.039
-0.01
-0.05
-0.089
0.018
-0.04
-0.067
-0.034
-0.083
0.082
-0.082
-0.074
-0.047
-0.006
0.004
-0.008
-0.039
-0.018
-0.04
-0.045
-0.002
-0.072
0.038
-0.1
-0.091
0.027
-0.023
0.007
-0.076
0.033
-0.007
0.04
-0.013
0.035
-0.018
-0.059
-0.037
0.006
-0.014
-0.05

