0.023
0.003
0.067
-0.044
-0.013
0.001
0.02
-0.023
0.006
-0.014
-0.019
-0.032
-0.076
0.073
0.032
-0.112
-0.022
-0.056
-0.059
-0.055
0.012
0.024
-0.024
-0.11
0.008
-0.044
-0.044
0.046
-0.027
-0.064
-0.042
-0.06
0.022
-0.052
-0.053
0.01
0.048
-0.043
-0.01
0.043
-0.027
-0.051
0.051
-0.107
-0.047
0.057
-0.011
-0.062
0.04
0.001
-0.076
-0.069
-0.04
0.018
-0.028
-0.046
-0.014
0.006
-0.02
0.102
0.038
-0.042
-0.091
-0.064
-0.075
-0.037
-0.027
0.009
-0.011
-0.004
-0.008
-0.049
-0.052
0.0
0.006
0.042
0.025
-0.015
-0.088
0.024
-0.073
-0.038
-0.023
-0.006
-0.109
-0.065
-0.044
0.023
-0.068
-0.093
-0.007
-0.058
-0.014
-0.021
-0.046
-0.022
-0.039
-0.066
-0.007
-0.039
-0.021
-0.059
-0.073
-0.048
-0.031
-0.07
-0.018
-0.037
-0.034
-0.049
0.03
-0.057
-0.044
-0.039
-0.069
0.009
-0.079
-0.035
0.007
0.062
-0.047
-0.034
-0.03
-0.041
0.008
-0.045
-0.051
0.052
0.002
-0.039
0.036
0.078
0.033
-0.1
-0.004
0.016
-0.005
-0.018
-0.048
0.03
0.051
0.01
-0.115
-0.028
-0.026
-0.026
-0.013
-0.061
-0.039
-0.008
0.001
-0.039
-0.072
-0.066
0.022
-0.041
-0.07
-0.047
-0.055
-0.048
-0.035
-0.021
-0.102
-0.052
-0.08
0.031
-0.056
-0.081
-0.118
-0.004
-0.062
-0.025
0.057
-0.045
-0.002
-0.012
-0.041
-0.05
-0.121
0.031
0.03
-0.022
-0.01
-0.015
-0.045
-0.006
-0.032
-0.067
0.023
-0.044
-0.018
-0.036
0.02
0.006
0.004
0.015
-0.034
-0.092
-0.004
-0.07
-0.045
-0.102
-0.07
-0.09
0.107
0.047
0.082
0.068
-0.049
0.007
0.015
-0.055
-0.023
-0.025
-0.032
-0.021
0.003
0.007
-0.04
-0.007
-0.053
-0.069
-0.031
0.025
-0.05
-0.094
-0.043
-0.071
-0.047
0.003
-0.069
-0.105
-0.047
0.008
-0.007
-0.059
-0.085
-0.006
-0.027
0.066
0.002
-0.069
-0.024
-0.016
-0.021
-0.037
-0.048
-0.027
0.047
-0.006
-0.031
-0.062
-0.048
-0.087
-0.019
-0.001
-0.035
0.033
-0.07
-0.034
-0.053
-0.06
0.057
-0.007
0.087
-0.058
0.042
-0.044
-0.02
-0.019
-0.04
-0.011
-0.021
-0.019
-0.016
-0.076
-0.087
-0.037
-0.025
-0.05
-0.042
0.033
-0.082
-0.016
-0.024
-0.061
-0.07
-0.018
-0.053
-0.057
0.01
-0.037
0.041
-0.016
-0.103
-0.065
-0.081
-0.089
0.097
-0.074
-0.016
-0.07
0.004
-0.07
-0.084
-0.02
-0.089
-0.064
0.007
0.041
0.013
-0.027
-0.015
-0.025
-0.084
0.058
0.024
-0.044
-0.021
0.028
0.002
0.006
-0.027
-0.104
0.035
-0.019
-0.031
-0.076
-0.012
-0.058
-0.059
-0.101
0.028
0.037
0.023
-0.061
-0.043
0.036
0.008
-0.026
-0.03
-0.097
0.028
-0.053
-0.028
-0.044
-0.08
-0.012
-0.062
-0.092
-0.089
-0.15
-0.019
-0.075
0.003
-0.004
0.027
-0.067
0.001
0.105
-0.003
0.045
-0.085
-0.066
-0.056
0.009
-0.063
-0.003
0.082
-0.058
-0.021
-0.02
-0.013
-0.008
-0.084
-0.03
-0.033
-0.046
-0.074
-0.012
-0.025
0.015
-0.102
-0.083
0.013
-0.001
-0.117
-0.033
0.023
-0.033
-0.022
0.007
-0.08
-0.053
-0.013
-0.059
-0.006
-0.131
-0.04
-0.104
-0.088
-0.126
-0.013
-0.036
-0.059
0.03
-0.065
-0.097
-0.128
0.004
-0.056
-0.039
0.026
-0.004
0.027
-0.02
-0.013
0.004
-0.115
0.039
-0.022
-0.086
-0.031
-0.08
-0.083
-0.011
-0.082
0.023
-0.096
-0.001
-0.009
-0.034
-0.026
-0.007
-0.016
0.01
-0.074
-0.065
-0.051
-0.024
-0.047
-0.014
-0.028
-0.046
-0.028
0.015
-0.083
-0.044
0.039
0.002
-0.003
-0.029
-0.015
-0.036
-0.037
-0.055
0.011
-0.019
0.043
-0.017
0.02
-0.004
-0.077
-0.009
-0.082
-0.024
-0.093
-0.056
-0.042
-0.063
-0.072
-0.025
0.019
-0.148
-0.008
0.025
-0.052
-0.022
0.009
-0.018
-0.011
-0.034
-0.041
-0.064
-0.106
-0.053
-0.096
-0.036
0.031
-0.038
-0.092
0.004
0.019
-0.061
0.0
-0.017
-0.059
0.036
-0.003
0.0
-0.058
0.034
-0.046
-0.005
0.04
-0.034
-0.079
0.02
-0.063
0.007
0.006
0.035
-0.039
-0.049
-0.078
-0.037
-0.053
-0.003
-0.052
-0.105
-0.082
-0.073
0.021
-0.102
0.029
-0.038
0.014
-0.09
-0.045
0.006
0.017
0.045
-0.099
-0.014
-0.081
0.007
-0.001
0.029
-0.147
-0.022
-0.038
0.008
0.0
-0.022
-0.094
-0.086
0.019
-0.025
0.007
0.015
-0.021
0.055
-0.116
0.001
-0.029
-0.021
-0.035
-0.033
-0.029
-0.11
-0.061
0.003
-0.031
-0.033
-0.023
-0.047
-0.035
-0.052
0.02
0.012
0.071
-0.039
-0.037
-0.016
-0.095
-0.043
-0.012
-0.021
-0.033
0.02
-0.035
-0.057
-0.011
-0.022
-0.001
0.012
-0.114
-0.053
0.021
-0.022
-0.072
-0.026
-0.081
-0.04
0.042
0.018
-0.039
0.075
-0.053
-0.037
-0.013
-0.052
-0.039
-0.063
0.002
-0.02
0.02
0.021
-0.07
-0.061
-0.046
-0.004
-0.075
-0.083
-0.007
-0.057
-0.018
-0.056
0.007
-0.022
0.018
-0.071
0.043
-0.019
0.021
0.074
-0.064
-0.055
-0.097
-0.03
0.051
-0.06
-0.077
-0.089
0.048
-0.023
0.039
0.012
-0.026
-0.018
-0.065
-0.013
-0.032
0.017
-0.01
0.019
0.038
-0.075
-0.138
-0.12
0.011
0.017
-0.023
-0.017
-0.074
-0.049
-0.124
0.05
-0.033
-0.018
-0.014
-0.044
-0.024
-0.004
-0.024
0.011
-0.027
-0.007
-0.065
-0.079
-0.06
-0.096
-0.034
0.0
-0.035
-0.023
0.001
-0.093
-0.006
0.092
-0.05
0.014
-0.024
-0.069
0.013
-0.02
-0.026
-0.046
0.043
-0.054
-0.015
-0.08
-0.027
-0.039
-0.074
-0.031
0.019
0.005
0.044
-0.026
-0.012
0.031
-0.105
-0.033
-0.044
-0.047
-0.083
0.044
-0.085
-0.124
-0.095
0.045
-0.064
0.004
-0.06
-0.06
-0.047
0.026
0.008
-0.066
-0.026
-0.021
0.067
-0.067
-0.07
0.039
-0.054
0.019
-0.117
-0.009
-0.026
-0.007
-0.005
-0.11
-0.01
0.035
-0.061
0.009
-0.056
-0.026
-0.029
-0.052
-0.031
0.079
-0.079
-0.067
-0.019
-0.093
-0.065
0.049
-0.043
-0.02
0.008
-0.051
-0.046
0.05
-0.055
0.014
-0.056
0.038
-0.04
-0.04
-0.119
-0.031
-0.055
0.019
-0.026
-0.018
-0.074
-0.014
0.044
-0.036
-0.072
-0.063
-0.045
-0.017
0.012
-0.02
0.018
-0.078
0.0
0.032
-0.079
-0.022
0.047
-0.049
-0.025
-0.024
0.05
0.017
0.021
0.002
-0.042
-0.073
0.006
0.017
-0.022
0.022
-0.05
0.011
-0.048
-0.038
0.023
-0.005
-0.096
-0.077
-0.068
-0.059
0.019
0.004
-0.011
-0.046
-0.017
-0.052
-0.042
-0.029
-0.017
0.042
0.032
-0.079
-0.049
0.02
-0.069
-0.002
0.046
-0.04
-0.065
-0.061
-0.05
-0.047
-0.038
-0.043
-0.02
-0.046
-0.076
-0.035
-0.106
-0.037
-0.04
-0.065
0.079
0.044
-0.05
-0.033
-0.016
-0.063
-0.057
0.016
-0.028
-0.008
-0.036
-0.048
-0.027
-0.055
0.017
-0.124
-0.058
0.002
0.094
-0.031
-0.037
-0.046
-0.023
0.002
-0.087
-0.053
-0.02
-0.096
-0.067
0.053
-0.029
-0.04
0.004
0.001
-0.062
-0.07
-0.056
-0.061
-0.071
-0.002
-0.074
-0.106
-0.019
0.032
-0.026
0.008
-0.082
-0.011
0.039
0.002
-0.026
0.036
-0.043
0.01
-0.007
-0.036
-0.066
-0.086
0.008
-0.015
-0.07
-0.035
-0.101
-0.082
-0.053
-0.014
-0.093
-0.067
0.008
0.036
-0.087
0.035
-0.088
-0.024
0.045
-0.044
0.05
-0.002
-0.074
0.025
-0.055
0.033
-0.018
-0.026
-0.073
-0.103
-0.013
0.048
-0.071
-0.006
0.004
0.055
0.01
-0.047
-0.026
0.023
-0.126
0.018
-0.019
-0.025
-0.032
-0.033
0.029
-0.054
-0.013
0.046
0.037
-0.087
-0.058
0.034
0.038
0.012
-0.036
-0.01
-0.038
-0.013
-0.048
0.027
-0.006
-0.031
-0.068
-0.057
-0.129
-0.006
-0.101
-0.05
0.009
-0.001
-0.093
-0.059
-0.003
-0.038
0.071
0.008
0.006
0.031
-0.071
-0.002
-0.012
0.022
-0.046
-0.065
-0.013
0.011
-0.001
-0.046
-0.025
0.035
-0.046
-0.005
-0.016
-0.096
-0.1
-0.091
-0.063
0.008
0.007
-0.048
-0.022
-0.012
-0.032
-0.053
-0.095
-0.046
0.032
0.007
-0.026
0.043
-0.043
0.071
-0.005
0.016
-0.042
-0.027
-0.072
-0.042
-0.077
-0.004
-0.075
-0.091
-0.079
0.001
-0.129
-0.059
-0.008
-0.053
-0.012
0.009
-0.098
-0.073
0.015
-0.047
-0.059
0.019
0.008
-0.049
-0.008
-0.086
0.05
-0.028
-0.103
0.044
-0.063
-0.08
-0.001
0.0
-0.029
-0.005
-0.013
0.041
-0.071
-0.004
0.037
-0.008
0.046
-0.019
-0.149
0.062
-0.014
0.046
-0.046
-0.018
-0.101
-0.069
0.094
-0.008
-0.063
-0.021
-0.024
-0.018
0.005
-0.033
-0.054
-0.029
-0.012
-0.01
-0.06
-0.073
-0.129
0.011
-0.032
0.034
-0.023
-0.064
-0.028
0.019
0.042
0.038
-0.034
-0.002
-0.054
-0.012
0.062
-0.021
-0.003
-0.039
0.088
0.005
-0.003
0.017
-0.063
-0.135
0.042
0.032
0.037
-0.061
-0.03
-0.058
0.017
-0.005
-0.059
-0.066
-0.106
-0.026
0.046
-0.055
0.011
-0.051
0.043
-0.004
0.02
-0.044
0.017
-0.052
-0.018
-0.074
-0.004
0.0
0.07
-0.074
-0.048
-0.047
-0.064
-0.045
-0.059
-0.14
-0.022
-0.013
-0.078
-0.077
-0.029
-0.046
-0.011
-0.025
0.001
0.015
-0.065
-0.036
-0.039
-0.009
-0.053
0.005
0.028
0.001
-0.001
0.027
0.01
-0.044
-0.036
0.032
0.002
-0.113
-0.015
-0.101
-0.03
-0.024
-0.046
-0.043
0.019
0.024
-0.009
-0.023
-0.018
-0.013
-0.053
-0.031
-0.043
-0.05
0.012
0.024
-0.015
-0.048
-0.043
-0.063
-0.015
-0.038
0.012
0.004
-0.047
0.083
-0.036
-0.065
-0.055
0.016
-0.052
-0.022
0.073
-0.072
-0.048
0.016
-0.073
-0.014
-0.02
-0.074
-0.074
0.005
0.044
0.005
-0.048
0.014
0.018
0.048
0.009
-0.049
-0.061
0.045
-0.01
0.042
0.019
-0.025
0.036
0.015
0.021
0.011
-0.062
0.0
-0.026
-0.014
-0.067
-0.016
-0.103
0.009
-0.027
-0.006
-0.077
-0.076
-0.044
-0.039
-0.129
-0.022
-0.018
-0.011
-0.146
-0.077
-0.016
-0.017
-0.049
-0.023
-0.03
0.031
-0.008
-0.061
-0.078
0.002
-0.038
0.05
-0.004
-0.037
0.038
-0.001
-0.079
-0.029
-0.069
-0.091
-0.004
0.066
-0.067
0.09
-0.027
0.003
0.013
-0.02
0.038
0.032
-0.013
-0.077
-0.078
-0.001
-0.003
-0.09
-0.026
-0.072
-0.051
-0.042
-0.087
-0.051
0.001
0.058
-0.059
-0.06
-0.036
-0.058
0.066
-0.067
0.008
-0.048
-0.006
0.055
-0.044
-0.073
-0.067
-0.048
0.001
-0.115
-0.097
-0.085
-0.013
-0.055
-0.031
0.006
0.037
0.036
-0.055
-0.042
0.023
-0.062
0.018
0.001
-0.087
-0.021
-0.027
-0.077
-0.032
-0.06
-0.012
-0.049
-0.017
-0.037
0.015
-0.004
0.0
0.034
0.002
-0.055
-0.111
-0.045
0.006
-0.046
-0.048
-0.009
-0.063
0.022
-0.002
-0.048
-0.067
-0.039
-0.062
-0.054
-0.002
-0.047
-0.019
0.016
0.076
-0.072
-0.017
-0.011
0.011
-0.017
-0.041
0.004
-0.011
-0.032
-0.047
-0.066
-0.024
0.012
0.013
0.024
-0.085
-0.089
0.009
-0.026
0.019
-0.038
-0.089
0.012
0.037
-0.045
-0.033
-0.021
0.019
-0.003
-0.039
-0.031
-0.042
-0.087
-0.023
-0.003
-0.011
-0.061
-0.038
-0.055
0.019
-0.059
0.009
-0.015
-0.059
-0.03
-0.064
-0.059
-0.088
0.0
-0.066
-0.007
-0.067
-0.039
0.036
0.01
0.008
-0.041
-0.022
-0.064
-0.024
-0.028
-0.038
-0.035
-0.015
-0.038
-0.04
-0.043
0.03
-0.04
-0.035
-0.04
-0.146
-0.062
-0.008
-0.03
-0.02
-0.009
-0.053
-0.082
-0.039
-0.008
0.021
-0.077
-0.052
-0.006
-0.073
0.02
-0.038
0.063
-0.04
-0.045
-0.027
-0.108
-0.051
0.016
-0.1
-0.074
-0.044
-0.104
-0.005
-0.036
0.03
-0.086
-0.103
-0.09
-0.001
-0.019
-0.051
-0.055
-0.074
0.028
-0.029
-0.053
0.028
0.07
0.063
-0.044
0.003
-0.037
-0.018
0.004
-0.035
0.051
-0.018
-0.079
0.001
-0.05
-0.026
-0.118
-0.015
0.019
-0.062
-0.073
0.01
-0.014
0.035
-0.063
-0.029
-0.003
-0.026
-0.049
-0.087
-0.055
-0.01
-0.112
0.016
0.03
-0.067
-0.043
-0.021
0.006
-0.087
-0.057
0.001
0.022
-0.107
-0.027
-0.036
-0.022
-0.113
0.023
0.019
-0.105
-0.088
-0.036
-0.071
-0.067
0.001
-0.023
-0.058
-0.089
-0.014
-0.052
0.022
-0.005
0.007
-0.018
-0.056
-0.091
-0.014
-0.03
-0.03
-0.047
-0.002
-0.107
-0.032
-0.028
-0.054
-0.031
0.054
0.016
-0.081
-0.044
-0.044
0.005
0.069
-0.044
-0.032
-0.009
0.02
-0.019
0.021
-0.052
-0.127
0.061
0.001
0.006
-0.075
-0.023
-0.027
-0.018
-0.039
-0.036
0.004
0.012
-0.045
-0.084
-0.094
-0.063
-0.033
-0.063
-0.008
-0.015
-0.066
-0.017
-0.095
0.015
0.007
-0.063
-0.026
-0.101
-0.005
-0.063
-0.023
-0.024
0.031
0.015
-0.049
-0.078
-0.017
-0.04
0.058
-0.02
-0.048
-0.036
-0.072
-0.017
-0.056
0.012
-0.036
-0.074
0.0
-0.037
-0.015
0.012
-0.099
-0.072
-0.08
0.007
-0.01
0.047
-0.068
-0.007
-0.064
-0.038
-0.044
-0.016
0.001
-0.007
-0.047
-0.043
0.017
0.029
-0.026
0.042
0.018
-0.075
-0.041
0.019
0.031
-0.06
0.005
-0.036
-0.083
-0.036
-0.044
0.01
-0.008
-0.049
-0.079
0.011
0.04
-0.024
0.005
0.033
-0.023
-0.069
0.015
-0.061
-0.033
-0.075
-0.031
-0.005
-0.02
-0.013
-0.004
-0.047
-0.028
0.055
-0.06
0.037
-0.046
-0.045
-0.074
-0.017
-0.037
-0.003
0.022
-0.054
0.05
-0.097
-0.079
0.065
-0.002
-0.058
0.032
-0.05
0.01
0.033
-0.056
-0.038
0.0
0.088
0.006
-0.033
-0.035
-0.033
0.017
-0.016
0.044
-0.046
-0.144
-0.017
0.008
-0.029
0.001
-0.046
-0.119
-0.045
-0.013
0.012
0.011
-0.019
-0.004
-0.007
-0.043
-0.083
-0.027
0.01
0.002
-0.069
0.035
-0.037
-0.069
-0.072
-0.067
-0.02
0.013
0.027
-0.005
-0.053
-0.038
-0.129
0.02
-0.008
-0.008
-0.058
-0.069
-0.049
-0.005
-0.024
-0.086
-0.079
0.023
-0.081
-0.062
-0.018
0.028
-0.005
0.008
0.017
-0.009
-0.033
-0.041
-0.054
-0.034
0.055
-0.039
-0.098
-0.01
-0.07
-0.036
-0.022
-0.07
0.023
-0.12
0.04
-0.018
-0.005
-0.028
-0.075
-0.057
-0.057
-0.053
-0.029
-0.073
-0.06
0.082
-0.023
-0.018
-0.01
0.041
-0.038
0.012
-0.028
-0.002
-0.033
-0.015
-0.013
0.028
0.002
0.055
-0.012
-0.035
0.002
-0.087
-0.144
-0.102
-0.021
0.013
-0.068
-0.053
0.037
-0.057
0.005
0.02
0.054
0.012
-0.002
-0.082
-0.095
-0.088
0.018
0.029
0.024
0.007
-0.001
0.038
-0.092
0.015
-0.009
-0.031
-0.078
-0.025
-0.032
-0.057
-0.034
0.014
-0.046
-0.012
0.046
-0.062
-0.016
0.005
-0.004
0.001
0.053
-0.077
-0.041
0.093
-0.008
-0.062
-0.032
-0.001
-0.028
-0.097
-0.07
0.008
-0.121
-0.108
-0.046
-0.045
-0.001
0.061
0.035
-0.063
-0.01
-0.025
-0.031
-0.04
0.024
0.007
-0.013
-0.018
-0.024
0.028
-0.049
0.005
0.003
-0.03
-0.038
-0.027
-0.034
0.048
-0.033
0.004
-0.085
-0.05
0.077
-0.075
0.01
0.045
-0.019
0.047
-0.005
-0.088
-0.139
-0.101
-0.087
-0.022
0.044
-0.046
-0.061
0.001
-0.018
0.017
0.024
-0.056
-0.033
-0.041
-0.076
-0.053
-0.071
0.053
0.064
-0.091
0.013
-0.011
-0.025
-0.063
0.023
0.001
-0.066
-0.025
-0.013
-0.001
-0.095
-0.001
-0.023
-0.123
-0.011
-0.022
0.019
-0.003
-0.05
-0.062
-0.06
-0.045
-0.02
0.037
0.022
-0.012
-0.058
-0.002
-0.02
-0.05
0.006
-0.032
-0.057
-0.023
-0.054
0.012
-0.005
-0.057
-0.082
-0.006
0.003
-0.013
-0.04
-0.061
0.025
0.03
-0.012
-0.016
-0.098
-0.104
0.091
-0.059
-0.057
-0.03
-0.057
-0.079
0.012
0.017
0.04
-0.054
0.041
-0.013
-0.082
-0.125
0.012
-0.012
0.0
-0.053
-0.003
-0.048
0.052
0.044
-0.046
0.097
-0.081
-0.003
-0.045
-0.092
-0.103
0.053
-0.087
-0.017
-0.018
-0.004
0.018
0.004
-0.013
0.001
-0.07
-0.044
-0.126
-0.062
-0.051
-0.015
-0.027
-0.013
-0.025
-0.066
-0.048
0.008
0.033
-0.001
-0.017
-0.066
0.024
-0.107
0.037
-0.017
0.023
-0.077
0.021
-0.03
-0.007
-0.034
-0.004
-0.013
-0.009
-0.039
-0.005
-0.011
-0.024
-0.057
-0.108
0.025
-0.037
-0.002
-0.012
-0.023
0.006
0.029
-0.043
-0.01
-0.011
-0.022
-0.037
-0.025
-0.001
-0.038
0.126
-0.075
-0.025
-0.015
-0.011
-0.074
-0.081
0.018
-0.086
-0.043
0.077
-0.102
-0.038
-0.087
-0.067
-0.065
-0.08
-0.055
0.051
-0.043
-0.04
-0.058
-0.017
-0.049
0.006
-0.081
-0.048
-0.019
0.041
0.022
-0.011
-0.028
-0.083
0.016
0.014
-0.123
-0.067
-0.038
-0.065
-0.096
-0.048
-0.049
-0.055
-0.001
-0.035
-0.144
-0.039
0.01
-0.077
0.005
-0.014
-0.052
-0.006
-0.006
0.011
0.024
0.001
0.001
0.013
-0.032
-0.047
-0.103
-0.1
-0.084
-0.06
-0.004
0.006
-0.04
-0.108
-0.013
-0.064
0.015
-0.028
-0.07
0.024
-0.049
-0.011
-0.009
-0.05
-0.008
0.002
-0.009
-0.015
-0.013
-0.104
-0.081
-0.035
-0.069
-0.019
0.003
0.043
-0.011
-0.072
-0.034
0.008
-0.013
-0.085
0.009
-0.053
-0.063
-0.101
-0.012
0.003
0.042
0.018
-0.036
0.014
0.013
-0.038
-0.01
-0.111
-0.026
0.013
-0.087
0.048
-0.048
-0.148
-0.066
-0.083
0.02
-0.043
-0.06
-0.052
-0.033
0.008
0.027
-0.014
-0.009
-0.083
0.051
0.109
-0.057
-0.068
-0.107
-0.01
-0.036
-0.059
0.056
-0.04
0.001
-0.117
-0.074
-0.028
-0.014
0.0
-0.006
-0.074
-0.087
-0.016
-0.044
-0.095
0.042
0.047
-0.051
-0.023
-0.064
-0.046
-0.011
-0.019
-0.008
-0.02
-0.149
-0.049
-0.023
-0.073
-0.113
-0.029
-0.031
-0.056
-0.083
-0.033
-0.084
-0.045
0.016
-0.1
-0.043
0.002
-0.035
-0.09
0.022
-0.059
-0.003
0.01
-0.053
0.071
-0.09
0.023
0.009
-0.012
0.069
-0.07
0.003
0.002
-0.059
-0.1
-0.094
-0.009
-0.069
0.058
-0.012
-0.03
0.0
-0.062
-0.082
-0.014
-0.004
-0.047
-0.028
-0.04
-0.066
0.033
-0.084
-0.101
-0.001
-0.065
-0.018
0.006
-0.078
-0.069
0.033
0.028
-0.103
-0.002
-0.122
-0.074
0.018
0.052
0.02
0.001
-0.027
0.068
-0.129
-0.003
-0.092
-0.016
0.037
-0.03
-0.087
-0.019
-0.009
-0.039
-0.002
0.048
0.032
-0.073
-0.027
-0.022
-0.077
-0.003
0.102
-0.028
-0.066
-0.023
-0.177
-0.048
0.009
-0.037
-0.124
0.022
-0.053
-0.077
0.071
-0.005
-0.074
-0.01
-0.045
-0.019
0.009
0.021
0.05
0.064
-0.059
-0.023
0.028
-0.055
-0.107
-0.011
-0.053
-0.045
-0.061
-0.007
-0.126
0.002
0.035
-0.119
-0.055
-0.015
-0.04
-0.018
-0.099
0.001
-0.011
-0.028
-0.044
0.02
-0.058
0.02
-0.048
0.021
-0.037
0.011
-0.007
0.018
-0.009
-0.076
0.013
-0.044
-0.084
0.03
-0.027
-0.019
-0.062
-0.077
0.083
-0.062
-0.002
0.03
-0.053
0.028
-0.066
-0.013
0.03
-0.058
0.062
-0.034
-0.031
-0.052
-0.063
0.02
0.012
-0.046
-0.108
0.01
-0.028
0.052
-0.018
-0.049
-0.051
0.003
-0.049
0.03
-0.004
0.016
0.035
-0.072
0.004
0.0
-0.037
-0.085
-0.017
0.026
0.008
0.025
0.077
-0.078
0.057
-0.076
-0.019
0.0
0.007
0.029
-0.018
-0.086
-0.032
0.014
0.007
0.046
-0.051
-0.076
-0.078
0.005
-0.013
-0.027
-0.053
-0.04
0.041
-0.001
-0.063
-0.003
-0.027
0.036
-0.01
0.009
-0.078
-0.026
-0.01
-0.1
-0.091
-0.06
-0.05
-0.028
0.035
0.038
-0.068
0.037
-0.023
-0.049
-0.059
-0.025
-0.031
-0.005
-0.066
-0.054
-0.099
-0.074
-0.021
-0.091
0.013
-0.077
-0.033
-0.02
-0.002
0.034
-0.077
-0.043
-0.053
-0.011
0.001
-0.01
0.005
-0.094
0.036
0.035
0.026
0.007
-0.073
-0.062
-0.03
-0.001
0.034
-0.015
-0.051
-0.013
-0.053
-0.054
-0.077
-0.049
-0.01
-0.09
-0.006
-0.066
-0.003
-0.006
0.052
-0.036
-0.049
-0.021
-0.026
0.022
-0.078
0.006
0.004
-0.041
-0.052
-0.022
-0.061
-0.043
-0.037
0.003
-0.066
-0.012
-0.08
0.015
-0.015
0.041
0.036
-0.091
-0.024
0.008
-0.046
-0.039
0.005
-0.035
0.038
-0.05
-0.009
-0.013
-0.024
0.004
-0.047
0.0
-0.074
-0.058
0.014
-0.052
-0.056
0.008
-0.068
-0.022
-0.02
-0.037
-0.038
-0.05
-0.002
-0.03
-0.013
-0.068
-0.016
-0.061
0.062
-0.028
0.009
0.004
-0.037
-0.103
0.045
-0.031
-0.031
-0.068
-0.007
-0.086
-0.023
-0.045
0.047
-0.12
-0.1
0.045
-0.098
-0.08
-0.064
-0.021
0.023
0.048
-0.037
-0.015
0.002
-0.028
-0.003
-0.088
0.006
-0.068
0.006
-0.012
-0.066
-0.031
-0.078
-0.026
0.018
-0.109
-0.026
-0.109
-0.033
-0.063
-0.026
0.01
-0.034
-0.064
-0.034
0.005
-0.043
0.042
0.04
-0.009
-0.014
-0.032
-0.001
-0.01
-0.006
-0.009
-0.046
-0.01
-0.03
0.031
0.028
-0.045
-0.108
0.023
-0.068
0.0
-0.06
-0.096
-0.086
-0.044
0.03
-0.028
-0.031
-0.049
0.002
-0.065
-0.09
-0.034
-0.008
0.015
0.075
0.03
0.01
-0.049
-0.01
-0.108
-0.03
-0.063
-0.035
-0.003
-0.034
-0.02
0.068
-0.039
-0.029
-0.018
-0.072
-0.02
-0.006
-0.067
-0.113
0.017
-0.027
0.023
0.02
-0.054
-0.031
-0.076
-0.056
-0.069
-0.029
0.058
0.015
0.011
-0.009
0.002
-0.029
0.002
0.011
0.049
0.063
-0.085
-0.024
-0.084
-0.007
0.004
-0.084
0.024
-0.025
-0.021
-0.083
-0.019
-0.018
0.051
-0.04
-0.06
-0.089
-0.035
-0.03
-0.063
-0.05
-0.047
-0.038
-0.095
-0.018
-0.043
-0.061
-0.047
-0.062
-0.095
-0.028
-0.04
-0.008
-0.046
-0.051
-0.005
-0.076
-0.024
-0.033
-0.003
-0.002
0.109
-0.047
-0.028
-0.093
-0.03
-0.019
-0.037
-0.037
-0.083
-0.038
-0.035
-0.052
0.088
-0.067
-0.065
0.009
-0.023
0.0
-0.034
-0.117
-0.039
-0.009
-0.032
-0.039
-0.069
-0.021
-0.03
-0.079
0.02
-0.085
-0.119
-0.092
-0.062
-0.009
-0.067
-0.033
-0.174
-0.062
-0.061
0.018
0.002
-0.041
-0.076
-0.01
-0.056
-0.029
0.007
-0.011
-0.022
-0.062
-0.014
-0.021
0.0
0.031
0.047
-0.025
-0.019
-0.045
-0.076
-0.067
0.037
0.069
0.009
-0.022
-0.077
-0.06
-0.038
0.015
-0.11
-0.046
-0.07
-0.097
-0.049
-0.119
-0.021
0.012
-0.088
0.01
0.064
0.014
-0.024
0.027
-0.009
-0.079
-0.055
-0.031
-0.007
-0.018
-0.055
-0.02
-0.01
-0.045
-0.068
-0.123
0.076
-0.117
-0.079
-0.032
0.021
-0.037
-0.133
-0.065
0.003
-0.099
-0.003
0.019
-0.076
0.043
-0.041
-0.088
-0.058
-0.032
-0.158
-0.083
-0.006
-0.106
-0.047
0.072
0.04
-0.122
-0.01
-0.025
-0.019
0.003
-0.023
-0.078
-0.014
0.006
-0.038
-0.061
-0.01
-0.001
0.05
0.011
0.026
-0.024
-0.015
0.009
-0.009
-0.011
-0.023
-0.025
0.016
-0.007
0.008
0.001
-0.059
0.006
0.016
-0.047
-0.11
-0.033
-0.008
-0.034
-0.031
-0.012
0.023
0.023
-0.076
0.05
0.046
0.023
0.011
0.002
-0.004
-0.067
-0.008
-0.008
0.004
-0.004
-0.046
-0.008
-0.016
-0.008
0.004
-0.064
0.014
-0.032
0.007
0.023
-0.038
-0.119
-0.023
-0.075
-0.002
-0.022
0.023
-0.032
-0.132
-0.026
-0.064
-0.007
-0.039
-0.073
-0.092
-0.027
0.051
0.011
-0.08
-0.059
-0.018
-0.067
-0.107
-0.045
-0.089
-0.051
-0.077
0.015
-0.009
0.024
-0.035
-0.041
-0.021
-0.116
0.034
-0.106
-0.009
-0.021
-0.014
-0.018
-0.007
0.007
-0.073
-0.076
-0.056
-0.034
0.002
-0.077
-0.099
-0.047
-0.023
-0.032
0.02
-0.03
-0.066
-0.057
-0.031
-0.054
-0.023
0.011
-0.068
-0.016
-0.041
-0.111
0.039
-0.033
-0.006
-0.094
-0.051
-0.062
-0.034
-0.081
0.003
-0.008
-0.018
-0.03
-0.077
0.017
-0.044
-0.038
-0.04
-0.018
-0.014
-0.016
-0.006
0.028
-0.044
-0.061
-0.012
0.031
-0.035
-0.01
-0.019
-0.051
0.024
-0.038
-0.059
-0.073
-0.058
-0.013
-0.084
-0.017
-0.009
0.001
0.078
0.017
-0.024
-0.064
-0.006
-0.031
-0.039
-0.02
-0.035
-0.012
-0.062
-0.001
0.015
-0.098
-0.071
-0.059
-0.006
-0.003
-0.083
-0.024
-0.051
0.003
-0.046
0.058
-0.049
-0.076
-0.098
-0.047
-0.001
0.019
-0.03
-0.023
-0.015
-0.045
0.016
-0.008
-0.098
-0.051
0.03
-0.062
-0.019
0.004
0.036
-0.056
-0.011
-0.085
0.002
-0.059
0.035
0.003
-0.041
-0.05
-0.023
-0.038
-0.085
-0.051
-0.008
-0.053
-0.004
-0.007
0.039
-0.023
0.005
0.013
0.01
-0.03
-0.037
-0.044
-0.05
-0.068
-0.022
-0.054
0.019
-0.041
-0.1
0.027
-0.01
0.0
-0.119
-0.051
0.0
0.003
-0.007
0.009
0.018
-0.078
-0.018
-0.007
-0.091
-0.043
-0.032
-0.041
0.014
0.02
-0.074
-0.014
0.013
-0.032
-0.015
-0.038
-0.069
-0.013
-0.032
0.047
-0.037
-0.02
-0.1
-0.086
-0.094
-0.106
0.014
-0.085
-0.069
-0.037
0.034
-0.043
-0.073
0.009
-0.072
-0.07
-0.014
-0.01
-0.104
-0.036
0.04
-0.025
0.042
0.014
-0.033
-0.012
-0.1
-0.052
0.005
0.018
0.033
-0.052
-0.038
0.043
-0.083
0.03
-0.181
-0.012
-0.025
0.013
-0.11
-0.033
-0.036
-0.091
-0.032
-0.093
-0.084
-0.079
-0.057
-0.011
0.057
-0.063
-0.08
0.022
0.023
0.025
-0.013
-0.023
-0.094
-0.017
-0.001
0.045
0.038
-0.141
-0.043
-0.045
0.012
-0.118
-0.004
0.056
-0.036
0.006
0.017
-0.048
0.013
-0.044
-0.055
0.001
-0.043
-0.044
-0.04
-0.046
0.005
-0.096
0.021
-0.029
0.059
-0.043
-0.081
0.009
-0.041
-0.024
-0.057
0.032
-0.014
-0.07
0.005
-0.04
0.008
-0.02
-0.045
0.02
0.017
0.011
-0.044
-0.017
-0.007
-0.055
-0.096
-0.082
-0.106
-0.079
-0.014
0.015
-0.023
0.024
0.021
-0.019
-0.08
-0.064
-0.113
0.01
0.063
0.02
-0.118
-0.023
-0.107
-0.1
-0.062
0.007
-0.015
-0.048
-0.025
-0.098
-0.071
-0.029
-0.027
-0.012
0.009
-0.012
-0.029
0.01
-0.04
-0.005
-0.032
-0.113
-0.056
-0.091
-0.048
-0.051
-0.061
0.002
-0.042
-0.017
-0.018
0.043
-0.018
-0.001
-0.03
-0.02
-0.004
-0.068
0.034
-0.065
-0.052
0.006
0.043
0.013
-0.002
-0.038
-0.053
-0.055
-0.013
-0.037
-0.022
-0.09
-0.039
-0.026
-0.006
-0.074
0.053
0.028
-0.073
0.054
0.05
-0.022
0.011
-0.029
-0.032
0.024
0.054
0.054
-0.047
-0.019
-0.073
-0.019
-0.052
0.004
-0.064
-0.059
-0.005
-0.07
0.045
-0.003
-0.017
0.014
-0.018
-0.027
0.025
-0.008
0.026
-0.029
0.002
0.037
0.007
-0.101
-0.07
-0.059
-0.016
-0.013
-0.002
-0.079
-0.019
-0.031
-0.066
-0.032
-0.027
-0.097
-0.066
-0.036
-0.077
0.003
-0.099
-0.023
0.098
-0.069
-0.008
0.024
0.014
0.041
-0.065
-0.028
-0.078
-0.056
-0.014
-0.041
-0.036
0.05
0.002
0.016
-0.044
-0.015
0.05
0.01
-0.008
0.028
-0.047
-0.078
-0.098
-0.029
-0.052
-0.032
-0.016
-0.042
-0.011
-0.007
-0.001
-0.03
-0.104
-0.005
-0.024
-0.055
-0.015
0.001
-0.022
-0.002
0.007
0.015
-0.044
0.084
0.019
-0.075
0.028
-0.025
0.015
-0.021
-0.002
0.015
0.019
0.031
-0.031
-0.1
-0.02
0.006
0.002
0.0
0.017
-0.037
0.021
0.044
-0.004
-0.013
-0.028
-0.057
0.107
-0.067
-0.025
-0.021
0.029
-0.033
-0.041
-0.019
-0.014
-0.098
-0.052
-0.007
0.0
-0.069
-0.079
-0.032
-0.022
-0.022
-0.065
-0.047
0.001
-0.053
-0.023
-0.027
0.034
-0.091
-0.01
0.02
0.02
-0.01
-0.017
0.0
-0.007
-0.066
-0.005
-0.057
-0.033
0.047
0.059
-0.075
-0.088
-0.002
0.007
-0.078
-0.036
-0.087
0.044
-0.085
-0.062
-0.025
-0.007
-0.022
-0.025
-0.021
-0.059
-0.007
0.037
-0.035
-0.025
-0.077
-0.037
-0.045
0.008
0.048
0.027
-0.005
-0.058
0.011
-0.029
-0.031
-0.009
0.053
-0.007
-0.043
-0.032
-0.052
-0.107
-0.016
-0.002
-0.042
-0.074
-0.08
0.006
-0.045
-0.046
0.115
-0.015
-0.077
-0.063
0.057
0.003
0.044
-0.018
-0.067
-0.068
-0.041
-0.025
0.051
-0.008
-0.032
-0.032
-0.02
-0.055
-0.052
0.001
-0.009
-0.085
0.01
0.022
-0.042
0.024
-0.007
-0.024
-0.079
-0.06
-0.068
-0.056
-0.057
0.039
-0.008
-0.037
-0.076
-0.033
-0.115
-0.088
-0.012
-0.064
-0.058
-0.025
-0.026
0.025
-0.078
-0.038
0.031
0.005
-0.008
-0.02
0.019
-0.004
-0.117
0.022
-0.06
0.034
-0.051
-0.087
-0.114
0.05
-0.071
0.008
-0.078
0.024
-0.007
0.004
-0.044
0.098
-0.028
0.022
0.03
0.036
-0.022
-0.065
0.044
-0.085
-0.067
0.008
0.003
-0.069
0.023
0.011
-0.029
-0.06
-0.08
0.009
0.007
-0.055
-0.002
-0.003
-0.084
0.021
-0.011
-0.111
-0.022
-0.046
-0.046
-0.027
-0.022
0.002
-0.007
-0.033
0.002
-0.099
-0.08
-0.011
-0.074
-0.015
0.041
0.002
-0.041
0.006
-0.046
-0.063
-0.041
-0.116
-0.039
-0.09
-0.002
-0.058
0.001
-0.03
-0.02
0.018
0.021
0.023
-0.019
-0.058
-0.037
-0.015
-0.068
-0.021
-0.009
0.016
-0.06
-0.022
0.029
0.018
-0.012
-0.029
-0.119
0.043
-0.01
-0.074
-0.014
-0.08
-0.088
-0.057
0.005
-0.033
-0.12
-0.008
-0.09
-0.021
-0.047
-0.049
-0.057
-0.049
-0.071
-0.046
0.092
0.015
-0.072
-0.053
-0.017
0.006
-0.046
-0.04
0.033
-0.068
-0.012
-0.01
-0.049
-0.007
-0.028
0.009
0.091
-0.069
0.03
-0.075
0.001
-0.026
-0.049
-0.054
-0.008
-0.093
-0.02
0.037
-0.023
0.014
-0.049
-0.043
-0.051
-0.002
-0.059
-0.11
0.031
0.051
-0.145
-0.023
-0.14
0.007
-0.032
-0.003
-0.032
-0.019
-0.105
0.014
-0.029
-0.096
-0.138
0.035
-0.007
-0.105
-0.01
0.004
0.021
-0.069
-0.087
0.033
-0.038
0.007
-0.02
0.031
-0.023
-0.057
-0.069
-0.059
-0.078
-0.019
-0.037
0.021
0.04
-0.018
-0.089
0.004
-0.02
-0.048
0.071
-0.087
-0.08
-0.117
-0.046
-0.037
-0.037
-0.039
-0.037
0.005
-0.06
0.01
-0.014
0.055
0.026
0.032
-0.012
0.013
-0.02
0.064
-0.052
0.002
-0.034
-0.092
-0.131
-0.072
0.011
0.025
0.006
-0.099
-0.057
-0.062
-0.072
-0.068
-0.077
-0.061
-0.036
-0.067
-0.081
-0.029
-0.008
-0.068
-0.091
0.01
-0.098
-0.057
-0.085
-0.092
-0.076
-0.018
0.008
-0.04
-0.023
-0.051
-0.035
0.058
-0.135
-0.078
0.052
-0.013
0.086
-0.071
0.065
-0.097
-0.102
-0.05
-0.062
-0.061
-0.066
-0.006
-0.067
-0.046
0.01
-0.06
-0.024
0.009
-0.004
-0.037
-0.045
-0.034
0.067
0.041
-0.044
0.04
-0.088
0.047
-0.051
-0.035
-0.082
-0.076
-0.032
-0.042
-0.029
0.061
-0.06
-0.074
-0.017
-0.089
-0.036
0.01
-0.145
-0.047
0.014
-0.054
-0.045
-0.134
-0.01
-0.03
-0.069
-0.017
-0.036
-0.07
-0.037
0.011
-0.073
-0.084
0.027
-0.013
-0.024
0.024
-0.067
-0.019
0.011
0.006
-0.007
-0.053
-0.11
-0.049
-0.007
-0.1
0.02
-0.002
0.0
-0.043
-0.057
0.014
0.02
0.014
-0.029
-0.109
-0.016
-0.031
-0.035
-0.05
-0.021
0.012
0.011
-0.02
0.004
-0.108
0.018
-0.049
-0.066
0.0
-0.029
-0.017
-0.033
-0.01
-0.048
-0.03
-0.028
0.03
0.019
-0.101
-0.075
-0.052
-0.051
0.004
-0.022
-0.008
-0.009
-0.01
0.027
-0.024
-0.091
-0.022
-0.005
0.101
-0.014
-0.012
0.025
0.021
-0.116
0.013
-0.039
-0.023
-0.026
-0.021
-0.064
0.013
-0.05
0.011
-0.043
-0.056
-0.021
-0.042
-0.018
0.003
-0.024
-0.136
-0.033
-0.067
0.003
0.005
-0.098
-0.042
0.03
-0.022
0.034
-0.001
-0.068
0.06
-0.058
-0.008
-0.064
-0.13
-0.044
-0.04
0.006
0.068
-0.009
-0.105
-0.011
-0.098
-0.115
0.004
-0.035
-0.052
0.017
-0.052
-0.025
-0.021
-0.024
-0.071
-0.093
-0.062
0.009
-0.044
-0.016
-0.105
-0.026
-0.001
-0.052
-0.031
-0.036
-0.022
0.021
-0.006
-0.069
0.025
-0.084
-0.003
0.003
-0.074
-0.025
-0.128
0.034
-0.105
-0.087
-0.1
-0.053
-0.017
-0.037
-0.006
-0.101
-0.063
0.027
0.011
-0.003
-0.008
0.116
-0.009
-0.063
-0.083
0.053
-0.023
0.06
0.013
0.009
-0.022
-0.003
-0.012
-0.055
-0.041
-0.077
-0.053
-0.007
-0.033
-0.063
-0.069
-0.036
-0.06
-0.11
-0.089
0.004
-0.038
-0.072
0.004
-0.058
-0.084
-0.083
0.006
0.065
0.06
-0.097
-0.088
-0.01
0.018
0.08
-0.083
-0.035
0.023
-0.003
0.004
-0.022
0.011
-0.02
-0.05
-0.034
-0.024
-0.036
-0.045
-0.046
0.009
-0.057
0.085
-0.05
0.0
-0.055
0.047
-0.088
-0.026
0.02
-0.06
-0.062
-0.016
-0.046
-0.067
-0.028
-0.08
-0.076
-0.091
0.037
-0.074
-0.001
-0.003
0.036
-0.041
0.01
0.03
0.001
-0.091
-0.13
0.011
-0.082
0.004
-0.038
-0.069
-0.016
-0.028
-0.061
0.043
-0.04
-0.028
-0.076
-0.059
-0.006
-0.012
-0.038
-0.045
0.071
-0.048
-0.057
-0.069
-0.045
-0.045
-0.017
-0.075
-0.081
-0.038
-0.149
-0.035
-0.017
-0.082
-0.073
-0.002
-0.055
-0.024
-0.08
-0.112
-0.066
-0.066
0.008
0.028
0.0
-0.002
-0.035
-0.007
-0.041
-0.065
-0.025
-0.012
-0.045
0.044
-0.011
-0.084
0.017
0.013
-0.002
0.001
-0.07
-0.069
-0.029
0.015
0.007
0.027
0.018
0.02
-0.035
0.057
-0.036
-0.076
0.017
-0.034
-0.011
-0.055
0.011
-0.017
-0.071
-0.075
-0.007
-0.12
-0.066
-0.057
-0.02
-0.009
-0.059
-0.009
-0.03
-0.042
-0.043
-0.057
0.003
-0.003
-0.043
-0.093
-0.025
-0.045
-0.106
-0.032
-0.091
-0.036
-0.071
-0.031
0.002
-0.054
0.03
0.053
0.05
-0.073
-0.006
-0.001
-0.128
-0.04
-0.011
-0.009
-0.058
0.022
-0.054
-0.111
-0.022
0.003
-0.047
0.058
0.04
0.048
0.1
0.011
0.067
-0.034
-0.039
-0.055
-0.023
-0.01
-0.034
-0.01
-0.019
-0.073
0.036
-0.014
-0.014
-0.072
0.061
0.117
-0.076
-0.093
-0.067
-0.014
-0.131
-0.143
-0.112
0.013
0.002
0.038
0.05
-0.01
0.001
-0.038
0.022
-0.098
-0.068
-0.064
0.072
-0.028
-0.013
-0.053
-0.072
0.01
-0.093
-0.072
-0.133
-0.005
0.004
-0.021
-0.129
-0.029
-0.019
0.02
0.002
0.004
-0.063
-0.026
0.02
-0.087
-0.057
0.011
-0.141
-0.031
0.005
0.025
-0.024
-0.03
-0.008
0.016
-0.034
-0.026
-0.054
-0.098
-0.065
-0.005
-0.055
-0.051
-0.07
-0.029
-0.037
-0.017
-0.021
0.039
-0.025
-0.015
-0.009
-0.065
0.013
0.036
0.013
-0.064
-0.107
0.003
-0.037
-0.029
-0.059
0.073
-0.128
-0.033
0.051
0.009
-0.006
0.038
-0.041
-0.014
-0.067
-0.085
-0.106
0.066
0.046
-0.069
-0.012
-0.039
-0.08
-0.031
0.042
-0.034
-0.024
0.015
-0.016
-0.012
-0.015
-0.073
-0.071
-0.034
0.009
0.005
-0.065
-0.023
-0.088
-0.044
0.009
-0.02
-0.017
-0.032
-0.016
-0.022
-0.102
-0.023
-0.058
-0.025
-0.028
-0.071
-0.042
-0.029
-0.002
0.0
-0.102
-0.012
-0.006
-0.006
0.016
0.016
-0.059
-0.015
-0.067
-0.083
0.001
-0.022
-0.042
-0.021
-0.005
-0.093
0.015
0.041
0.029
-0.047
-0.052
0.031
0.063
-0.113
-0.071
-0.091
-0.027
-0.011
0.109
-0.109
-0.042
0.01
0.023
0.008
-0.022
-0.011
-0.015
-0.028
-0.034
-0.082
0.081
-0.064
-0.068
-0.15
-0.017
0.006
0.074
-0.054
0.002
0.001
0.005
-0.014
-0.029
-0.01
-0.012
-0.022
0.01
-0.029
-0.069
-0.006
-0.011
0.061
-0.08
-0.003
0.029
-0.033
-0.021
-0.014
-0.043
0.039
-0.033
-0.019
-0.013
-0.019
-0.093
-0.096
-0.031
-0.012
-0.073
-0.029
-0.013
0.035
0.019
0.014
-0.026
-0.03
-0.027
-0.077
-0.043
-0.025
-0.064
-0.047
-0.026
-0.107
0.025
-0.059
-0.024
-0.009
-0.008
-0.048
-0.028
-0.073
-0.117
-0.083
0.007
-0.029
-0.046
-0.051
-0.048
-0.038
-0.09
0.006
-0.095
-0.025
-0.039
-0.047
0.015
-0.019
-0.048
-0.069
-0.052
-0.039
0.013
-0.009
-0.007
0.035
-0.027
-0.031
0.006
-0.05
0.013
0.017
0.007
-0.018
-0.041
0.006
-0.003
-0.094
-0.004
-0.042
-0.014
0.05
-0.056
-0.058
-0.012
-0.049
0.046
0.032
0.005
-0.081
-0.007
-0.052
-0.1
0.009
-0.087
-0.013
-0.061
-0.054
-0.074
-0.029
-0.058
-0.006
-0.032
-0.07
-0.078
-0.037
0.057
0.027
-0.011
-0.005
-0.047
0.01
-0.038
-0.062
-0.088
-0.044
0.029
-0.065
-0.076
-0.074
-0.122
-0.031
-0.06
-0.041
0.031
-0.014
-0.067
-0.005
-0.022
0.004
-0.094
0.003
-0.038
-0.069
0.057
0.018
-0.05
-0.021
-0.01
-0.053
-0.007
-0.004
0.074
-0.054
-0.103
0.034
-0.13
-0.156
-0.07
-0.027
-0.044
-0.028
-0.042
-0.048
-0.027
-0.019
-0.153
0.005
-0.023
-0.051
-0.083
-0.049
-0.081
-0.046
-0.065
-0.051
-0.018
0.047
-0.04
-0.076
0.105
-0.046
-0.074
-0.062
-0.023
-0.001
-0.08
-0.014
0.01
-0.042
-0.024
-0.006
0.057
-0.028
-0.061
-0.036
-0.03
-0.034
-0.038
0.0
0.011
-0.153
0.012
-0.016
0.052
0.022
0.016
-0.021
-0.131
-0.089
-0.05
-0.009
-0.014
-0.019
-0.035
-0.012
0.036
-0.007
-0.011
-0.032
-0.006
-0.042
-0.094
-0.076
0.007
-0.057
-0.015
-0.095
-0.019
-0.057
-0.057
-0.062
-0.002
-0.075
0.005
-0.037
-0.03
-0.03
0.011
-0.02
-0.026
-0.026
-0.073
-0.021
-0.005
0.027
-0.045
-0.018
-0.026
-0.004
0.007
-0.067
-0.043
-0.066
-0.041
-0.05
-0.059
-0.07
-0.089
-0.046
-0.116
-0.041
0.012
-0.028
-0.011
-0.005
-0.129
-0.02
-0.046
0.004
-0.009
-0.011
-0.006
0.002
-0.036
-0.082
0.004
-0.026
-0.034
0.065
-0.082
-0.049
-0.072
-0.04
-0.01
-0.049
-0.072
0.006
-0.164
-0.092
0.028
-0.027
-0.051
0.039
-0.069
0.04
-0.025
-0.112
-0.089
-0.035
-0.052
-0.079
-0.037
0.042
-0.103
-0.127
-0.033
0.006
-0.069
-0.081
-0.072
-0.072
-0.047
-0.04
-0.029
-0.016
0.005
-0.001
0.016
-0.019
-0.023
-0.05
0.005
0.031
-0.068
-0.002
-0.009
-0.084
-0.063
-0.037
-0.092
-0.024
-0.099
0.006
-0.018
-0.07
-0.041
0.003
-0.019
0.033
0.025
-0.069
0.014
-0.048
-0.026
-0.054
-0.004
0.021
-0.02
-0.001
-0.076
-0.041
-0.036
-0.057
0.022
-0.024
-0.037
-0.1
-0.016
-0.018
-0.057
-0.05
-0.071
-0.063
-0.11
-0.062
0.0
-0.139
0.031
-0.027
0.083
-0.032
-0.07
-0.076
-0.03
-0.021
-0.001
-0.064
0.002
0.075
-0.02
-0.036
0.019
0.015
-0.089
-0.05
-0.02
0.014
-0.023
-0.066
-0.018
-0.068
-0.013
-0.058
-0.086
-0.077
-0.06
-0.048
0.025
-0.087
-0.04
-0.023
0.023
-0.049
-0.047
-0.084
0.026
0.005
-0.009
-0.022
-0.031
-0.036
0.01
-0.024
-0.066
-0.078
-0.042
-0.018
-0.069
-0.001
-0.007
0.043
-0.062
0.003
0.002
-0.042
-0.041
0.014
0.001
-0.069
0.009
-0.072
-0.068
-0.062
-0.017
-0.048
-0.072
-0.043
-0.054
-0.065
0.052
-0.038
-0.1
-0.022
0.006
-0.059
0.002
0.079
0.001
-0.049
-0.042
-0.053
-0.042
-0.031
-0.05
-0.047
-0.02
-0.02
-0.069
0.007
-0.002
0.069
-0.033
-0.036
-0.038
0.023
-0.032
0.012
-0.052
0.026
-0.044
0.004
-0.065
0.024
-0.029
-0.009
-0.06
-0.048
0.053
-0.06
-0.049
-0.077
-0.075
-0.062
-0.003
-0.008
0.021
-0.028
0.002
-0.062
-0.017
0.01
-0.079
-0.082
-0.077
-0.034
-0.062
0.017
0.007
-0.042
-0.04
-0.012
-0.055
0.067
-0.028
0.032
-0.061
-0.029
-0.049
0.021
-0.048
-0.011
-0.048
-0.008
-0.015
-0.029
-0.02
0.022
-0.066
-0.017
0.007
0.018
-0.076
-0.011
0.018
-0.07
0.005
-0.014
-0.108
-0.047
-0.053
-0.033
0.006
-0.101
-0.039
-0.058
-0.007
-0.069
-0.04
-0.003
-0.064
0.012
-0.018
0.018
-0.072
0.007
0.047
-0.061
-0.028
0.032
-0.001
-0.028
-0.115
-0.072
-0.037
-0.024
0.018
0.002
-0.047
-0.053
-0.035
0.051
0.008
-0.053
0.028
-0.008
0.043
0.044
-0.042
0.019
-0.043
-0.023
-0.009
-0.009
0.004
-0.113
-0.059
-0.021
-0.015
0.019
-0.065
-0.062
0.0
-0.021
-0.074
-0.015
0.052
-0.06
-0.064
0.007
-0.077
-0.011
-0.005
0.01
-0.019
-0.092
0.01
-0.068
0.003
-0.001
-0.046
-0.049
-0.022
-0.047
-0.058
-0.073
-0.024
-0.055
-0.069
-0.034
-0.092
-0.039
0.025
-0.005
-0.052
-0.044
-0.026
0.08
0.011
-0.025
0.04
-0.078
-0.017
-0.068
-0.013
-0.012
-0.037
0.057
-0.006
-0.081
0.065
-0.036
0.108
-0.017
-0.074
-0.011
-0.034
-0.075
0.058
-0.015
0.013
-0.077
-0.008
-0.009
-0.021
-0.006
-0.067
-0.076
-0.02
0.027
-0.007
0.056
0.028
-0.049
-0.036
-0.005
-0.058
-0.067
0.018
-0.078
-0.051
-0.085
-0.034
0.01
-0.038
-0.105
-0.091
-0.081
-0.021
-0.005
0.004
-0.014
-0.058
-0.075
-0.014
-0.013
-0.066
-0.045
-0.049
-0.045
0.015
-0.014
-0.074
-0.013
0.04
-0.04
-0.016
-0.114
-0.024
-0.053
0.062
-0.151
-0.127
-0.031
-0.03
0.046
-0.099
0.007
-0.018
-0.079
-0.059
0.023
-0.008
-0.028
0.01
-0.023
0.017
-0.024
-0.062
0.015
-0.039
0.079
-0.029
0.041
0.04
0.041
-0.062
-0.001
0.024
-0.036
-0.069
0.006
0.012
-0.047
-0.068
-0.021
-0.024
-0.042
-0.04
-0.03
-0.05
-0.071
-0.083
-0.062
-0.025
-0.024
0.006
0.05
-0.026
-0.082
0.052
0.077
-0.025
0.016
-0.004
-0.011
-0.044
-0.03
0.002
-0.007
-0.041
0.008
-0.051
0.003
-0.035
-0.037
-0.036
-0.034
-0.084
0.009
-0.029
-0.006
-0.031
0.018
-0.008
-0.034
0.06
-0.073
-0.014
0.011
0.003
0.042
0.018
0.02
-0.064
-0.089
-0.011
0.03
0.008
0.007
-0.039
-0.048
0.002
0.025
-0.037
0.007
0.009
-0.072
-0.018
0.028
0.031
-0.019
-0.038
-0.005
0.048
-0.04
-0.079
-0.027
0.017
-0.07
-0.041
-0.013
-0.066
0.007
-0.1
-0.084
-0.067
-0.034
-0.053
-0.088
0.023
-0.014
0.002
-0.004
-0.027
-0.024
-0.029
0.001
0.051
0.009
0.025
0.026
0.02
-0.077
-0.043
-0.025
-0.061
-0.018
-0.059
-0.094
-0.037
-0.079
0.02
-0.027
-0.043
-0.041
0.032
0.016
-0.065
-0.013
-0.013
0.015
-0.092
0.045
0.012
-0.015
-0.019
-0.086
-0.004
-0.041
-0.021
-0.035
-0.003
-0.064
-0.003
-0.045
-0.015
-0.099
-0.012
-0.022
-0.101
-0.02
0.007
0.002
-0.039
-0.005
0.011
-0.015
-0.103
-0.053
-0.013
-0.083
-0.082
-0.05
-0.049
-0.1
-0.008
-0.056
-0.042
0.001
-0.026
-0.007
-0.044
0.083
-0.004
-0.044
-0.106
0.003
0.005
-0.064
-0.061
-0.026
-0.011
-0.066
-0.007
0.031
-0.038
0.026
0.043
-0.086
0.014
0.017
-0.051
-0.008
-0.043
-0.101
0.039
-0.068
-0.05
-0.052
-0.034
-0.02
-0.032
-0.022
-0.014
0.035
-0.032
-0.024
-0.071
-0.029
-0.033
-0.034
-0.004
-0.096
0.064
0.018
-0.051
-0.007
-0.004
-0.077
-0.015
-0.059
-0.09
-0.006
-0.086
-0.002
-0.018
-0.015
-0.028
-0.002
-0.02
0.059
-0.036
-0.07
-0.054
-0.091
-0.039
-0.042
0.006
-0.024
-0.079
-0.064
-0.035
0.033
-0.038
0.006
-0.105
0.008
-0.041
-0.037
-0.08
-0.05
0.054
-0.056
0.037
-0.02
-0.016
-0.051
-0.031
-0.052
-0.128
0.003
-0.015
0.028
-0.072
-0.014
-0.089
-0.03
-0.004
-0.055
-0.022
0.029
-0.022
-0.024
0.018
-0.091
-0.005
-0.035
0.012
0.065
-0.16
-0.066
-0.051
0.018
-0.002
0.01
0.066
-0.01
-0.096
0.045
-0.061
0.009
0.048
-0.042
-0.066
-0.021
-0.013
-0.101
-0.024
-0.01
0.003
-0.038
-0.066
0.013
0.012
-0.004
-0.061
-0.043
0.023
-0.092
-0.006
-0.014
-0.061
-0.054
-0.061
0.036
-0.014
-0.05
0.014
0.031
-0.069
-0.043
0.002
-0.08
0.03
-0.03
-0.076
-0.025
0.001
0.021
-0.042
0.021
-0.005
-0.153
-0.058
0.029
-0.018
-0.023
-0.006
-0.025
0.005
-0.005
-0.022
-0.019
-0.034
-0.065
0.006
-0.028
-0.087
0.005
0.039
-0.025
-0.11
0.002
-0.034
-0.095
-0.025
-0.038
-0.007
0.005
-0.106
-0.007
-0.059
-0.042
0.027
0.013
-0.028
0.003
0.023
-0.017
-0.045
-0.005
-0.05
-0.089
0.027
-0.113
-0.065
-0.11
-0.087
0.019
0.01
-0.011
0.001
0.026
-0.021
-0.031
0.064
-0.094
-0.003
-0.077
0.026
-0.047
0.021
-0.042
0.013
-0.023
-0.068
-0.035
0.017
0.029
-0.018
0.022
-0.007
-0.034
-0.071
0.01
-0.064
0.037
0.008
-0.023
-0.043
-0.078
-0.071
-0.002
-0.077
-0.011
-0.031
-0.054
-0.063
0.017
-0.047
-0.008
-0.083
-0.013
-0.005
-0.014
-0.046
-0.066
0.056
-0.079
-0.024
-0.047
0.007
-0.029
-0.016
-0.052
0.006
-0.015
-0.068
-0.063
-0.033
-0.093
-0.067
-0.012
-0.012
0.029
-0.064
-0.041
-0.046
0.009
-0.025
-0.036
0.008
-0.125
-0.043
-0.038
-0.069
0.101
-0.054
-0.002
-0.011
-0.031
-0.013
0.064
-0.034
-0.004
-0.042
0.009
-0.02
-0.074
-0.068
0.009
-0.047
0.024
-0.025
0.011
-0.039
-0.067
-0.01
-0.154
-0.044
0.009
-0.026
-0.022
-0.034
-0.081
0.037
0.02
0.034
-0.046
-0.036
-0.134
0.043
0.015
-0.055
-0.072
0.02
-0.066
-0.048
-0.04
-0.044
-0.044
-0.001
0.016
-0.068
-0.08
-0.007
-0.008
-0.046
-0.077
0.018
-0.045
-0.048
-0.042
-0.085
0.012
-0.033
-0.104
-0.036
0.023
-0.017
-0.002
0.031
0.045
-0.047
-0.005
0.014
-0.018
0.029
-0.053
-0.032
-0.028
0.023
-0.027
-0.064
-0.035
-0.027
0.035
-0.075
0.047
-0.044
-0.02
-0.016
-0.095
0.024
-0.057
-0.041
-0.006
-0.077
0.022
-0.011
-0.026
-0.028
-0.095
-0.133
-0.08
-0.012
-0.027
0.005
-0.077
-0.064
-0.042
0.02
-0.045
-0.023
-0.102
-0.003
-0.086
-0.088
-0.053
-0.097
0.027
0.008
-0.022
0.033
-0.053
-0.009
-0.078
-0.005
-0.046
0.03
-0.039
-0.025
-0.039
0.015
0.045
-0.068
0.028
0.1
-0.025
-0.078
0.005
0.001
0.031
-0.076
-0.041
0.016
-0.004
-0.067
-0.008
-0.045
-0.115
-0.049
-0.105
-0.036
-0.007
0.016
0.0
0.028
-0.003
0.001
0.006
-0.014
0.03
0.117
-0.074
0.062
-0.051
0.027
-0.083
-0.024
-0.117
-0.039
-0.014
-0.033
-0.036
0.021
-0.071
-0.034
-0.044
-0.026
-0.041
-0.041
-0.121
0.037
-0.003
-0.017
-0.058
0.026
-0.042
-0.016
-0.096
-0.056
-0.056
0.026
-0.015
0.0
-0.022
-0.056
-0.025
0.004
-0.08
-0.041
-0.004
-0.001
-0.024
0.048
-0.095
-0.02
-0.012
0.032
-0.017
-0.035
0.013
-0.022
0.012
-0.085
-0.073
0.008
-0.036
-0.059
0.006
-0.061
0.007
-0.073
0.058
-0.039
-0.083
-0.022
-0.046
0.044
-0.033
-0.061
-0.022
-0.056
0.023
-0.051
-0.005
-0.128
-0.002
0.004
-0.055
-0.013
-0.011
0.008
-0.04
-0.092
0.01
-0.059
-0.056
-0.061
-0.051
-0.057
-0.01
-0.065
0.022
-0.04
-0.045
-0.008
0.028
-0.047
-0.02
-0.006
-0.094
-0.021
-0.101
-0.01
0.07
-0.107
-0.022
0.036
0.049
-0.008
0.021
0.023
-0.038
-0.022
-0.123
-0.051
-0.124
-0.031
-0.018
-0.015
-0.016
-0.014
-0.039
-0.06
-0.041
0.052
-0.023
0.0
-0.04
0.046
-0.072
-0.088
-0.081
-0.068
-0.028
-0.058
-0.055
0.001
0.091
-0.006
-0.113
-0.004
0.006
-0.012
-0.029
-0.035
-0.064
-0.042
-0.045
-0.019
-0.078
-0.038
-0.011
0.044
0.012
-0.176
-0.072
0.001
0.035
-0.074
-0.024
-0.054
-0.029
-0.025
-0.006
0.013
0.032
-0.024
0.046
-0.065
-0.083
-0.034
0.06
-0.053
-0.033
0.022
-0.013
0.07
0.031
-0.057
-0.055
0.014
-0.05
-0.009
-0.053
0.003
-0.041
-0.099
-0.034
-0.044
-0.002
0.061
0.03
0.016
0.006
-0.052
0.0
-0.032
-0.027
0.016
-0.096
-0.037
-0.031
-0.058
-0.061
-0.032
-0.018
-0.033
-0.034
-0.028
-0.08
-0.026
-0.047
-0.019
-0.031
-0.091
-0.024
0.055
-0.082
-0.03
0.023
-0.072
-0.043
0.0
0.032
0.036
-0.132
-0.012
-0.053
-0.038
-0.003
-0.006
-0.163
-0.047
-0.077
-0.015
0.016
-0.008
-0.085
-0.053
-0.045
-0.021
-0.063
-0.034
-0.033
-0.039
-0.016
-0.037
-0.022
0.003
-0.026
-0.05
-0.061
-0.059
0.048
0.005
-0.003
-0.041
-0.012
0.031
-0.052
-0.065
0.0
0.019
0.087
-0.043
-0.045
-0.006
-0.026
-0.055
-0.108
0.019
-0.033
-0.012
-0.022
-0.056
0.015
-0.05
0.001
-0.008
-0.072
0.0
-0.048
0.011
-0.087
0.023
0.049
-0.027
-0.041
-0.008
-0.041
-0.025
-0.051
-0.021
0.012
0.041
-0.012
-0.064
-0.003
0.007
-0.037
-0.069
-0.052
-0.071
0.042
-0.107
-0.017
-0.061
-0.092
-0.111
-0.035
-0.069
-0.03
0.004
-0.053
-0.018
-0.02
-0.053
0.031
-0.036
-0.032
-0.002
-0.057
-0.053
0.021
-0.053
-0.031
0.033
-0.121
-0.026
-0.036
-0.055
-0.061
-0.054
-0.026
-0.018
-0.022
-0.05
-0.059
-0.008
0.01
0.007
-0.003
-0.067
-0.052
-0.076
-0.056
-0.096
-0.02
-0.018
-0.066
-0.034
-0.066
-0.005
0.008
0.06
-0.106
-0.064
-0.097
-0.012
-0.016
0.01
-0.037
-0.036
0.014
0.011
0.027
-0.065
0.08
-0.067
-0.058
-0.028
-0.03
-0.072
0.006
-0.002
-0.004
-0.06
-0.039
-0.11
0.001
-0.104
-0.047
0.012
-0.05
-0.025
0.002
-0.036
-0.064
-0.023
-0.009
-0.047
-0.014
0.0
-0.065
-0.001
0.021
-0.009
-0.097
-0.058
-0.028
-0.001
0.033
0.004
-0.051
-0.01
-0.001
-0.009
-0.072
0.013
-0.033
-0.038
-0.103
-0.081
-0.058
0.024
0.006
-0.041
-0.015
-0.005
-0.083
-0.05
-0.086
-0.002
-0.089
0.002
-0.025
-0.02
-0.05
0.012
0.026
0.031
-0.048
0.006
-0.049
-0.008
-0.076
0.008
0.021
-0.027
-0.038
0.016
0.105
-0.023
-0.083
-0.055
-0.102
-0.019
-0.067
-0.003
-0.116
-0.061
0.023
-0.004
-0.015
-0.029
0.029
-0.094
-0.067
0.002
0.024
0.007
-0.023
-0.07
-0.014
-0.094
-0.001
-0.036
-0.088
-0.006
-0.043
-0.046
0.004
-0.067
0.019
-0.052
-0.03
0.003
-0.11
-0.055
-0.045
-0.034
-0.081
-0.056
-0.073
-0.08
0.021
-0.059
-0.027
-0.087
-0.015
-0.06
-0.054
-0.047
-0.04
-0.015
-0.014
-0.102
-0.008
-0.021
-0.032
-0.083
0.017
-0.076
0.034
-0.008
-0.08
-0.072
-0.063
-0.059
-0.087
0.001
-0.05
-0.033
-0.052
-0.015
-0.088
-0.045
-0.066
-0.023
-0.02
-0.05
-0.078
-0.087
-0.089
-0.064
-0.068
0.112
0.006
-0.001
-0.03
-0.015
-0.069
-0.055
-0.053
-0.046
-0.015
-0.004
-0.067
0.096
0.026
-0.008
-0.007
-0.038
0.019
-0.09
-0.022
-0.031
-0.024
-0.032
0.013
-0.07
-0.042
0.007
-0.039
-0.013
0.042
-0.03
0.058
-0.096
-0.057
0.007
-0.072
-0.066
-0.034
-0.02
-0.045
-0.001
-0.044
-0.095
-0.123
-0.033
-0.003
-0.016
0.027
0.05
0.007
-0.014
-0.03
-0.073
-0.087
0.009
-0.054
-0.02
-0.007
0.041
-0.046
-0.093
-0.048
-0.034
0.034
-0.01
-0.014
0.008
0.005
-0.067
0.011
-0.021
-0.069
0.015
0.028
0.056
-0.033
-0.028
-0.008
-0.011
0.018
-0.01
0.029
-0.001
0.004
-0.08
-0.005
-0.003
-0.016
0.042
0.018
-0.033
0.009
0.029
-0.045
-0.057
-0.044
-0.01
-0.077
-0.035
-0.04
-0.079
-0.039
-0.017
-0.11
-0.079
-0.011
-0.077
-0.074
-0.008
-0.047
-0.027
0.016
-0.058
-0.034
-0.03
-0.096
0.085
-0.093
0.019
-0.052
-0.027
-0.035
-0.062
-0.061
-0.043
-0.112
-0.032
-0.122
0.046
-0.03
-0.005
-0.094
-0.025
0.016
-0.011
-0.037
-0.026
0.041
-0.026
0.0
-0.081
-0.027
-0.027
0.026
-0.056
-0.007
-0.094
-0.037
-0.076
-0.084
-0.068
-0.101
-0.026
-0.012
0.009
0.004
0.006
-0.089
0.041
-0.156
-0.037
-0.057
-0.024
-0.044
0.05
0.061
-0.053
-0.036
-0.064
0.013
-0.005
-0.004
-0.039
-0.025
-0.044
0.044
-0.03
-0.054
-0.08
-0.071
-0.016
0.0
0.002
-0.05
-0.061
-0.048
-0.105
0.028
-0.01
-0.056
-0.034
0.015
-0.026
-0.019
0.031
-0.08
-0.064
-0.054
-0.038
-0.036
-0.042
0.038
0.023
-0.127
-0.06
-0.074
-0.006
-0.032
-0.058
-0.102
0.044
0.045
-0.064
0.049
-0.024
0.063
-0.145
-0.107
-0.053
-0.067
0.008
-0.109
-0.05
-0.029
-0.054
-0.022
-0.057
-0.071
-0.008
0.015
-0.013
0.003
0.011
-0.053
-0.006
-0.043
-0.015
-0.036
0.031
-0.118
-0.039
0.071
0.001
-0.063
-0.082
-0.073
-0.042
-0.011
-0.035
0.007
0.04
-0.057
-0.05
-0.015
0.026
0.009
0.01
-0.067
-0.11
0.002
-0.05
-0.05
-0.059
-0.141
-0.003
-0.003
-0.028
-0.002
0.045
-0.063
-0.075
-0.062
-0.027
-0.027
-0.046
-0.066
-0.014
-0.015
-0.019
-0.109
0.026
-0.017
0.038
-0.093
-0.013
-0.033
-0.036
-0.09
-0.043
-0.073
-0.015
-0.027
-0.015
-0.08
0.035
-0.03
0.1
-0.07
-0.083
0.002
-0.084
-0.025
-0.099
0.003
-0.017
-0.075
-0.014
0.003
-0.117
-0.033
-0.042
-0.043
-0.044
0.053
-0.002
0.03
-0.028
-0.064
-0.005
-0.012
-0.052
0.02
-0.064
-0.071
-0.075
-0.035
-0.072
-0.031
-0.06
-0.03
0.06
-0.102
-0.007
-0.014
0.039
-0.083
0.045
0.067
-0.062
0.03
-0.062
-0.053
-0.03
-0.055
-0.107
0.016
0.027
-0.051
-0.006
0.003
-0.056
-0.081
0.005
0.004
-0.063
0.007
0.029
-0.002
-0.031
-0.003
0.049
0.023
-0.018
-0.071
-0.109
0.001
-0.029
-0.024
-0.086
-0.033
-0.037
-0.052
0.012
-0.075
0.056
-0.107
-0.017
-0.088
-0.054
-0.083
-0.043
0.02
-0.081
-0.091
0.012
0.0
-0.038
0.037
-0.001
-0.127
0.026
0.013
-0.017
-0.084
-0.034
-0.014
-0.006
-0.017
-0.011
0.004
0.029
-0.03
0.018
0.001
-0.087
-0.053
0.015
-0.056
-0.001
0.056
-0.015
-0.003
-0.032
-0.081
-0.062
-0.007
-0.009
-0.024
-0.082
-0.058
0.021
-0.007
-0.067
-0.036
-0.023
0.012
-0.039
-0.016
0.012
-0.034
-0.018
0.005
-0.024
0.066
-0.042
-0.082
-0.058
-0.02
-0.056
-0.05
-0.089
-0.022
-0.019
-0.091
-0.044
0.024
-0.012
-0.024
0.045
-0.053
-0.039
-0.076
-0.024
-0.069
-0.08
-0.081
-0.006
0.02
0.021
0.009
-0.048
-0.038
-0.044
-0.094
-0.06
-0.029
-0.006
-0.006
-0.079
-0.067
0.037
-0.06
-0.072
-0.018
0.012
-0.026
-0.017
-0.052
0.009
0.084
0.041
-0.018
0.029
0.029
-0.037
0.002
0.007
-0.08
0.004
-0.013
-0.021
-0.025
-0.068
-0.086
-0.072
-0.054
-0.063
-0.067
0.023
0.007
0.041
-0.104
0.01
0.063
-0.088
-0.009
-0.034
0.007
-0.016
-0.017
-0.004
-0.025
0.035
0.019
-0.023
0.032
0.065
-0.026
0.022
-0.04
-0.027
0.025
-0.049
0.033
0.006
-0.033
-0.065
0.024
-0.077
-0.021
-0.061
-0.026
-0.113
-0.048
-0.12
-0.132
0.011
-0.006
0.074
0.017
-0.04
-0.109
-0.056
-0.029
-0.087
-0.086
-0.061
-0.029
0.029
-0.005
-0.022
-0.061
-0.027
-0.048
-0.099
-0.001
-0.093
0.008
0.023
-0.072
-0.002
-0.057
-0.042
-0.029
-0.013
0.054
-0.046
0.033
-0.031
-0.057
-0.037
-0.029
-0.022
-0.014
0.043
-0.039
-0.001
-0.04
-0.011
0.056
0.062
-0.021
-0.038
0.013
-0.014
-0.067
-0.089
-0.012
-0.045
-0.029
-0.016
-0.051
-0.091
0.046
-0.054
-0.011
-0.038
-0.008
0.01
-0.007
-0.001
-0.015
-0.065
-0.007
-0.045
0.011
-0.015
-0.016
-0.031
-0.009
-0.065
0.059
-0.096
-0.067
-0.045
-0.012
-0.002
-0.029
-0.024
-0.106
0.002
0.017
-0.029
-0.004
-0.004
-0.061
0.088
-0.108
-0.06
-0.019
-0.068
0.007
-0.054
-0.015
0.064
-0.02
-0.05
-0.031
0.071
-0.002
0.01
0.069
-0.068
-0.014
-0.053
-0.028
-0.01
-0.049
0.037
0.019
-0.051
0.009
-0.11
-0.021
-0.092
0.034
0.009
-0.057
-0.072
-0.073
-0.032
-0.114
-0.009
0.059
-0.082
0.04
-0.026
-0.013
-0.037
0.017
-0.058
-0.075
-0.024
-0.007
-0.044
0.047
-0.016
-0.058
0.029
-0.05
-0.112
-0.008
0.039
-0.08
0.018
-0.003
-0.014
-0.08
0.028
-0.019
-0.057
-0.091
0.054
-0.048
-0.014
0.005
-0.04
-0.068
0.007
-0.104
0.062
-0.004
-0.002
-0.059
-0.017
-0.024
-0.064
0.037
-0.076
-0.015
-0.025
-0.047
-0.056
-0.055
0.047
-0.031
-0.074
-0.06
-0.068
-0.025
-0.06
-0.029
-0.002
-0.022
-0.001
0.02
-0.025
-0.096
-0.03
-0.019
-0.082
-0.074
-0.03
-0.015
0.037
0.014
-0.017
-0.058
-0.044
-0.002
0.038
-0.036
-0.09
0.009
-0.07
-0.036
-0.026
0.002
-0.013
0.021
-0.005
0.034
0.009
-0.047
-0.145
-0.021
0.011
-0.051
0.044
-0.049
-0.025
-0.053
-0.038
-0.048
-0.027
-0.007
0.017
-0.094
-0.013
-0.072
-0.013
-0.023
0.065
-0.085
-0.026
-0.047
-0.028
-0.048
-0.017
-0.082
-0.023
-0.04
-0.049
-0.014
-0.09
-0.026
0.033
-0.026
0.014
-0.027
-0.033
-0.004
-0.052
0.02
-0.076
-0.059
-0.019
-0.094
-0.029
-0.001
-0.034
-0.049
-0.038
0.002
-0.03
-0.042
0.012
0.075
0.007
-0.047
-0.028
-0.08
-0.003
-0.05
-0.092
-0.03
-0.056
-0.023
-0.087
-0.074
0.01
0.014
-0.003
-0.135
0.048
-0.005
-0.019
-0.037
-0.01
-0.052
0.06
0.025
-0.062
-0.014
0.047
-0.019
0.002
0.028
-0.039
-0.03
0.056
-0.029
0.046
-0.024
-0.024
-0.029
-0.032
-0.088
-0.042
-0.005
-0.067
-0.053
-0.053
-0.009
-0.036
-0.023
0.023
-0.081
-0.047
-0.05
-0.038
0.016
0.002
0.053
-0.075
0.027
-0.031
-0.101
-0.017
0.023
0.001
0.043
-0.049
-0.074
-0.031
-0.062
-0.027
0.012
-0.035
-0.095
0.038
-0.059
-0.009
-0.035
-0.029
0.03
-0.014
-0.046
0.075
0.044
-0.055
-0.071
-0.017
-0.078
-0.015
-0.059
-0.044
-0.056
-0.091
-0.051
-0.024
-0.069
-0.044
-0.043
0.005
0.002
-0.031
-0.045
0.065
-0.082
-0.07
-0.042
-0.018
-0.028
-0.084
-0.03
-0.068
-0.099
-0.088
-0.066
-0.122
-0.068
0.049
-0.031
-0.003
-0.085
-0.024
-0.035
0.019
-0.033
-0.022
-0.016
-0.041
0.003
-0.073
-0.041
-0.046
-0.063
0.002
-0.092
-0.04
-0.122
-0.205
-0.027
0.009
-0.069
-0.035
-0.039
0.057
-0.02
0.017
-0.043
-0.082
-0.007
0.025
-0.053
-0.005
-0.019
-0.046
-0.095
-0.01
-0.042
-0.069
-0.043
-0.098
-0.001
-0.022
-0.087
-0.056
-0.007
-0.031
-0.029
-0.023
-0.022
-0.074
-0.087
-0.024
-0.068
-0.102
-0.043
-0.06
-0.017
-0.05
-0.006
-0.098
0.015
-0.035
0.001
0.012
0.036
-0.106
-0.071
0.031
0.047
-0.027
0.023
-0.062
-0.102
0.002
0.039
-0.055
-0.025
-0.075
-0.027
-0.024
-0.033
-0.06
0.021
-0.108
-0.017
0.038
-0.027
0.024
-0.015
0.047
0.047
0.049
0.032
-0.004
-0.005
-0.064
0.089
-0.05
0.0
-0.038
-0.059
-0.09
0.01
-0.027
-0.038
-0.085
-0.037
-0.039
-0.023
-0.035
-0.009
-0.052
0.02
-0.04
-0.09
0.031
0.037
0.049
-0.024
-0.064
-0.084
-0.01
-0.036
0.024
-0.005
0.047
-0.039
-0.026
-0.023
0.03
-0.003
-0.006
0.023
-0.079
0.051
0.054
-0.009
-0.029
-0.022
-0.085
-0.004
-0.076
-0.044
0.031
-0.017
0.007
0.006
-0.064
-0.075
0.019
0.027
-0.066
0.032
-0.028
-0.022
-0.053
-0.088
0.003
0.008
-0.021
-0.037
-0.077
-0.024
-0.034
-0.021
-0.049
-0.06
0.016
0.017
0.015
-0.014
0.022
-0.048
-0.066
-0.039
-0.017
-0.039
0.031
-0.029
-0.056
-0.079
0.012
-0.027
0.04
-0.018
-0.054
-0.059
-0.048
-0.046
-0.043
-0.02
-0.01
-0.057
-0.011
-0.084
-0.065
0.034
-0.005
-0.007
-0.063
-0.031
-0.082
-0.016
-0.048
0.005
-0.072
0.01
-0.047
-0.063
-0.034
-0.096
-0.054
0.043
0.002
-0.109
-0.015
-0.029
0.004
-0.015
-0.025
-0.078
0.069
-0.08
-0.044
0.039
0.0
0.006
-0.046
0.027
-0.041
0.033
0.005
0.007
-0.097
-0.089
-0.071
0.012
-0.08
0.035
-0.039
-0.13
-0.061
-0.017
-0.003
0.047
-0.048
-0.001
-0.015
-0.053
-0.042
-0.02
-0.034
-0.065
-0.027
0.004
-0.002
-0.014
-0.032
-0.04
-0.066
-0.027
-0.063
-0.002
0.029
-0.034
-0.034
0.026
-0.071
-0.063
-0.064
-0.079
-0.019
-0.031
-0.01
-0.058
-0.028
0.033
-0.101
-0.097
-0.002
-0.019
-0.009
-0.048
0.007
0.005
-0.04
-0.042
-0.022
-0.081
-0.034
-0.031
-0.054
-0.035
-0.068
-0.026
-0.083
-0.062
-0.023
-0.062
-0.023
-0.012
-0.093
-0.016
-0.004
-0.046
0.002
-0.007
-0.015
-0.018
-0.045
0.01
-0.001
-0.054
-0.001
-0.011
-0.009
0.025
0.015
-0.063
-0.029
0.009
-0.018
0.01
-0.008
-0.051
-0.033
-0.085
-0.075
0.057
-0.012
-0.03
-0.033
-0.08
-0.007
0.069
-0.049
-0.062
-0.022
-0.072
-0.02
-0.034
0.008
0.004
-0.014
-0.04
-0.019
-0.03
0.004
0.042
0.036
0.006
0.022
-0.017
0.03
0.068
-0.062
0.019
0.01
-0.008
0.016
-0.033
0.015
-0.02
-0.006
0.037
-0.056
-0.02
-0.033
-0.025
-0.069
-0.047
-0.028
-0.002
0.015
-0.108
-0.02
0.026
-0.129
-0.041
0.022
0.058
-0.106
-0.023
0.032
-0.025
-0.014
-0.039
-0.111
-0.056
-0.092
-0.003
0.018
-0.007
-0.02
0.0
0.061
-0.067
-0.04
-0.118
-0.041
-0.059
0.023
-0.07
-0.015
0.01
-0.025
0.071
-0.024
-0.036
-0.112
0.015
0.023
-0.005
0.064
-0.093
-0.059
-0.074
-0.116
-0.021
-0.082
0.024
-0.089
-0.037
-0.018
0.017
-0.054
-0.05
-0.119
-0.038
-0.061
-0.014
-0.054
-0.098
-0.067
-0.069
-0.126
-0.049
0.03
0.029
-0.005
-0.031
-0.091
-0.084
-0.054
-0.085
-0.012
-0.018
-0.018
0.0
-0.034
-0.012
-0.007
-0.052
-0.063
0.019
-0.042
-0.04
-0.018
-0.059
-0.036
0.019
-0.063
-0.048
-0.011
-0.027
0.006
-0.027
-0.05
-0.054
-0.087
-0.061
0.052
-0.004
0.011
-0.06
0.048
0.019
-0.046
-0.018
-0.08
-0.022
0.01
0.023
-0.047
-0.131
-0.035
-0.056
-0.052
-0.046
-0.078
-0.036
-0.059
-0.069
0.006
-0.142
-0.026
-0.053
0.025
-0.046
-0.055
-0.027
0.025
-0.002
0.011
-0.021
-0.027
-0.026
-0.025
-0.039
-0.06
-0.036
-0.07
-0.109
0.018
-0.02
0.036
-0.061
-0.029
-0.053
-0.063
0.048
-0.058
-0.058
-0.04
-0.059
0.017
-0.072
-0.154
-0.118
-0.025
-0.065
-0.094
-0.04
-0.065
-0.048
-0.078
0.034
-0.031
-0.139
-0.013
0.002
-0.107
-0.015
-0.065
-0.043
-0.008
-0.013
-0.033
-0.104
-0.026
-0.069
-0.036
0.035
-0.089
-0.023
-0.011
-0.033
-0.048
-0.04
-0.038
0.012
-0.061
-0.077
-0.061
-0.051
-0.059
0.029
0.02
-0.102
-0.046
0.002
-0.051
-0.051
-0.072
0.09
-0.078
-0.109
-0.07
-0.05
0.011
-0.041
-0.053
-0.043
-0.065
0.039
-0.029
-0.055
0.038
-0.122
-0.011
0.011
-0.076
-0.067
0.035
0.084
-0.014
0.062
-0.031
-0.019
-0.046
0.041
0.032
-0.03
-0.007
-0.085
-0.001
-0.035
-0.033
0.022
-0.101
-0.02
0.019
-0.005
0.007
0.001
-0.019
-0.071
-0.017
-0.034
-0.011
-0.066
0.007
-0.007
-0.071
0.014
-0.015
-0.01
-0.009
-0.037
0.049
-0.081
-0.063
0.045
-0.095
-0.076
-0.023
-0.028
-0.072
0.002
0.011
0.005
-0.004
0.03
-0.028
0.008
-0.004
-0.033
-0.031
-0.022
-0.012
-0.043
0.014
0.044
-0.018
0.015
-0.06
0.049
0.035
-0.013
-0.065
0.028
0.016
-0.018
-0.057
-0.046
-0.055
-0.046
-0.004
-0.048
-0.064
-0.013
-0.028
-0.011
0.041
-0.098
-0.125
0.016
-0.012
0.008
-0.004
-0.005
-0.083
-0.034
0.021
-0.02
0.051
-0.046
-0.089
-0.012
-0.07
-0.029
-0.028
-0.052
-0.077
-0.049
-0.068
0.011
-0.113
0.032
-0.076
-0.036
-0.072
0.021
-0.046
0.031
-0.05
-0.065
-0.068
-0.001
-0.02
-0.031
-0.029
-0.056
0.06
0.003
-0.034
-0.053
-0.066
0.002
-0.025
-0.08
-0.075
-0.055
-0.001
-0.027
-0.04
-0.015
-0.062
-0.047
-0.013
-0.076
-0.009
-0.067
-0.07
-0.031
-0.07
-0.001
0.0
-0.086
-0.057
-0.085
-0.046
-0.055
-0.092
-0.08
0.004
-0.005
0.057
-0.031
-0.081
-0.052
-0.012
-0.041
0.024
-0.012
-0.051
0.043
0.026
0.014
-0.043
-0.065
-0.076
-0.01
-0.038
-0.126
0.011
-0.024
-0.04
-0.039
0.049
0.056
0.011
-0.05
0.003
-0.034
-0.076
0.028
-0.117
-0.053
-0.053
-0.038
0.022
-0.003
-0.042
-0.069
-0.028
0.038
-0.023
0.073
-0.039
-0.087
0.013
0.024
-0.039
-0.046
-0.076
-0.074
-0.019
0.007
-0.044
-0.034
0.01
0.076
0.016
0.004
0.018
-0.032
-0.054
0.02
-0.026
-0.051
-0.053
-0.017
-0.019
0.024
-0.026
-0.016
-0.07
0.074
-0.029
-0.099
-0.001
0.059
0.03
-0.09
-0.071
-0.016
-0.023
-0.039
-0.023
-0.057
-0.068
-0.059
0.021
-0.07
-0.023
-0.063
-0.031
0.05
-0.04
-0.041
-0.038
-0.029
0.014
0.025
-0.056
-0.021
-0.007
-0.091
-0.024
-0.096
0.021
-0.102
0.06
0.008
-0.069
0.052
-0.015
0.079
-0.001
0.011
-0.071
-0.06
-0.063
-0.031
-0.021
-0.025
-0.032
-0.043
-0.089
-0.019
-0.032
-0.004
-0.055
-0.043
-0.012
-0.018
-0.037
-0.05
-0.127
-0.015
-0.04
-0.059
-0.024
-0.082
-0.06
0.022
-0.012
0.02
0.032
-0.015
-0.007
-0.003
-0.016
-0.069
-0.036
-0.081
0.06
0.027
-0.011
-0.034
0.045
-0.046
0.044
0.025
-0.071
0.027
-0.051
-0.067
-0.04
-0.091
0.058
-0.094
-0.068
0.005
-0.064
-0.032
-0.07
-0.063
-0.024
-0.036
-0.077
-0.019
0.013
-0.023
0.052
-0.007
-0.06
-0.005
-0.078
-0.105
-0.036
0.066
0.01
-0.039
-0.016
-0.005
-0.084
-0.005
-0.077
-0.028
-0.063
-0.032
0.023
-0.051
0.024
0.003
-0.11
0.0
-0.031
-0.06
0.01
-0.069
-0.078
0.006
-0.058
0.039
-0.026
-0.002
-0.009
-0.077
0.03
-0.03
-0.107
0.018
-0.027
-0.029
-0.025
0.008
-0.034
-0.031
-0.041
-0.024
-0.034
-0.109
-0.068
-0.009
0.03
-0.001
-0.085
-0.039
-0.098
0.05
-0.069
-0.094
-0.015
-0.044
0.043
-0.025
-0.077
0.02
-0.043
-0.03
-0.006
0.011
-0.021
-0.081
-0.125
0.045
-0.03
-0.028
-0.021
-0.024
-0.01
-0.029
-0.033
-0.08
-0.041
-0.09
-0.052
0.035
0.016
-0.02
-0.023
0.01
-0.023
-0.07
0.076
-0.004
-0.023
-0.011
-0.108
-0.029
0.026
0.002
-0.035
-0.042
-0.074
-0.096
0.027
-0.001
-0.041
0.056
0.046
-0.008
-0.049
-0.058
0.032
-0.093
0.009
-0.056
0.031
-0.023
-0.007
-0.016
-0.018
-0.019
-0.015
0.001
-0.032
-0.028
-0.108
0.03
-0.006
-0.011
-0.086
-0.051
-0.028
0.028
0.039
-0.081
-0.093
-0.044
-0.038
-0.055
0.019
-0.052
0.012
-0.053
-0.036
-0.057
-0.099
-0.04
-0.073
-0.064
0.029
-0.035
-0.024
-0.017
0.001
-0.041
0.065
-0.033
0.012
-0.028
-0.027
-0.067
-0.048
0.04
-0.063
-0.094
-0.011
-0.011
-0.089
-0.05
-0.038
-0.054
-0.081
-0.051
0.048
0.07
0.025
0.027
0.001
-0.047
0.041
0.012
-0.047
-0.122
0.024
-0.026
0.0
-0.003
-0.064
-0.013
-0.018
0.001
-0.027
-0.057
0.006
-0.055
0.01
-0.018
0.021
-0.036
-0.041
-0.02
-0.116
-0.021
-0.065
0.053
0.014
-0.03
0.004
-0.068
-0.128
-0.02
0.014
-0.096
-0.088
-0.036
0.081
-0.042
-0.069
-0.017
-0.024
-0.053
-0.025
-0.1
-0.021
-0.008
-0.045
-0.022
-0.004
-0.103
-0.003
0.071
-0.021
-0.068
-0.052
-0.045
-0.037
-0.104
0.043
0.04
-0.106
0.012
-0.074
-0.048
-0.03
-0.025
0.029
-0.011
-0.097
0.009
-0.08
0.014
-0.127
-0.064
-0.08
-0.09
-0.079
-0.043
-0.047
-0.013
-0.046
-0.024
-0.034
-0.04
-0.031
-0.095
0.043
-0.02
0.0
0.022
-0.021
0.024
-0.086
-0.024
-0.047
-0.015
-0.005
-0.073
-0.055
-0.084
-0.041
0.066
0.062
0.068
-0.033
-0.058
-0.027
-0.058
-0.083
-0.074
-0.078
-0.005
-0.078
-0.109
0.004
0.046
-0.043
-0.019
-0.002
-0.054
-0.094
-0.132
0.022
-0.017
0.003
0.038
-0.044
0.019
0.005
0.045
0.019
0.006
-0.021
0.006
-0.028
0.018
-0.028
0.006
-0.004
-0.087
-0.073
-0.045
-0.057
-0.046
-0.095
-0.151
-0.056
0.013
0.019
0.077
0.005
0.023
-0.079
0.033
-0.021
0.031
-0.103
-0.024
-0.049
-0.062
0.004
-0.082
-0.04
-0.016
0.044
-0.045
-0.027
-0.064
-0.048
-0.043
-0.059
-0.092
-0.066
0.094
-0.026
-0.046
-0.02
-0.055
-0.08
-0.048
-0.133
-0.015
-0.023
-0.102
-0.068
-0.058
0.003
0.076
0.036
-0.01
0.018
-0.009
-0.032
-0.058
-0.043
0.03
-0.072
0.026
-0.009
-0.042
-0.038
-0.006
0.007
-0.038
0.046
0.046
-0.009
0.03
-0.104
-0.046
0.018
-0.04
-0.053
-0.037
-0.088
0.001
-0.06
-0.003
-0.064
-0.035
-0.003
-0.065
-0.082
-0.003
0.015
-0.032
-0.057
-0.042
-0.036
-0.005
0.001
-0.076
-0.013
0.032
0.049
-0.045
-0.008
0.002
-0.036
-0.018
-0.076
-0.002
-0.026
-0.028
-0.01
-0.059
-0.013
-0.039
-0.006
-0.043
-0.069
-0.02
0.008
-0.042
-0.016
-0.033
0.018
0.002
-0.029
0.009
-0.05
-0.063
-0.08
-0.079
0.006
0.016
0.038
0.032
-0.041
0.042
0.008
-0.09
-0.057
-0.085
-0.031
-0.128
-0.013
0.044
-0.103
-0.056
-0.084
0.002
-0.031
-0.072
-0.054
-0.057
-0.065
-0.012
-0.025
-0.01
-0.017
0.086
-0.043
-0.004
-0.006
0.005
0.038
-0.014
-0.025
-0.036
-0.038
0.016
0.018
-0.031
0.073
-0.082
-0.042
0.012
-0.022
0.043
-0.035
0.035
-0.012
-0.051
-0.046
-0.084
-0.005
-0.044
-0.073
0.028
0.018
0.0
-0.04
-0.02
0.019
-0.057
-0.017
-0.078
0.009
-0.143
0.007
-0.078
-0.069
-0.06
0.008
-0.017
-0.056
-0.021
0.013
-0.079
-0.017
-0.112
-0.047
-0.012
-0.032
-0.099
-0.029
-0.038
0.05
-0.111
-0.01
-0.035
-0.025
-0.104
0.024
-0.024
-0.013
-0.06
-0.007
-0.036
-0.084
-0.023
-0.034
-0.001
-0.05
-0.027
-0.125
-0.052
-0.03
-0.018
-0.078
-0.066
-0.051
0.066
-0.037
-0.081
-0.042
-0.007
-0.056
-0.019
0.065
-0.038
-0.081
-0.032
0.04
-0.024
-0.089
-0.107
-0.069
-0.045
-0.025
-0.015
0.004
0.022
0.007
-0.036
-0.063
0.002
0.015
-0.091
-0.016
0.02
-0.018
-0.035
-0.071
-0.052
-0.005
-0.031
-0.017
-0.045
-0.027
-0.006
-0.07
0.001
-0.021
-0.002
0.025
0.03
-0.018
-0.066
-0.012
-0.02
-0.095
-0.003
-0.053
0.004
0.093
-0.02
-0.004
0.027
-0.075
-0.073
-0.134
-0.049
-0.036
-0.096
0.012
-0.034
-0.018
-0.049
0.022
-0.054
0.021
-0.012
-0.024
-0.102
-0.025
0.015
-0.032
-0.077
-0.031
0.024
-0.063
-0.064
0.018
0.048
-0.086
-0.056
-0.016
-0.041
-0.042
0.039
-0.116
-0.141
-0.052
-0.036
0.026
0.036
-0.041
-0.036
-0.096
0.033
0.04
-0.028
-0.041
-0.077
-0.028
-0.072
0.009
-0.11
-0.076
0.005
-0.031
-0.042
-0.092
0.049
0.032
-0.03
-0.019
0.05
0.071
-0.019
0.033
-0.065
-0.073
-0.018
-0.044
0.023
-0.057
-0.044
-0.048
-0.115
-0.004
0.052
0.012
-0.026
-0.051
0.008
-0.007
-0.065
-0.039
-0.045
-0.11
-0.043
0.037
-0.05
-0.054
-0.007
-0.031
-0.071
-0.009
0.029
-0.031
-0.056
-0.054
-0.036
-0.042
-0.091
-0.003
0.002
0.04
-0.071
-0.02
0.104
0.01
0.005
-0.058
-0.087
-0.023
-0.01
0.018
0.023
-0.056
-0.033
0.032
0.001
0.005
-0.008
-0.065
0.039
-0.042
-0.011
-0.043
-0.081
-0.044
-0.035
-0.056
0.025
-0.014
-0.013
-0.013
-0.027
0.009
0.013
-0.045
-0.09
-0.051
0.009
-0.028
-0.139
0.069
0.047
0.026
-0.004
-0.07
-0.047
-0.013
0.01
0.025
-0.022
-0.072
-0.021
-0.014
-0.077
0.004
-0.089
-0.054
-0.013
-0.011
0.026
0.006
-0.058
-0.026
-0.066
-0.036
-0.062
-0.114
0.055
-0.041
-0.095
-0.065
-0.101
0.048
-0.004
-0.05
-0.063
-0.053
-0.056
-0.051
-0.084
-0.078
-0.008
-0.07
-0.01
-0.058
-0.007
-0.025
-0.112
-0.07
-0.052
-0.049
-0.102
-0.066
0.009
0.028
-0.013
-0.008
0.051
0.039
-0.026
-0.011
0.001
0.014
-0.05
0.058
-0.031
-0.039
-0.019
-0.044
-0.115
-0.016
-0.089
-0.003
-0.068
-0.034
-0.099
0.038
-0.084
-0.056
-0.055
0.007
-0.095
-0.063
-0.044
-0.031
-0.036
0.004
-0.067
-0.024
0.024
-0.081
-0.128
0.007
-0.051
-0.005
0.048
-0.075
-0.005
-0.058
0.046
-0.082
-0.035
-0.037
-0.004
0.021
-0.041
-0.065
-0.064
-0.068
-0.02
-0.082
-0.004
-0.028
0.009
0.043
-0.063
-0.034
-0.072
-0.05
-0.061
-0.054
-0.004
0.001
-0.02
-0.036
-0.058
-0.056
-0.041
-0.04
-0.003
0.047
-0.021
-0.047
-0.028
0.008
-0.06
0.06
0.007
-0.053
-0.049
-0.018
-0.032
-0.035
-0.053
-0.032
-0.012
0.004
0.05
-0.082
-0.072
0.004
-0.039
0.024
-0.085
0.001
-0.029
-0.059
0.001
-0.016
-0.086
-0.037
-0.005
-0.012
-0.051
0.007
-0.054
-0.043
-0.035
-0.011
-0.099
0.004
-0.052
-0.039
-0.018
0.034
-0.035
-0.049
-0.012
-0.055
0.008
-0.067
-0.039
-0.021
-0.039
-0.07
-0.061
-0.057
-0.07
-0.031
0.058
-0.034
-0.023
-0.063
-0.027
-0.003
-0.005
0.018
-0.064
-0.071
-0.073
-0.058
-0.039
-0.027
-0.021
0.0
-0.001
0.021
-0.005
-0.039
-0.106
-0.056
-0.06
0.031
-0.099
-0.045
-0.04
-0.032
-0.071
0.02
-0.076
-0.043
-0.003
-0.031
0.033
0.007
0.008
0.054
-0.022
-0.005
-0.143
0.065
0.013
0.012
-0.063
-0.036
-0.023
-0.05
-0.027
-0.017
-0.043
0.058
-0.01
-0.001
-0.031
-0.006
-0.017
-0.072
-0.043
-0.082
-0.049
-0.046
0.059
-0.021
-0.05
0.03
-0.056
-0.102
-0.06
0.004
-0.067
-0.02
0.015
-0.088
0.037
0.008
-0.065
-0.018
-0.052
-0.024
0.005
0.046
-0.082
0.043
0.025
-0.08
-0.027
0.012
-0.002
-0.051
-0.044
-0.035
-0.046
-0.035
-0.036
-0.022
-0.005
0.014
-0.128
-0.028
-0.031
0.003
-0.037
-0.089
-0.068
0.029
-0.048
-0.003
0.068
0.015
-0.036
-0.104
-0.018
0.005
0.012
0.016
0.031
0.035
0.006
-0.054
-0.072
-0.111
0.029
0.059
0.014
-0.037
-0.126
-0.061
-0.07
0.021
0.001
-0.02
0.001
-0.089
-0.021
-0.062
-0.083
0.038
-0.091
-0.001
-0.027
0.034
-0.039
-0.011
-0.037
-0.055
-0.081
-0.1
0.039
-0.035
-0.04
0.022
-0.005
-0.067
-0.014
-0.048
-0.062
-0.021
0.038
-0.059
-0.014
-0.063
-0.038
-0.054
-0.051
0.021
0.053
0.008
0.056
0.034
-0.064
-0.026
-0.021
-0.023
-0.033
-0.129
0.058
0.053
0.003
-0.019
-0.035
-0.018
-0.048
-0.055
-0.053
0.035
-0.136
-0.043
-0.035
-0.031
0.006
-0.036
-0.017
-0.014
0.004
-0.003
-0.061
-0.041
-0.082
-0.038
-0.022
0.044
0.013
-0.071
-0.002
0.037
-0.017
-0.002
-0.05
-0.033
0.008
-0.068
-0.02
-0.058
-0.051
-0.027
-0.078
-0.109
-0.054
0.01
0.029
-0.011
-0.016
-0.141
-0.075
0.001
0.064
-0.083
-0.082
-0.039
-0.019
-0.026
0.005
-0.059
0.086
0.001
-0.076
-0.035
-0.092
0.009
0.068
-0.011
-0.012
-0.037
0.006
-0.006
-0.003
-0.051
0.035
-0.086
-0.038
-0.092
-0.034
-0.051
0.011
-0.024
-0.027
-0.011
-0.041
-0.12
-0.024
-0.029
-0.073
-0.021
0.034
-0.01
0.032
-0.004
-0.052
0.002
-0.065
-0.038
0.008
-0.042
-0.015
-0.006
-0.066
0.025
0.023
-0.018
0.018
-0.024
-0.055
0.011
-0.022
0.022
-0.049
-0.103
0.023
-0.033
-0.061
-0.056
-0.021
-0.06
-0.087
0.005
-0.101
-0.041
-0.037
-0.035
-0.018
-0.002
-0.078
-0.014
-0.043
0.011
0.058
0.006
-0.013
-0.013
0.026
-0.021
-0.067
-0.065
-0.073
-0.02
-0.103
-0.018
-0.091
-0.094
-0.031
-0.074
-0.047
-0.052
-0.048
0.05
0.098
-0.079
-0.05
-0.02
0.031
-0.064
-0.028
-0.004
-0.034
-0.024
-0.043
-0.046
-0.008
-0.022
-0.115
-0.039
0.031
-0.051
-0.065
-0.021
-0.004
-0.036
-0.117
-0.015
-0.126
-0.032
-0.031
-0.07
0.033
0.004
-0.04
-0.082
0.024
-0.035
-0.01
-0.08
0.042
-0.071
-0.031
-0.092
-0.05
-0.046
0.022
-0.023
-0.064
0.01
0.007
0.007
0.051
0.024
-0.094
-0.025
-0.046
0.017
0.053
-0.022
-0.05
-0.043
-0.003
-0.03
-0.091
-0.06
0.033
-0.097
0.075
-0.045
0.002
-0.04
-0.097
0.007
0.045
-0.024
0.004
-0.014
0.0
0.044
-0.08
0.034
-0.038
0.024
0.001
0.018
0.02
-0.046
-0.023
0.032
-0.032
-0.055
0.003
-0.073
-0.032
-0.036
-0.011
-0.115
-0.033
-0.003
-0.025
-0.009
-0.097
0.018
-0.09
-0.088
-0.002
-0.022
-0.044
-0.066
-0.025
-0.051
-0.084
-0.024
-0.058
-0.083
-0.025
-0.042
0.028
0.017
-0.014
-0.061
-0.066
-0.076
-0.033
-0.051
-0.056
-0.04
-0.075
0.038
0.037
0.069
-0.022
-0.093
-0.024
-0.008
-0.135
-0.082
-0.068
-0.084
-0.041
0.078
-0.029
0.003
-0.028
0.025
-0.043
-0.091
-0.015
0.004
0.007
-0.013
-0.04
0.006
-0.056
-0.094
-0.002
-0.036
-0.029
0.016
0.016
-0.04
0.025
-0.012
-0.024
-0.049
0.012
-0.032
0.018
-0.049
-0.019
-0.015
-0.098
0.005
0.013
-0.043
0.023
-0.047
-0.007
-0.043
0.013
-0.045
-0.013
-0.062
0.012
0.077
0.008
-0.023
-0.089
-0.059
0.09
-0.06
-0.01
-0.035
0.007
0.015
-0.084
-0.062
-0.07
0.011
0.011
0.027
-0.003
0.014
-0.053
-0.14
-0.046
0.078
-0.007
-0.009
-0.013
-0.008
0.05
0.039
-0.073
-0.009
-0.053
-0.089
-0.027
-0.07
-0.04
-0.012
0.021
0.009
-0.055
-0.042
-0.025
-0.09
-0.012
0.06
-0.025
-0.022
0.016
-0.031
0.048
-0.021
-0.099
0.016
-0.02
0.103
-0.043
-0.021
-0.019
-0.036
0.004
-0.063
-0.028
-0.028
-0.003
-0.086
-0.007
-0.086
-0.046
-0.089
0.033
-0.059
-0.039
-0.004
-0.02
-0.091
-0.085
-0.014
-0.033
-0.02
-0.001
-0.08
-0.018
0.005
-0.021
-0.035
-0.017
-0.048
-0.102
0.019
-0.037
-0.068
-0.091
0.049
-0.058
-0.069
-0.043
-0.08
0.01
-0.036
-0.023
-0.049
-0.059
-0.114
0.045
0.005
-0.052
-0.118
0.065
-0.031
-0.08
-0.044
0.003
0.019
-0.012
-0.024
0.031
-0.035
-0.054
-0.032
-0.023
0.031
0.007
0.034
-0.069
-0.007
-0.035
0.041
-0.025
-0.004
-0.019
-0.02
-0.008
-0.082
-0.037
0.003
-0.015
0.013
-0.073
-0.133
-0.004
-0.006
0.031
-0.054
-0.029
-0.005
-0.078
-0.152
-0.034
-0.089
-0.018
0.02
-0.077
-0.004
-0.012
0.024
-0.069
-0.046
0.077
-0.052
-0.024
-0.072
-0.015
-0.069
-0.04
0.01
0.046
-0.025
-0.057
0.039
-0.022
-0.005
-0.083
-0.015
0.067
-0.048
-0.049
-0.002
-0.035
-0.051
0.014
-0.047
-0.074
0.01
-0.018
-0.087
-0.064
0.042
-0.095
-0.006
0.01
0.031
-0.002
0.056
-0.08
0.031
-0.161
-0.03
-0.077
-0.016
-0.042
-0.03
-0.051
-0.023
-0.013
0.017
-0.057
0.024
-0.062
0.003
0.048
-0.006
0.005
-0.079
-0.056
-0.048
-0.046
-0.07
-0.016
0.007
-0.008
-0.033
-0.027
0.004
-0.012
-0.005
-0.045
-0.112
-0.124
-0.119
-0.044
-0.017
0.092
-0.028
-0.033
-0.072
-0.01
-0.041
-0.091
-0.041
-0.059
-0.035
-0.029
-0.078
0.005
-0.012
0.018
0.046
0.048
-0.048
-0.056
-0.029
-0.038
-0.106
0.018
0.035
-0.108
-0.065
0.007
-0.019
-0.082
0.004
-0.049
-0.081
0.064
-0.094
-0.066
-0.016
-0.047
0.026
0.015
-0.004
0.022
-0.02
-0.158
-0.102
0.024
-0.088
-0.068
-0.049
-0.066
-0.038
-0.044
-0.064
-0.01
-0.08
-0.051
-0.073
-0.046
0.009
0.018
-0.042
-0.113
-0.027
-0.029
-0.009
0.001
-0.088
-0.002
-0.051
-0.039
0.007
0.03
-0.081
-0.111
-0.036
-0.037
-0.054
0.045
-0.09
-0.045
0.065
-0.067
0.041
-0.041
-0.118
0.023
-0.009
-0.063
-0.041
-0.071
-0.055
-0.025
-0.021
-0.031
-0.04
-0.061
-0.028
-0.025
-0.049
-0.055
-0.032
-0.11
-0.026
0.002
-0.05
-0.009
-0.024
-0.015
-0.054
0.023
-0.066
-0.089
-0.033
-0.024
-0.04
0.035
0.018
-0.011
-0.044
-0.03
-0.041
-0.099
-0.032
0.008
-0.001
-0.084
0.026
-0.007
-0.079
-0.049
0.02
-0.032
-0.056
-0.124
-0.06
-0.079
-0.054
-0.046
-0.071
-0.006
0.024
0.034
-0.073
-0.051
-0.029
-0.088
-0.004
-0.07
0.011
0.059
-0.055
-0.05
0.002
0.001
-0.011
-0.088
-0.063
-0.051
-0.037
-0.028
-0.039
0.105
-0.039
0.088
-0.051
-0.12
-0.028
-0.102
-0.083
-0.05
-0.126
0.014
-0.124
-0.057
0.046
-0.017
-0.039
-0.085
0.02
-0.046
-0.019
-0.038
-0.019
-0.034
-0.097
-0.008
-0.046
-0.021
-0.052
-0.043
-0.079
-0.115
-0.035
-0.023
-0.038
-0.034
-0.025
-0.05
-0.049
-0.113
-0.007
-0.05
-0.066
-0.001
-0.132
-0.065
-0.039
-0.011
0.02
-0.035
-0.025
-0.012
-0.074
0.018
-0.024
-0.016
0.02
0.007
0.009
-0.103
-0.05
-0.102
0.007
-0.02
-0.003
-0.009
-0.075
0.016
-0.055
0.014
-0.068
0.015
-0.061
-0.02

