-0.047
-0.061
-0.069
-0.221
0.021
-0.025
-0.084
-0.123
-0.127
-0.129
-0.046
0.015
0.042
0.034
0.0
0.048
-0.088
-0.068
-0.071
-0.088
-0.039
-0.096
-0.005
-0.064
0.004
-0.053
-0.051
-0.068
-0.018
-0.081
-0.097
-0.073
-0.02
-0.009
-0.086
0.002
-0.138
-0.099
-0.04
-0.086
0.079
-0.023
-0.007
-0.016
0.01
-0.09
-0.153
0.031
-0.075
0.066
-0.027
-0.129
-0.138
-0.123
0.031
-0.037
-0.056
-0.077
-0.048
-0.107
-0.126
-0.071
-0.055
0.022
-0.07
0.0
-0.095
-0.091
-0.104
-0.052
-0.085
-0.015
-0.043
-0.088
-0.097
0.004
-0.075
-0.028
-0.073
-0.072
0.003
-0.032
-0.005
0.047
-0.022
-0.052
-0.042
-0.143
-0.086
-0.072
0.046
-0.118
-0.052
-0.043
0.001
0.04
-0.051
-0.05
-0.044
-0.118
-0.035
-0.019
-0.106
-0.016
-0.119
-0.093
-0.027
-0.178
-0.039
-0.069
-0.098
0.02
-0.03
0.024
-0.083
-0.011
-0.096
-0.025
-0.003
-0.152
-0.065
-0.099
-0.198
-0.171
-0.071
-0.094
-0.027
0.023
-0.073
0.039
-0.13
-0.05
-0.06
-0.032
-0.117
-0.142
-0.021
-0.075
-0.002
-0.075
-0.039
-0.134
-0.074
-0.099
-0.01
-0.002
-0.115
-0.093
-0.029
-0.051
-0.119
-0.14
-0.113
-0.064
-0.035
-0.086
0.01
-0.045
-0.029
-0.042
-0.043
-0.009
0.002
-0.095
-0.089
-0.088
0.01
-0.07
0.012
-0.079
-0.05
0.018
0.072
-0.026
-0.067
-0.015
-0.12
-0.109
-0.149
0.018
-0.175
0.056
0.043
0.001
-0.122
-0.036
-0.129
-0.076
-0.081
-0.073
-0.095
-0.083
-0.074
0.075
-0.112
-0.048
-0.096
-0.084
-0.078
-0.059
-0.031
0.018
0.049
-0.162
-0.081
-0.047
-0.124
0.054
-0.036
-0.004
-0.153
-0.119
-0.013
-0.075
-0.047
-0.014
0.05
-0.089
-0.043
-0.033
-0.064
-0.042
-0.075
-0.016
-0.059
0.016
0.034
-0.075
-0.106
-0.025
-0.037
0.018
-0.093
-0.026
-0.051
-0.112
-0.053
-0.19
0.003
-0.088
-0.067
0.025
-0.09
-0.05
0.031
-0.12
0.034
-0.127
-0.081
-0.053
-0.063
-0.027
-0.035
-0.06
-0.138
-0.126
-0.105
-0.015
-0.152
-0.071
-0.046
-0.063
0.0
-0.057
-0.082
-0.061
-0.04
-0.125
0.017
-0.03
-0.114
-0.002
-0.025
-0.106
-0.068
-0.069
-0.054
-0.1
-0.157
-0.046
-0.024
-0.029
-0.007
-0.098
-0.029
-0.055
-0.1
-0.016
-0.012
-0.088
-0.041
-0.027
-0.051
-0.018
-0.141
-0.043
-0.077
-0.163
-0.084
-0.06
-0.04
-0.047
0.025
-0.033
0.017
-0.045
-0.093
-0.01
-0.118
-0.089
-0.121
-0.199
-0.049
0.01
-0.025
0.005
-0.078
-0.097
-0.112
-0.083
-0.059
-0.068
-0.033
-0.023
-0.109
0.009
-0.098
-0.068
-0.085
-0.067
-0.07
-0.026
-0.108
-0.008
-0.101
-0.064
-0.069
0.016
-0.072
-0.11
0.013
-0.113
-0.17
0.002
0.011
-0.046
0.004
-0.01
-0.042
0.035
-0.047
-0.047
-0.198
-0.11
-0.053
-0.065
-0.065
-0.049
-0.073
0.053
-0.044
-0.08
-0.044
-0.086
-0.08
-0.059
0.016
-0.128
-0.125
-0.031
-0.076
-0.033
-0.056
-0.044
-0.034
-0.016
-0.016
-0.081
0.028
-0.098
0.021
-0.192
-0.005
-0.109
-0.119
0.076
-0.121
-0.143
-0.065
-0.084
-0.092
-0.093
-0.037
-0.101
-0.026
-0.012
-0.161
-0.012
-0.07
-0.05
-0.02
-0.033
-0.074
-0.092
-0.12
-0.102
-0.066
-0.037
-0.127
-0.026
-0.094
-0.117
-0.044
-0.056
-0.049
-0.106
-0.095
-0.007
-0.03
-0.076
-0.092
-0.001
-0.197
-0.004
-0.088
-0.051
-0.062
-0.039
-0.027
-0.048
-0.006
0.014
-0.17
-0.076
0.019
-0.014
0.013
-0.07
-0.036
-0.093
-0.079
-0.122
-0.138
-0.093
-0.037
-0.085
-0.028
-0.106
-0.022
-0.054
-0.12
-0.12
-0.058
-0.065
-0.046
-0.006
-0.075
-0.137
-0.061
-0.07
-0.026
-0.158
-0.043
-0.035
-0.007
-0.075
-0.07
-0.108
-0.027
-0.087
-0.168
-0.12
-0.059
-0.092
-0.033
-0.123
-0.074
-0.015
-0.026
-0.04
-0.087
-0.051
-0.119
-0.025
-0.113
-0.012
-0.086
-0.068
-0.025
-0.027
-0.147
0.002
-0.129
-0.011
-0.079
-0.129
-0.022
-0.076
-0.017
-0.045
-0.049
-0.065
-0.05
0.019
-0.038
-0.107
-0.094
-0.051
-0.102
-0.015
-0.029
0.008
-0.1
-0.062
-0.14
-0.124
-0.054
-0.06
-0.107
-0.08
-0.108
-0.11
0.025
-0.062
0.078
-0.015
-0.057
-0.046
0.012
-0.06
0.003
-0.055
-0.071
-0.062
-0.161
0.022
-0.01
-0.046
-0.058
-0.069
-0.035
0.003
-0.042
-0.033
-0.091
-0.037
-0.088
-0.014
-0.138
-0.065
-0.128
-0.023
-0.047
-0.068
-0.136
-0.028
-0.068
-0.127
-0.079
-0.092
-0.036
-0.046
-0.116
-0.075
-0.024
-0.117
0.032
-0.004
-0.029
-0.065
-0.072
-0.023
-0.038
-0.069
-0.01
-0.021
-0.104
-0.026
-0.03
-0.033
-0.028
0.055
-0.049
-0.013
-0.109
-0.087
-0.079
-0.077
-0.067
-0.116
-0.128
-0.158
-0.06
0.041
-0.09
-0.079
-0.12
0.003
-0.057
-0.011
-0.162
-0.055
0.077
0.037
-0.007
-0.055
-0.116
-0.023
-0.03
-0.041
-0.08
-0.053
-0.039
-0.051
-0.124
0.01
-0.076
-0.026
-0.104
-0.119
-0.013
-0.129
0.045
-0.044
-0.04
-0.172
0.008
-0.134
-0.069
-0.151
-0.106
-0.085
-0.046
-0.079
-0.081
-0.047
-0.058
-0.133
-0.105
0.018
0.085
-0.066
-0.056
-0.088
-0.105
0.0
-0.116
-0.071
-0.045
-0.058
-0.052
-0.061
-0.061
-0.015
0.024
-0.101
0.006
-0.146
-0.073
-0.055
-0.132
-0.07
-0.096
-0.182
-0.001
-0.025
-0.112
0.075
-0.071
-0.099
-0.094
-0.036
-0.102
-0.115
-0.137
-0.03
-0.101
-0.021
-0.113
-0.014
-0.124
0.033
-0.115
-0.051
-0.02
0.026
-0.202
-0.101
-0.073
-0.084
-0.127
-0.096
-0.091
-0.05
-0.095
-0.037
-0.052
-0.102
-0.068
-0.075
-0.001
-0.093
-0.12
-0.121
-0.039
0.015
-0.105
-0.069
-0.041
-0.092
-0.062
-0.032
-0.051
-0.047
-0.033
-0.046
-0.107
-0.017
-0.113
-0.144
0.001
-0.072
-0.063
-0.002
-0.036
-0.063
-0.095
-0.122
-0.125
-0.077
0.063
-0.095
-0.094
0.023
0.006
-0.005
-0.042
-0.062
-0.051
-0.146
-0.088
-0.1
-0.08
-0.041
-0.003
-0.015
-0.138
-0.111
-0.015
-0.025
-0.034
-0.125
-0.072
0.028
-0.044
-0.115
-0.102
-0.112
0.018
-0.063
-0.064
-0.049
-0.111
-0.061
-0.074
0.021
-0.008
-0.128
-0.085
-0.088
-0.047
-0.003
-0.075
0.017
-0.034
-0.079
0.013
-0.075
-0.068
0.022
-0.042
-0.058
-0.041
-0.085
-0.029
-0.119
-0.068
0.033
-0.041
-0.005
-0.062
-0.05
-0.016
-0.101
-0.084
0.028
-0.042
-0.009
-0.104
-0.077
0.064
-0.018
-0.064
-0.094
-0.083
-0.058
-0.063
-0.016
-0.04
-0.025
-0.132
-0.081
-0.103
-0.011
0.022
-0.057
-0.02
-0.152
-0.123
-0.106
-0.019
-0.02
-0.098
-0.165
-0.053
-0.08
-0.102
-0.048
-0.112
-0.038
-0.01
-0.151
-0.146
-0.101
-0.156
-0.127
-0.024
0.051
-0.08
0.004
-0.027
-0.029
-0.083
-0.051
-0.006
-0.092
-0.053
-0.078
-0.076
-0.005
-0.008
-0.004
-0.051
-0.129
0.018
-0.18
-0.121
-0.112
-0.128
-0.03
-0.01
-0.076
-0.087
-0.068
-0.035
-0.074
-0.002
-0.113
-0.029
-0.071
-0.107
-0.07
-0.101
-0.062
-0.008
-0.062
-0.156
-0.094
-0.045
-0.028
0.003
-0.081
-0.04
0.001
-0.101
0.035
-0.074
-0.075
-0.097
0.033
0.002
-0.097
-0.096
-0.076
-0.015
-0.075
-0.008
-0.11
-0.034
0.021
-0.102
-0.105
-0.121
-0.032
-0.095
-0.088
-0.079
-0.046
0.006
-0.011
-0.048
0.088
-0.088
-0.024
-0.023
-0.082
-0.063
-0.113
-0.02
-0.077
-0.074
-0.138
-0.084
-0.047
-0.117
-0.094
-0.054
-0.124
0.017
0.025
-0.05
-0.082
-0.155
-0.084
-0.009
-0.056
-0.056
-0.084
-0.153
-0.014
-0.051
0.01
-0.055
0.057
-0.066
-0.088
-0.076
-0.075
-0.017
-0.121
-0.057
0.0
-0.012
-0.084
0.011
-0.025
-0.089
-0.145
-0.048
-0.087
-0.096
-0.05
-0.074
-0.045
-0.011
-0.037
-0.038
-0.068
0.021
-0.002
0.02
0.042
-0.05
-0.052
0.005
-0.117
-0.041
-0.01
-0.064
-0.086
-0.137
-0.073
-0.014
-0.129
-0.031
-0.035
0.008
-0.103
-0.076
-0.01
-0.019
0.011
-0.101
-0.066
-0.029
-0.165
-0.054
-0.087
-0.031
-0.059
-0.068
-0.075
-0.082
-0.077
-0.022
-0.029
-0.063
-0.12
-0.016
-0.071
-0.139
-0.047
-0.074
-0.068
-0.041
-0.112
-0.045
0.027
-0.007
-0.012
-0.01
-0.039
-0.079
-0.084
-0.142
-0.099
-0.135
0.021
-0.096
-0.104
-0.106
-0.095
-0.057
-0.1
-0.123
-0.001
-0.04
-0.117
-0.076
-0.079
-0.004
-0.08
-0.043
-0.106
-0.058
-0.033
-0.049
-0.04
-0.038
-0.107
0.05
-0.057
0.018
-0.067
-0.049
-0.013
0.0
-0.058
-0.158
-0.074
-0.133
-0.001
-0.062
-0.137
-0.129
-0.118
-0.025
0.002
-0.15
-0.076
-0.103
-0.099
-0.067
-0.052
-0.126
-0.071
-0.048
-0.036
-0.11
-0.024
-0.139
0.01
-0.019
-0.021
-0.059
-0.066
-0.089
-0.086
-0.049
-0.05
-0.048
-0.06
-0.063
-0.124
-0.029
-0.014
-0.083
-0.073
-0.094
-0.042
-0.039
-0.097
-0.012
-0.049
-0.085
0.003
-0.045
0.026
-0.101
-0.188
-0.075
-0.007
-0.033
-0.03
-0.068
0.06
-0.001
-0.095
-0.015
0.013
-0.089
-0.15
0.032
-0.067
-0.036
-0.055
-0.003
-0.158
-0.038
-0.085
0.0
-0.109
-0.07
-0.062
0.006
-0.009
-0.033
-0.053
-0.059
-0.004
-0.112
-0.089
-0.027
-0.041
-0.044
-0.007
-0.089
0.005
-0.138
-0.026
-0.036
-0.029
-0.014
-0.063
0.0
-0.119
-0.052
-0.158
-0.068
0.038
-0.017
-0.004
-0.023
0.01
-0.047
-0.07
-0.112
0.021
-0.022
-0.042
-0.008
-0.218
-0.039
-0.036
-0.046
-0.047
-0.147
0.027
-0.005
-0.098
-0.06
-0.062
-0.093
-0.115
-0.119
-0.169
-0.117
-0.158
-0.035
-0.08
-0.127
-0.026
-0.052
-0.038
-0.092
-0.186
-0.032
-0.043
-0.116
-0.088
0.018
-0.032
-0.162
-0.009
-0.108
-0.03
-0.002
-0.082
-0.073
-0.001
-0.14
0.02
-0.037
-0.037
-0.035
-0.111
-0.062
0.021
-0.086
-0.005
-0.026
-0.04
-0.108
-0.007
-0.035
-0.056
0.028
0.054
0.036
-0.081
-0.076
-0.114
-0.117
-0.133
-0.09
0.0
-0.092
-0.004
-0.204
-0.077
-0.053
-0.047
-0.086
-0.032
-0.084
-0.02
-0.051
-0.117
-0.028
-0.04
0.017
-0.088
-0.023
-0.145
-0.101
0.004
-0.07
-0.06
0.054
-0.2
-0.062
-0.059
-0.092
-0.036
-0.103
-0.097
-0.143
0.041
-0.104
-0.059
0.032
-0.116
-0.106
-0.082
-0.03
-0.093
-0.065
-0.075
-0.016
-0.017
0.016
-0.054
-0.047
-0.139
-0.097
-0.006
0.024
-0.081
-0.008
0.005
-0.034
-0.05
-0.062
-0.116
-0.079
-0.124
-0.129
-0.045
-0.136
-0.019
-0.057
-0.097
-0.024
-0.191
-0.012
-0.084
-0.073
-0.032
-0.065
-0.118
0.006
-0.121
-0.012
-0.021
-0.039
-0.153
-0.085
0.04
-0.019
-0.019
-0.029
-0.009
-0.101
-0.032
-0.005
0.004
-0.123
-0.041
-0.059
-0.042
0.08
-0.131
-0.108
-0.099
-0.042
0.011
-0.048
-0.116
-0.114
-0.001
-0.137
-0.041
-0.153
-0.077
0.029
-0.019
-0.123
-0.188
-0.048
-0.11
-0.043
-0.193
-0.141
-0.094
-0.038
-0.017
-0.057
-0.081
0.009
-0.019
-0.003
-0.006
-0.028
-0.022
-0.048
-0.028
-0.087
-0.035
-0.073
-0.117
-0.05
-0.059
-0.059
-0.12
0.043
-0.016
-0.037
-0.086
-0.084
-0.063
-0.11
-0.031
0.052
-0.074
-0.113
-0.054
-0.089
-0.041
-0.061
-0.013
-0.016
-0.008
-0.13
-0.022
-0.02
-0.037
-0.06
-0.144
-0.038
-0.109
0.0
-0.056
0.055
-0.084
-0.01
-0.04
-0.078
-0.061
-0.028
-0.072
-0.004
0.007
-0.031
0.019
-0.046
-0.04
-0.071
-0.05
-0.021
-0.02
0.006
-0.039
-0.087
-0.048
0.038
-0.057
0.002
0.033
-0.114
-0.088
0.057
-0.061
-0.113
-0.168
-0.016
-0.043
-0.123
-0.095
-0.086
0.01
-0.01
-0.024
-0.109
-0.068
-0.137
-0.049
0.026
-0.032
0.004
-0.029
-0.224
-0.016
-0.133
-0.118
-0.013
-0.046
0.012
-0.053
-0.11
-0.01
-0.003
-0.03
-0.124
-0.086
-0.056
-0.025
-0.017
-0.049
-0.042
-0.069
-0.109
0.018
-0.136
-0.055
-0.131
-0.118
-0.033
-0.05
-0.085
-0.024
-0.113
-0.016
-0.052
-0.07
-0.119
0.001
0.068
-0.12
-0.073
-0.122
-0.069
0.089
-0.047
-0.112
-0.125
-0.123
-0.043
-0.04
-0.051
-0.099
-0.084
-0.012
-0.016
0.002
-0.03
-0.04
0.022
0.026
-0.067
-0.079
-0.116
-0.04
-0.122
-0.156
-0.091
-0.057
-0.052
0.027
-0.018
-0.124
0.003
-0.056
-0.121
-0.139
0.028
-0.041
-0.127
-0.063
-0.062
-0.071
-0.078
-0.085
-0.076
-0.056
-0.114
-0.043
-0.059
-0.047
-0.065
-0.103
-0.02
-0.113
-0.069
-0.167
-0.094
-0.091
-0.009
0.028
-0.034
-0.042
0.036
-0.072
-0.108
-0.095
-0.071
-0.018
-0.149
-0.083
-0.095
-0.041
-0.095
-0.018
0.021
0.002
0.001
-0.118
-0.049
-0.053
-0.067
0.014
-0.085
-0.076
-0.096
-0.035
-0.088
0.001
0.008
-0.066
-0.104
-0.119
-0.079
-0.113
-0.024
-0.008
0.005
0.05
-0.063
-0.094
-0.059
-0.134
0.026
-0.106
-0.018
0.007
-0.109
-0.108
-0.036
-0.026
-0.161
-0.02
-0.071
-0.115
0.007
-0.017
-0.121
-0.04
0.075
-0.055
0.042
-0.116
-0.042
-0.037
-0.104
0.017
-0.046
-0.126
0.055
-0.007
-0.037
-0.128
-0.069
-0.093
-0.127
-0.012
-0.027
-0.044
0.021
-0.003
0.025
-0.057
-0.13
0.031
-0.142
-0.031
0.03
-0.063
0.006
-0.069
0.034
-0.132
-0.036
-0.094
0.043
-0.072
-0.079
-0.007
-0.117
0.025
-0.008
-0.044
-0.061
-0.051
-0.177
-0.073
-0.027
-0.021
-0.089
-0.113
-0.053
-0.08
-0.121
-0.029
-0.094
-0.015
-0.052
-0.083
-0.052
-0.08
-0.004
-0.036
-0.166
-0.104
-0.124
-0.073
-0.009
-0.077
-0.132
-0.008
0.051
0.016
-0.006
0.005
-0.044
-0.07
-0.075
-0.004
-0.03
-0.176
0.014
-0.069
-0.143
-0.05
0.007
-0.132
-0.11
-0.105
-0.081
-0.113
-0.032
-0.155
-0.091
-0.037
-0.113
-0.014
-0.035
-0.099
-0.012
-0.012
-0.046
-0.052
-0.105
-0.164
-0.145
-0.066
0.01
-0.025
-0.073
-0.033
-0.032
-0.06
-0.03
-0.071
0.012
-0.096
-0.16
-0.053
-0.044
-0.058
-0.133
0.052
-0.124
-0.08
-0.012
-0.111
0.009
-0.014
0.034
-0.088
0.039
-0.016
-0.051
0.001
-0.14
-0.029
-0.04
-0.011
-0.131
-0.135
0.001
-0.04
-0.099
-0.058
0.054
-0.138
-0.135
-0.058
0.0
-0.116
-0.002
0.029
0.052
-0.037
-0.032
-0.076
0.024
-0.045
-0.024
-0.12
-0.136
-0.118
-0.097
-0.108
-0.02
-0.044
-0.072
-0.072
-0.086
-0.12
-0.102
-0.047
-0.039
-0.079
-0.086
-0.025
-0.02
-0.084
-0.003
-0.019
-0.038
-0.088
0.009
-0.102
-0.005
-0.136
-0.006
-0.082
-0.075
-0.144
-0.052
-0.149
0.056
-0.086
0.055
-0.002
-0.03
-0.041
-0.032
-0.105
-0.116
-0.136
-0.019
-0.09
0.047
-0.038
-0.011
-0.136
-0.037
-0.133
-0.031
-0.05
-0.086
-0.067
0.018
-0.065
0.021
-0.105
-0.086
-0.067
0.025
-0.015
0.03
-0.065
-0.053
-0.107
0.021
-0.024
-0.078
-0.033
-0.051
-0.038
-0.048
-0.004
-0.059
-0.123
-0.098
-0.124
-0.099
-0.088
-0.12
-0.014
-0.097
-0.072
-0.032
-0.081
0.009
-0.054
-0.076
-0.025
-0.042
-0.097
-0.059
-0.11
0.011
-0.05
-0.166
-0.017
-0.101
-0.009
-0.114
-0.07
0.038
-0.116
-0.015
-0.05
-0.04
-0.093
-0.137
-0.024
0.031
-0.182
-0.068
-0.055
-0.043
-0.196
0.012
-0.036
-0.134
-0.075
-0.036
-0.092
-0.027
-0.023
-0.076
-0.075
-0.049
-0.028
-0.111
-0.042
0.004
-0.075
-0.06
0.02
-0.051
-0.114
-0.152
-0.077
-0.108
-0.046
0.022
-0.033
-0.058
-0.124
-0.052
-0.027
-0.095
-0.009
-0.037
-0.047
-0.083
-0.09
-0.013
-0.035
-0.088
-0.056
-0.112
-0.106
-0.056
-0.061
-0.064
-0.068
-0.047
0.075
-0.186
0.015
-0.088
-0.041
-0.051
-0.034
-0.066
-0.072
-0.12
-0.063
-0.192
-0.028
-0.074
-0.019
-0.084
-0.05
0.001
-0.032
0.005
-0.097
-0.086
-0.112
-0.139
-0.007
-0.004
-0.005
-0.025
-0.075
-0.118
-0.067
-0.02
-0.027
-0.022
-0.076
-0.074
-0.083
0.073
-0.014
-0.045
-0.032
-0.013
-0.034
-0.028
-0.038
-0.136
-0.048
-0.068
-0.053
-0.103
-0.047
-0.093
-0.084
-0.127
-0.11
-0.069
-0.045
-0.078
-0.1
-0.105
-0.059
-0.117
-0.101
-0.051
-0.055
-0.037
-0.03
-0.01
-0.014
-0.121
-0.05
-0.046
-0.023
-0.048
-0.015
-0.081
-0.029
0.072
0.019
-0.076
0.015
-0.092
-0.028
-0.107
-0.114
-0.038
-0.117
0.006
-0.048
-0.041
-0.098
-0.165
-0.08
-0.042
-0.082
-0.025
-0.111
-0.089
-0.078
-0.082
-0.041
-0.113
-0.012
-0.08
-0.051
-0.119
-0.041
-0.166
-0.101
-0.055
-0.062
-0.081
-0.137
-0.104
-0.181
-0.031
0.043
-0.05
0.023
-0.067
-0.158
-0.091
-0.063
0.04
-0.046
-0.029
-0.081
0.051
0.016
-0.029
-0.035
-0.034
-0.029
-0.117
-0.006
-0.058
0.032
-0.073
-0.148
-0.02
-0.004
0.027
-0.053
0.107
-0.15
-0.051
-0.133
-0.025
0.022
0.055
-0.051
0.015
0.056
-0.063
-0.062
-0.145
-0.01
-0.06
-0.058
0.021
0.048
-0.135
-0.123
-0.052
-0.064
-0.068
-0.095
-0.22
-0.02
-0.049
-0.051
-0.064
-0.026
-0.09
-0.064
-0.056
-0.012
-0.206
-0.06
-0.082
-0.072
-0.101
-0.067
-0.009
-0.103
-0.125
-0.02
-0.036
-0.046
-0.073
-0.042
0.017
-0.167
-0.084
-0.062
-0.185
-0.025
-0.008
-0.018
0.012
0.006
-0.097
-0.121
-0.059
-0.073
-0.106
-0.078
-0.035
-0.058
-0.067
-0.056
-0.068
-0.115
-0.066
0.035
-0.122
-0.065
-0.092
-0.143
-0.088
-0.104
-0.113
-0.027
-0.094
-0.041
-0.146
-0.119
-0.052
-0.04
-0.043
-0.101
-0.05
-0.084
-0.092
-0.053
-0.007
-0.091
0.028
-0.068
-0.031
-0.08
-0.143
-0.066
0.031
-0.033
-0.092
-0.087
-0.043
-0.076
-0.088
-0.015
-0.076
0.001
0.001
-0.045
0.058
-0.038
-0.06
-0.042
-0.111
0.0
-0.07
-0.085
-0.036
-0.038
0.002
-0.092
-0.024
-0.128
-0.089
-0.097
-0.022
-0.197
-0.161
-0.065
-0.095
-0.026
-0.12
-0.002
-0.029
-0.109
-0.046
-0.075
-0.091
-0.047
-0.146
-0.066
-0.027
-0.096
-0.062
-0.043
0.012
-0.032
-0.05
-0.15
-0.088
-0.05
-0.095
-0.102
0.006
-0.035
-0.121
-0.157
-0.047
-0.081
-0.196
-0.137
-0.053
-0.096
-0.138
-0.012
-0.135
-0.032
-0.059
-0.053
0.041
-0.045
-0.001
-0.038
-0.085
-0.134
-0.061
-0.136
-0.029
-0.013
-0.132
-0.083
0.003
-0.118
-0.061
-0.016
-0.031
-0.094
-0.028
-0.037
0.005
-0.056
-0.079
-0.059
-0.13
0.005
0.063
-0.061
-0.112
-0.009
-0.126
-0.067
-0.137
-0.049
-0.041
-0.033
-0.111
-0.087
-0.088
-0.095
-0.087
-0.116
0.029
-0.066
-0.087
-0.047
-0.088
-0.01
-0.098
-0.057
0.006
-0.099
0.015
-0.051
0.036
-0.109
-0.038
-0.081
-0.095
0.008
-0.068
-0.092
-0.115
-0.122
-0.096
-0.105
-0.038
-0.027
0.026
-0.083
-0.032
-0.107
0.009
0.038
-0.149
0.012
-0.086
-0.066
-0.1
-0.067
-0.101
0.012
-0.094
-0.121
-0.059
-0.145
-0.125
0.127
-0.027
0.0
-0.022
-0.022
-0.087
-0.066
-0.095
-0.086
-0.06
-0.122
-0.082
-0.021
-0.153
-0.014
-0.042
-0.105
-0.056
-0.09
-0.042
-0.009
-0.095
-0.029
-0.085
-0.15
-0.055
-0.174
0.055
-0.067
-0.063
0.038
0.024
-0.069
-0.125
0.012
-0.095
-0.072
-0.08
-0.122
-0.151
-0.169
-0.059
-0.01
-0.021
-0.092
-0.168
-0.131
-0.076
-0.044
-0.078
0.029
0.053
0.052
-0.126
-0.064
-0.096
-0.032
-0.089
-0.079
-0.133
0.022
-0.102
-0.068
-0.091
-0.044
0.021
-0.034
-0.051
-0.041
-0.1
-0.029
-0.016
-0.011
-0.111
-0.068
-0.072
0.05
-0.018
-0.115
-0.049
-0.102
0.016
-0.059
-0.033
-0.058
0.021
-0.145
-0.036
-0.042
-0.022
0.017
-0.005
-0.067
-0.116
-0.095
-0.056
-0.013
-0.12
0.001
-0.066
-0.054
-0.04
0.006
-0.049
-0.077
-0.023
-0.063
-0.085
-0.076
-0.086
-0.034
-0.054
-0.128
0.026
-0.047
-0.039
-0.159
-0.123
-0.072
-0.05
0.009
-0.128
-0.049
-0.034
-0.027
-0.03
-0.058
-0.064
-0.057
-0.059
0.082
0.039
-0.119
-0.005
0.0
-0.12
-0.106
-0.083
-0.128
0.003
0.002
0.017
-0.005
-0.036
-0.015
-0.094
-0.138
-0.038
-0.158
-0.081
-0.071
-0.08
-0.021
-0.026
-0.045
-0.003
-0.128
-0.002
-0.071
-0.022
-0.115
-0.05
-0.08
-0.067
-0.052
-0.128
-0.031
-0.074
-0.103
-0.041
0.062
-0.096
-0.03
-0.128
-0.055
-0.095
0.004
-0.136
-0.032
0.01
-0.076
-0.012
-0.015
0.008
-0.055
-0.071
-0.107
0.017
-0.021
-0.111
-0.071
-0.039
-0.057
-0.01
-0.054
-0.031
-0.085
-0.067
-0.078
-0.054
-0.071
0.067
-0.077
-0.057
0.019
-0.055
-0.012
-0.045
-0.029
0.03
0.034
-0.147
-0.122
0.003
-0.063
-0.001
-0.01
-0.007
-0.015
-0.069
-0.038
0.009
-0.047
-0.032
-0.066
-0.064
-0.086
-0.076
-0.034
-0.083
-0.025
-0.089
-0.091
-0.053
0.022
0.019
-0.033
-0.045
-0.085
0.001
-0.098
-0.105
-0.084
-0.001
-0.058
-0.074
-0.1
-0.07
0.081
-0.035
-0.035
-0.102
-0.067
-0.058
-0.077
-0.036
-0.129
-0.082
-0.065
-0.031
-0.124
-0.068
-0.014
0.041
-0.089
0.004
-0.042
-0.015
-0.088
0.052
-0.129
-0.03
-0.143
-0.073
-0.048
-0.057
-0.033
-0.05
-0.01
-0.034
-0.021
-0.108
0.022
-0.147
-0.051
0.036
-0.019
-0.115
-0.046
-0.106
-0.095
-0.073
-0.038
-0.007
-0.06
-0.061
-0.016
-0.045
-0.111
-0.154
-0.016
-0.008
-0.1
-0.05
-0.066
0.0
-0.034
-0.013
-0.071
0.052
-0.006
-0.122
-0.058
-0.091
-0.003
-0.054
-0.037
-0.001
-0.047
-0.056
-0.11
-0.023
-0.079
-0.034
-0.113
0.036
-0.077
-0.077
-0.051
-0.004
0.015
-0.025
0.037
-0.012
-0.04
-0.047
-0.135
-0.048
-0.107
-0.094
-0.061
-0.051
-0.028
-0.04
-0.094
-0.048
-0.068
-0.071
-0.054
-0.023
-0.13
-0.118
-0.018
-0.024
-0.084
-0.012
0.041
-0.065
-0.101
0.031
-0.032
-0.094
-0.019
-0.036
-0.038
-0.111
-0.037
-0.083
-0.059
-0.104
0.036
-0.026
-0.11
-0.159
-0.152
0.051
-0.123
0.045
-0.109
0.088
-0.039
-0.024
-0.045
-0.075
-0.056
-0.093
-0.066
-0.039
-0.103
0.003
-0.043
-0.072
0.024
-0.04
-0.002
-0.057
-0.096
-0.065
-0.058
-0.037
-0.099
-0.049
-0.057
-0.079
-0.007
-0.109
-0.044
-0.111
-0.102
-0.023
-0.012
-0.059
-0.069
-0.005
-0.053
0.041
-0.016
-0.125
-0.048
-0.118
-0.035
-0.077
0.009
-0.04
0.005
-0.116
-0.075
-0.016
-0.019
-0.014
-0.032
0.04
-0.081
-0.117
-0.046
-0.104
-0.033
0.096
-0.039
-0.03
0.008
-0.022
-0.056
-0.041
-0.123
0.028
-0.036
-0.103
-0.011
-0.093
0.01
-0.01
-0.061
-0.096
-0.04
0.031
-0.008
-0.123
-0.075
-0.142
-0.061
-0.071
-0.035
-0.15
-0.018
-0.044
-0.065
-0.058
-0.104
0.036
0.013
0.012
0.041
-0.127
-0.084
-0.113
-0.058
-0.101
-0.098
-0.098
-0.089
-0.021
-0.129
-0.069
-0.159
0.08
0.037
-0.026
-0.061
-0.094
-0.038
-0.012
-0.056
0.025
-0.044
-0.139
-0.108
-0.061
-0.054
-0.038
-0.144
-0.113
-0.111
-0.069
-0.055
-0.069
0.016
-0.036
-0.067
-0.134
-0.106
-0.174
-0.083
-0.036
-0.053
-0.037
-0.026
-0.17
-0.042
-0.002
0.031
-0.064
-0.029
-0.213
-0.05
-0.039
-0.109
-0.035
-0.132
-0.063
-0.066
-0.016
-0.035
-0.034
-0.081
-0.035
-0.039
-0.095
-0.024
-0.085
-0.034
-0.06
-0.062
-0.054
-0.13
-0.059
-0.098
-0.08
-0.045
0.029
-0.095
-0.064
-0.028
-0.023
-0.07
0.033
-0.03
-0.054
-0.078
-0.169
-0.055
-0.033
-0.053
-0.042
-0.031
-0.007
-0.104
-0.057
-0.039
0.006
-0.081
-0.088
0.001
-0.002
0.043
-0.089
-0.074
-0.056
-0.141
-0.124
-0.041
-0.165
-0.005
-0.07
0.012
-0.163
-0.017
-0.054
0.013
-0.121
-0.146
0.021
-0.135
-0.066
0.037
-0.043
-0.151
-0.068
-0.072
-0.006
-0.088
-0.098
-0.078
-0.139
-0.008
-0.134
-0.074
-0.049
0.006
-0.016
-0.05
-0.069
-0.157
-0.086
0.031
-0.017
-0.086
-0.052
0.007
-0.053
0.001
-0.065
-0.095
0.021
-0.08
-0.029
0.003
-0.055
-0.188
-0.045
-0.001
-0.118
-0.073
-0.089
-0.003
-0.037
-0.132
-0.063
-0.018
-0.069
-0.069
-0.016
-0.006
-0.044
-0.062
-0.037
-0.037
-0.03
-0.126
0.017
-0.034
-0.098
-0.116
-0.06
-0.043
-0.024
-0.133
-0.107
-0.058
-0.066
-0.047
-0.097
-0.03
-0.043
-0.125
-0.052
-0.158
-0.04
-0.082
-0.097
-0.155
-0.103
-0.136
-0.092
-0.041
-0.15
-0.075
-0.061
-0.106
-0.116
-0.097
-0.046
-0.046
-0.103
0.064
-0.103
-0.015
-0.062
-0.119
-0.113
-0.079
-0.032
-0.046
0.018
-0.135
-0.105
-0.048
-0.123
-0.086
-0.041
-0.004
0.073
-0.073
-0.151
-0.109
-0.077
-0.04
-0.025
0.003
-0.037
-0.083
-0.076
-0.004
0.02
-0.031
-0.068
-0.031
-0.053
-0.004
-0.062
0.006
-0.122
-0.123
-0.119
-0.114
0.009
-0.132
-0.098
-0.122
-0.063
-0.001
-0.055
-0.106
-0.124
-0.094
-0.104
-0.11
-0.161
0.02
-0.043
0.01
-0.011
-0.136
-0.083
-0.116
0.022
0.009
-0.009
-0.068
-0.036
-0.06
-0.117
-0.06
-0.059
-0.012
-0.055
-0.089
-0.136
-0.11
-0.147
-0.033
-0.068
-0.068
-0.04
0.004
-0.03
-0.109
0.024
-0.038
-0.052
-0.118
-0.087
-0.046
-0.083
-0.08
-0.025
-0.218
-0.072
-0.072
-0.005
-0.036
-0.039
-0.024
-0.091
-0.087
0.004
-0.031
-0.014
-0.105
0.004
0.017
-0.132
-0.079
-0.047
-0.13
-0.052
-0.069
-0.1
-0.041
-0.02
-0.047
-0.006
-0.025
-0.026
0.019
-0.099
-0.015
-0.049
-0.07
-0.042
-0.064
-0.037
-0.052
-0.018
-0.054
-0.14
-0.107
-0.016
-0.052
-0.091
-0.097
-0.089
-0.007
-0.04
-0.149
-0.095
-0.071
-0.09
-0.143
-0.008
-0.146
-0.04
-0.14
-0.057
-0.023
-0.093
-0.094
-0.068
-0.044
-0.002
0.002
-0.039
-0.003
0.001
-0.022
-0.103
0.012
-0.059
-0.12
-0.064
-0.052
-0.047
-0.006
-0.124
-0.098
-0.015
0.058
-0.016
-0.126
-0.111
0.03
-0.07
-0.114
-0.035
0.007
-0.016
-0.086
0.003
-0.149
0.097
-0.081
-0.076
-0.041
-0.087
-0.034
-0.009
-0.039
-0.015
-0.099
-0.038
-0.128
0.071
-0.117
-0.079
0.057
-0.093
-0.111
-0.066
-0.063
-0.008
0.022
-0.082
-0.074
-0.007
-0.179
-0.043
0.038
-0.098
-0.001
-0.025
-0.114
-0.025
-0.05
-0.04
-0.035
-0.015
-0.15
-0.094
-0.025
0.056
-0.03
0.015
-0.092
-0.132
-0.108
-0.063
-0.115
-0.078
-0.006
0.025
-0.037
-0.118
-0.164
-0.055
-0.009
-0.063
-0.133
-0.06
-0.03
-0.092
-0.183
-0.046
0.012
-0.087
-0.014
-0.082
-0.144
-0.114
-0.101
-0.163
-0.063
-0.062
-0.071
-0.065
-0.07
-0.014
0.03
-0.016
-0.069
-0.123
-0.091
0.004
-0.128
-0.053
0.002
-0.027
-0.094
0.038
-0.049
-0.063
-0.147
-0.074
-0.004
-0.123
0.015
-0.036
-0.165
0.027
0.023
-0.128
-0.079
-0.028
-0.122
-0.024
-0.106
-0.042
0.027
-0.034
-0.131
-0.003
0.003
-0.07
0.0
0.003
-0.092
0.034
0.071
-0.098
0.012
-0.005
-0.055
0.007
-0.02
-0.137
-0.022
-0.029
-0.081
0.005
-0.063
0.001
-0.073
-0.069
-0.016
-0.077
0.007
-0.106
-0.158
-0.09
-0.094
-0.066
-0.027
-0.09
-0.042
-0.104
0.039
-0.096
-0.095
-0.146
-0.065
-0.027
-0.072
0.016
-0.054
-0.091
-0.132
-0.064
-0.091
-0.014
-0.04
-0.187
-0.034
0.015
-0.062
-0.011
-0.014
-0.109
-0.12
-0.024
0.016
-0.075
-0.075
-0.135
-0.032
-0.002
-0.065
0.022
-0.098
-0.011
-0.038
-0.047
-0.004
0.057
-0.081
-0.057
-0.013
-0.029
0.015
-0.167
-0.014
-0.085
-0.158
-0.129
-0.152
-0.015
-0.041
-0.073
-0.179
-0.006
-0.029
-0.152
-0.12
-0.093
-0.016
-0.123
-0.14
-0.062
-0.009
-0.064
-0.091
-0.053
-0.098
-0.129
-0.055
-0.041
-0.057
0.002
-0.029
-0.1
-0.068
-0.055
-0.115
-0.027
-0.105
0.054
-0.055
0.035
0.036
-0.049
-0.063
0.013
-0.11
-0.039
-0.131
-0.106
-0.008
-0.076
0.036
0.019
-0.041
0.004
-0.189
-0.133
-0.05
0.025
-0.105
0.0
-0.092
-0.019
-0.044
-0.077
-0.016
0.046
-0.062
-0.018
-0.082
-0.089
-0.082
-0.15
0.008
-0.074
-0.147
-0.064
-0.083
-0.034
-0.059
-0.053
-0.047
-0.06
-0.099
-0.074
-0.006
-0.091
0.048
0.005
0.0
-0.067
-0.064
-0.082
-0.125
-0.038
-0.087
-0.135
0.006
0.004
0.017
0.048
0.035
-0.049
-0.152
0.024
0.059
-0.092
-0.045
-0.046
-0.111
-0.026
-0.075
-0.094
-0.093
-0.047
-0.067
-0.028
-0.079
-0.07
-0.074
-0.033
-0.038
-0.087
-0.028
-0.053
-0.104
-0.014
-0.108
0.002
-0.067
-0.018
-0.058
-0.088
-0.079
-0.081
-0.012
-0.011
-0.176
-0.044
0.013
-0.037
-0.109
0.025
-0.009
-0.072
-0.1
-0.045
-0.026
-0.086
-0.104
-0.07
-0.099
-0.039
-0.038
0.026
-0.064
-0.115
-0.107
-0.087
-0.104
-0.107
-0.067
0.046
-0.048
0.046
-0.09
-0.137
0.017
-0.105
-0.064
0.02
-0.056
-0.244
-0.079
-0.124
-0.068
-0.066
0.006
-0.047
-0.106
-0.108
-0.115
-0.002
-0.134
-0.137
-0.036
-0.073
-0.098
-0.034
-0.103
-0.098
-0.075
-0.043
-0.052
-0.12
0.009
-0.078
-0.05
-0.135
-0.027
-0.077
-0.076
-0.09
-0.067
-0.104
-0.029
-0.031
-0.037
-0.038
-0.005
-0.086
-0.117
0.031
0.022
-0.017
-0.097
-0.04
-0.105
-0.068
-0.048
-0.06
-0.046
-0.089
-0.096
-0.027
-0.078
-0.015
-0.12
-0.12
-0.102
-0.049
-0.099
-0.108
-0.072
-0.19
-0.04
0.014
-0.105
-0.01
-0.144
-0.046
-0.031
-0.075
-0.116
0.002
-0.034
-0.004
-0.108
-0.064
0.009
-0.117
-0.064
-0.174
-0.049
-0.105
-0.043
-0.042
-0.13
-0.01
-0.073
-0.009
-0.038
0.012
-0.05
-0.071
-0.117
-0.094
-0.105
-0.016
0.004
-0.092
-0.005
-0.164
-0.086
-0.033
-0.123
0.041
-0.012
-0.038
-0.051
-0.143
0.046
-0.113
-0.14
-0.103
-0.092
-0.144
-0.151
-0.103
-0.156
-0.115
-0.1
-0.016
-0.161
-0.033
0.005
-0.103
0.094
-0.063
-0.083
0.008
-0.059
-0.107
-0.162
-0.054
-0.123
-0.119
-0.066
-0.198
-0.036
-0.073
-0.118
-0.002
-0.034
-0.093
-0.02
-0.096
-0.081
-0.008
-0.063
-0.049
0.027
-0.146
-0.084
-0.025
0.041
-0.198
-0.066
0.078
-0.059
-0.075
0.009
-0.02
-0.017
-0.109
-0.054
-0.14
-0.042
-0.082
-0.064
-0.159
-0.021
-0.115
-0.033
-0.063
0.015
-0.079
-0.005
-0.073
-0.192
-0.056
-0.08
-0.115
-0.017
-0.07
-0.082
-0.147
-0.051
-0.023
-0.082
0.017
-0.149
-0.03
-0.084
-0.073
-0.018
-0.076
-0.2
-0.063
-0.112
-0.062
0.022
-0.171
-0.016
-0.053
-0.016
-0.064
-0.073
-0.003
-0.073
-0.078
-0.056
-0.067
-0.124
-0.116
-0.048
-0.123
-0.091
-0.036
-0.05
-0.015
-0.003
0.021
-0.062
-0.092
-0.031
-0.045
-0.068
0.009
-0.114
-0.061
-0.114
-0.117
-0.068
-0.071
-0.052
-0.028
-0.014
-0.079
-0.018
-0.054
-0.034
-0.104
-0.163
-0.136
-0.026
-0.13
-0.094
-0.137
-0.062
0.047
-0.131
-0.079
-0.077
-0.105
-0.081
0.005
-0.077
-0.014
-0.091
-0.108
-0.107
-0.031
-0.076
-0.053
-0.029
-0.032
-0.102
-0.072
-0.106
0.003
-0.064
0.028
-0.082
-0.004
-0.047
-0.093
-0.038
-0.121
-0.095
-0.017
-0.115
-0.085
-0.057
-0.109
-0.103
-0.057
-0.003
-0.074
-0.018
-0.089
-0.168
-0.044
-0.079
0.052
-0.069
-0.065
-0.167
-0.009
-0.096
-0.095
-0.153
-0.187
-0.035
-0.068
-0.062
-0.086
-0.057
-0.034
-0.133
-0.043
-0.11
-0.048
-0.1
0.04
-0.104
-0.045
-0.059
0.056
-0.097
-0.098
0.018
-0.022
0.004
0.062
-0.037
-0.089
-0.07
-0.05
-0.094
-0.038
0.009
0.051
-0.035
-0.062
-0.064
-0.036
-0.039
-0.034
0.0
-0.064
0.023
-0.04
0.021
-0.1
-0.05
-0.015
-0.034
0.007
-0.049
-0.016
-0.02
-0.047
-0.078
-0.151
-0.027
-0.116
-0.067
-0.031
-0.053
-0.045
-0.059
-0.044
-0.14
-0.1
0.007
-0.042
-0.02
-0.071
-0.038
-0.055
-0.045
-0.104
-0.034
-0.028
-0.058
-0.057
-0.026
-0.019
-0.114
-0.062
-0.073
-0.119
0.009
-0.063
-0.061
-0.036
-0.085
-0.067
-0.131
-0.153
-0.08
0.0
-0.05
0.0
0.002
-0.068
-0.137
0.013
-0.111
-0.099
0.014
0.031
0.041
0.023
-0.151
-0.056
-0.106
0.005
-0.011
-0.03
-0.064
-0.051
-0.051
-0.098
-0.026
-0.098
0.017
-0.012
-0.031
-0.117
0.002
-0.027
-0.064
-0.04
-0.096
-0.169
-0.121
-0.044
0.02
-0.167
-0.055
-0.058
-0.043
-0.104
-0.043
-0.099
-0.009
0.039
-0.041
-0.027
0.022
-0.062
-0.164
-0.06
-0.031
0.013
-0.092
-0.084
-0.053
-0.131
-0.065
-0.052
-0.076
-0.002
-0.015
-0.125
-0.105
-0.023
-0.159
-0.095
-0.069
-0.161
-0.018
-0.059
-0.096
-0.05
-0.083
-0.111
-0.042
-0.052
0.0
-0.002
-0.021
-0.148
-0.082
-0.032
-0.083
-0.086
-0.014
0.078
0.044
-0.054
-0.115
-0.058
-0.024
-0.076
-0.106
-0.073
-0.033
0.001
-0.033
-0.135
-0.092
-0.015
-0.043
-0.15
-0.08
-0.033
-0.08
0.037
-0.019
-0.091
-0.126
-0.025
0.052
-0.102
-0.096
-0.019
-0.011
-0.193
-0.091
0.022
-0.035
0.008
-0.058
-0.005
-0.133
-0.137
-0.054
-0.046
-0.107
-0.039
0.013
-0.045
-0.099
-0.015
-0.132
-0.216
-0.025
-0.144
-0.137
-0.15
-0.1
-0.078
0.016
-0.001
-0.047
-0.042
-0.013
0.023
-0.042
-0.115
-0.06
-0.034
-0.067
-0.117
-0.057
-0.095
-0.115
-0.088
-0.018
-0.013
-0.112
0.019
-0.017
-0.081
0.0
-0.051
-0.027
-0.082
-0.018
-0.119
-0.158
0.056
-0.121
-0.084
-0.137
-0.054
0.003
-0.07
-0.028
-0.022
-0.144
-0.069
-0.009
-0.062
0.054
-0.031
-0.019
-0.112
-0.001
-0.078
-0.09
-0.148
-0.014
0.107
0.015
-0.027
-0.066
-0.004
-0.079
-0.037
0.027
0.013
-0.035
-0.112
-0.031
-0.051
-0.064
-0.026
-0.062
-0.022
-0.044
-0.052
-0.016
-0.056
-0.033
-0.135
-0.033
-0.073
-0.085
-0.061
-0.1
-0.044
0.048
-0.066
-0.07
-0.028
-0.062
-0.211
-0.04
-0.007
-0.035
-0.044
-0.1
-0.075
-0.115
-0.04
-0.04
-0.06
-0.022
-0.049
-0.011
-0.065
-0.018
-0.066
-0.157
-0.016
-0.058
0.026
-0.093
-0.067
-0.151
0.017
-0.031
-0.08
-0.036
-0.06
-0.037
-0.037
-0.14
-0.098
-0.104
-0.063
-0.073
0.022
-0.04
0.016
0.033
-0.06
0.005
-0.044
-0.057
-0.002
-0.042
-0.168
-0.066
-0.043
-0.085
-0.133
-0.05
0.007
-0.116
-0.097
-0.094
-0.107
-0.01
-0.099
-0.053
-0.09
-0.127
-0.084
0.085
0.025
-0.038
0.008
-0.088
-0.047
-0.059
-0.074
-0.098
-0.055
-0.096
-0.023
-0.108
-0.076
0.021
-0.117
-0.047
-0.02
-0.007
-0.089
-0.065
-0.065
0.054
-0.074
-0.12
-0.157
-0.012
0.0
-0.129
-0.088
-0.09
-0.136
-0.023
-0.04
-0.079
-0.127
-0.081
0.005
-0.022
-0.004
-0.111
-0.015
-0.027
-0.14
-0.078
-0.04
-0.054
0.01
-0.054
-0.079
-0.163
-0.046
-0.135
-0.038
0.01
-0.119
-0.192
-0.142
-0.027
-0.06
-0.101
-0.154
-0.127
-0.093
-0.004
-0.035
-0.015
-0.042
-0.201
0.024
-0.006
-0.146
-0.169
-0.038
0.004
0.046
-0.149
-0.02
-0.101
-0.147
-0.002
-0.097
-0.018
-0.143
-0.089
-0.047
-0.161
0.028
-0.112
0.009
0.009
-0.092
-0.174
-0.038
-0.04
-0.071
0.016
-0.007
-0.056
-0.199
-0.049
-0.104
-0.106
-0.017
0.016
-0.083
0.013
-0.108
-0.019
0.065
-0.105
0.023
0.02
-0.14
-0.082
-0.1
-0.117
-0.068
0.045
0.043
-0.001
-0.028
-0.065
-0.054
-0.017
-0.128
-0.114
-0.065
-0.075
0.016
-0.066
-0.092
-0.061
-0.07
-0.098
0.005
0.05
-0.079
-0.086
-0.057
-0.096
-0.06
0.008
-0.099
-0.053
-0.08
-0.093
-0.089
-0.099
-0.14
-0.079
-0.062
0.04
-0.084
-0.114
0.003
-0.05
-0.023
-0.052
-0.097
-0.063
-0.071
0.028
-0.019
-0.158
-0.021
-0.028
-0.062
-0.087
-0.015
-0.189
-0.074
0.008
-0.026
-0.068
-0.112
-0.041
-0.095
0.017
-0.127
-0.008
-0.024
0.045
-0.037
-0.12
-0.149
-0.052
-0.128
-0.061
-0.029
-0.05
-0.071
-0.087
-0.062
-0.094
-0.193
0.013
-0.083
-0.051
0.044
-0.064
-0.132
-0.048
-0.088
0.005
-0.091
-0.083
-0.094
-0.012
-0.042
-0.042
-0.134
-0.065
-0.074
-0.101
-0.102
-0.067
-0.009
-0.163
-0.003
-0.059
-0.117
-0.109
-0.04
-0.111
-0.069
0.009
-0.18
-0.038
-0.088
-0.078
-0.072
-0.043
-0.096
-0.128
-0.054
-0.074
-0.088
-0.082
-0.065
-0.117
-0.168
-0.108
-0.032
-0.089
0.056
-0.102
-0.032
-0.089
-0.049
-0.097
-0.089
-0.068
-0.163
-0.074
-0.062
-0.097
-0.155
-0.006
-0.124
-0.06
-0.06
-0.125
-0.033
-0.009
-0.053
-0.072
-0.038
-0.156
0.065
-0.048
-0.091
-0.004
-0.176
-0.175
0.002
-0.131
0.014
-0.017
-0.001
0.0
0.037
-0.007
-0.045
-0.037
-0.068
-0.069
-0.041
-0.175
0.001
-0.126
-0.066
-0.025
-0.093
-0.081
-0.071
-0.066
-0.039
0.003
-0.072
-0.039
-0.101
-0.042
-0.083
-0.059
-0.077
-0.012
-0.022
-0.138
0.005
-0.074
-0.071
-0.06
0.037
-0.097
-0.072
-0.082
-0.085
-0.06
-0.062
-0.087
-0.026
-0.095
-0.021
-0.13
-0.009
-0.072
-0.131
-0.065
0.009
-0.042
-0.085
0.029
-0.031
-0.025
-0.012
-0.073
-0.081
-0.007
-0.059
0.01
-0.036
-0.058
-0.058
-0.081
-0.095
-0.101
-0.208
-0.067
-0.062
-0.054
-0.126
-0.056
-0.112
-0.078
-0.117
-0.013
-0.079
-0.064
0.034
-0.056
-0.052
-0.07
-0.032
-0.054
-0.114
-0.057
-0.093
0.098
-0.13
0.015
-0.137
0.032
-0.131
-0.074
-0.067
-0.064
-0.109
-0.087
-0.142
-0.06
-0.085
-0.132
-0.085
-0.004
-0.013
-0.126
-0.046
-0.027
-0.059
0.01
0.049
-0.061
-0.054
-0.1
-0.1
-0.031
-0.013
-0.028
-0.055
-0.042
-0.039
-0.098
-0.029
-0.033
-0.024
0.012
-0.062
0.001
-0.045
-0.032
-0.073
-0.09
-0.057
0.027
-0.08
-0.017
-0.052
-0.07
0.01
-0.012
-0.059
-0.112
-0.057
-0.085
-0.07
-0.12
-0.14
-0.117
-0.093
-0.065
-0.033
-0.059
-0.072
-0.041
-0.139
-0.204
-0.081
-0.097
0.048
0.01
-0.11
-0.151
-0.118
-0.084
-0.046
0.007
-0.049
-0.028
-0.094
-0.066
-0.127
-0.019
-0.054
-0.027
0.022
0.035
-0.095
-0.122
-0.056
-0.148
-0.084
-0.113
-0.078
-0.076
0.001
0.002
-0.038
0.027
-0.068
-0.041
-0.09
-0.004
-0.053
-0.013
-0.072
-0.057
-0.086
-0.004
-0.055
-0.018
-0.09
-0.08
-0.002
-0.104
-0.091
-0.099
-0.03
-0.124
-0.077
0.012
-0.086
-0.004
0.038
-0.033
-0.052
-0.056
-0.127
-0.07
-0.073
-0.028
0.01
-0.048
-0.041
-0.099
-0.038
-0.133
-0.137
-0.107
-0.029
-0.106
-0.072
-0.029
-0.089
-0.087
0.006
-0.107
-0.109
-0.073
-0.091
-0.012
-0.04
-0.147
-0.137
-0.021
-0.047
-0.145
0.006
-0.07
-0.061
-0.106
-0.079
-0.006
-0.051
-0.073
-0.028
0.009
-0.09
-0.092
0.046
-0.028
0.023
-0.103
-0.025
-0.025
-0.053
0.002
-0.086
-0.016
-0.095
-0.084
-0.031
-0.004
-0.075
-0.089
-0.004
-0.02
-0.109
-0.126
-0.003
-0.071
-0.115
-0.196
-0.05
-0.098
-0.104
-0.029
0.01
-0.011
-0.087
-0.105
-0.094
-0.11
-0.053
-0.052
-0.084
0.017
0.001
-0.083
-0.038
-0.045
-0.036
-0.117
0.025
-0.081
-0.125
-0.095
-0.081
-0.16
-0.037
0.022
-0.08
-0.038
-0.088
-0.128
0.034
-0.007
-0.052
0.065
-0.069
-0.089
-0.095
0.031
-0.04
0.003
0.025
-0.07
-0.09
-0.133
-0.106
-0.077
0.039
-0.09
-0.143
0.01
-0.005
-0.001
-0.079
-0.131
-0.071
-0.047
-0.029
-0.146
-0.007
-0.027
0.007
-0.047
-0.092
-0.034
-0.08
-0.025
0.072
-0.074
0.057
-0.061
-0.107
0.034
-0.043
-0.121
-0.088
0.029
0.039
-0.067
-0.094
-0.032
-0.119
-0.056
-0.038
-0.064
-0.061
0.054
-0.108
-0.036
-0.111
0.029
-0.031
0.033
-0.011
-0.101
0.016
-0.086
-0.029
0.025
-0.061
-0.016
-0.072
-0.065
-0.068
-0.041
-0.005
-0.037
-0.047
-0.081
-0.126
-0.04
0.097
-0.096
-0.116
-0.006
-0.024
-0.128
-0.1
-0.112
-0.03
-0.069
-0.055
-0.088
-0.051
-0.18
-0.164
-0.05
0.038
-0.037
-0.07
-0.132
-0.061
-0.045
-0.041
-0.096
-0.047
-0.086
0.014
-0.049
-0.077
-0.022
-0.066
-0.055
-0.09
-0.016
-0.15
-0.049
-0.098
-0.135
-0.035
-0.106
-0.027
-0.057
-0.089
-0.036
-0.053
-0.048
-0.003
0.042
-0.056
-0.11
-0.114
-0.13
-0.034
-0.061
-0.048
-0.023
-0.108
-0.071
-0.093
-0.077
-0.066
-0.173
-0.002
-0.054
-0.088
-0.079
0.006
0.035
0.023
-0.134
-0.103
-0.09
-0.044
-0.026
-0.056
-0.065
0.043
-0.045
-0.041
-0.049
-0.053
-0.022
-0.015
-0.071
0.059
-0.08
0.046
-0.055
-0.042
-0.071
-0.022
-0.019
-0.013
-0.024
0.01
-0.086
-0.071
-0.065
-0.041
-0.04
-0.106
-0.044
-0.009
0.078
-0.056
-0.056
-0.069
-0.1
-0.062
-0.057
-0.031
-0.052
-0.062
-0.114
0.031
-0.049
-0.156
-0.033
-0.038
-0.084
-0.066
-0.09
-0.067
-0.076
-0.096
-0.08
-0.029
-0.009
-0.106
-0.028
-0.086
-0.112
0.001
-0.07
0.034
-0.083
-0.091
0.054
-0.019
-0.015
0.004
-0.007
-0.05
-0.069
-0.071
-0.131
-0.138
-0.027
-0.086
-0.124
0.001
-0.03
-0.004
-0.05
-0.075
-0.119
-0.078
-0.04
0.025
-0.073
-0.053
-0.02
0.01
-0.122
0.0
-0.024
-0.064
-0.037
-0.1
-0.101
-0.156
-0.07
-0.095
-0.082
-0.109
0.014
-0.053
0.047
-0.11
-0.008
-0.088
-0.111
-0.092
-0.075
-0.064
-0.11
-0.053
-0.042
-0.105
-0.002
-0.134
-0.052
-0.042
-0.118
-0.018
-0.058
-0.014
-0.132
-0.016
-0.069
-0.065
0.027
-0.051
-0.066
0.043
-0.118
-0.077
-0.06
-0.124
-0.006
-0.025
-0.051
-0.113
-0.11
-0.079
-0.025
-0.095
-0.038
-0.081
-0.169
-0.087
-0.052
-0.184
0.022
-0.019
-0.148
-0.138
-0.001
-0.091
-0.105
-0.066
-0.044
-0.083
0.041
0.028
-0.054
-0.047
-0.027
-0.097
-0.056
-0.104
-0.054
-0.146
-0.213
-0.04
-0.041
-0.013
-0.077
0.012
0.043
-0.074
-0.039
-0.022
-0.151
-0.113
-0.032
0.079
-0.061
0.026
-0.089
-0.118
-0.101
-0.002
-0.151
-0.077
-0.001
-0.114
-0.018
0.028
-0.082
-0.068
-0.054
-0.04
-0.152
-0.061
0.034
-0.11
-0.029
-0.064
-0.022
-0.098
-0.037
-0.052
-0.093
-0.065
-0.015
-0.016
-0.103
-0.12
-0.054
-0.116
-0.035
-0.088
-0.001
-0.043
0.02
-0.024
-0.064
-0.079
0.004
0.026
-0.081
-0.087
-0.056
-0.038
-0.106
0.016
-0.091
-0.036
-0.035
0.038
-0.079
-0.109
-0.097
-0.062
-0.054
-0.037
-0.122
-0.079
-0.037
-0.065
-0.068
-0.108
-0.013
-0.038
-0.059
-0.106
-0.062
-0.001
-0.175
-0.086
-0.038
-0.125
-0.126
-0.072
-0.021
-0.043
-0.06
-0.045
-0.115
-0.114
-0.092
-0.067
-0.071
0.058
-0.1
-0.174
-0.077
-0.083
-0.003
-0.023
-0.156
-0.199
-0.056
-0.046
-0.067
-0.083
0.016
-0.008
-0.083
-0.014
-0.064
-0.003
-0.106
-0.042
-0.045
-0.159
-0.165
-0.058
-0.129
-0.102
-0.137
-0.081
-0.117
-0.115
-0.001
-0.09
-0.139
-0.077
-0.051
-0.033
-0.04
-0.07
-0.059
-0.045
-0.056
-0.061
-0.04
0.003
-0.113
-0.099
-0.056
0.041
-0.058
-0.007
0.009
-0.035
-0.085
-0.054
-0.085
0.0
-0.117
-0.071
-0.089
-0.092
-0.086
-0.003
-0.031
-0.079
-0.049
-0.167
-0.096
-0.074
-0.002
-0.152
-0.033
-0.026
-0.094
-0.085
0.03
-0.105
-0.145
-0.143
-0.142
-0.123
-0.056
0.017
-0.123
-0.191
-0.039
-0.093
-0.111
-0.081
-0.083
-0.117
-0.125
0.002
-0.132
-0.078
-0.113
-0.019
0.014
-0.101
-0.02
-0.021
0.023
0.023
-0.084
-0.031
-0.001
0.033
0.002
-0.058
-0.04
-0.101
-0.058
-0.033
-0.011
0.001
-0.185
-0.066
-0.057
-0.059
-0.029
-0.119
-0.086
-0.026
-0.237
-0.07
0.016
-0.016
-0.04
-0.101
-0.094
-0.079
-0.015
-0.076
-0.027
-0.015
0.009
-0.058
-0.049
-0.088
-0.106
-0.076
-0.044
-0.168
-0.126
-0.063
-0.101
-0.044
-0.034
-0.112
-0.126
-0.026
-0.109
-0.187
-0.057
-0.018
0.018
0.04
0.014
0.004
-0.109
0.082
-0.079
-0.103
-0.066
-0.146
-0.099
-0.126
-0.013
-0.037
-0.185
-0.013
-0.089
0.006
0.026
0.01
-0.067
-0.156
-0.11
-0.094
-0.139
-0.01
-0.007
-0.067
-0.075
-0.063
-0.127
-0.111
-0.073
-0.038
-0.077
-0.142
-0.04
-0.132
0.101
-0.033
-0.053
-0.096
-0.04
-0.065
-0.111
-0.094
-0.145
0.1
-0.077
0.001
-0.015
-0.072
-0.034
-0.077
-0.018
-0.057
-0.046
-0.083
-0.086
-0.059
0.031
-0.002
-0.009
-0.006
-0.053
-0.092
-0.158
-0.068
-0.011
-0.084
-0.05
-0.1
-0.091
-0.121
-0.108
-0.054
-0.115
-0.09
-0.159
-0.008
-0.08
-0.092
-0.053
-0.103
-0.055
0.023
-0.051
-0.107
-0.163
-0.039
-0.135
0.057
0.033
-0.075
-0.034
-0.014
-0.107
-0.051
-0.057
-0.086
-0.076
-0.093
-0.049
-0.041
-0.122
-0.088
-0.097
-0.114
-0.078
-0.087
0.005
-0.011
-0.071
-0.047
-0.014
-0.049
-0.027
-0.043
-0.016
-0.107
-0.036
-0.072
-0.005
-0.088
-0.094
-0.114
-0.038
-0.06
-0.034
0.022
-0.077
-0.041
-0.078
-0.089
-0.072
-0.1
-0.041
-0.085
-0.083
-0.036
-0.118
-0.073
-0.032
-0.033
-0.04
-0.163
-0.161
-0.022
-0.046
-0.089
-0.101
-0.063
-0.04
-0.063
-0.101
-0.053
-0.037
-0.081
0.004
-0.002
-0.131
-0.177
0.003
-0.095
-0.05
-0.092
0.016
-0.021
-0.031
-0.076
-0.075
-0.1
-0.068
-0.062
0.04
-0.013
-0.02
-0.113
-0.098
-0.168
-0.08
-0.041
-0.114
-0.07
-0.011
-0.036
0.058
-0.05
-0.059
0.032
-0.066
-0.183
-0.148
-0.162
-0.041
0.021
-0.028
-0.069
-0.018
-0.032
-0.1
-0.031
-0.019
-0.147
-0.023
-0.015
-0.097
0.04
-0.048
0.006
-0.072
-0.055
-0.079
-0.053
-0.07
-0.032
0.009
-0.082
-0.025
-0.002
-0.058
-0.065
-0.002
-0.125
-0.044
-0.062
-0.112
-0.133
-0.058
-0.087
-0.053
-0.048
-0.062
-0.034
-0.104
-0.156
0.002
-0.161
0.009
-0.091
0.043
0.035
0.072
-0.073
-0.095
-0.002
-0.05
-0.164
-0.02
-0.05
-0.028
-0.011
-0.193
-0.097
-0.009
-0.002
-0.068
-0.042
-0.062
-0.063
-0.056
-0.139
-0.013
-0.058
0.0
-0.114
-0.049
-0.053
-0.087
-0.07
0.009
-0.082
-0.122
0.053
-0.082
-0.095
0.044
-0.109
-0.051
-0.034
-0.049
-0.02
-0.085
-0.187
-0.044
-0.101
-0.123
0.026
-0.086
-0.137
-0.09
-0.068
-0.078
-0.053
-0.098
-0.043
-0.027
-0.088
-0.074
-0.072
0.046
-0.095
-0.041
-0.082
-0.032
0.012
-0.126
-0.058
-0.136
-0.011
-0.098
-0.059
-0.076
-0.049
-0.079
-0.004
-0.062
-0.108
-0.011
-0.199
-0.006
-0.013
-0.056
-0.049
-0.056
-0.065
-0.108
0.001
-0.042
-0.103
0.017
-0.072
-0.046
-0.079
-0.01
-0.038
-0.03
0.0
-0.063
-0.011
-0.073
-0.024
-0.114
0.064
-0.122
-0.028
-0.005
-0.101
-0.025
-0.127
-0.016
-0.075
-0.01
-0.005
0.022
-0.116
-0.183
-0.043
-0.066
-0.125
-0.044
-0.073
-0.035
-0.085
-0.097
-0.058
-0.112
-0.073
-0.02
-0.055
0.008
-0.105
-0.063
-0.006
-0.093
-0.117
-0.083
-0.138
-0.028
-0.013
-0.016
-0.139
-0.139
-0.03
-0.102
-0.044
-0.025
-0.089
-0.028
-0.013
-0.083
-0.103
-0.117
-0.081
-0.026
-0.043
-0.027
-0.116
-0.043
-0.111
-0.092
-0.099
-0.128
-0.082
0.062
-0.034
-0.08
-0.022
-0.026
-0.039
-0.006
-0.039
-0.111
-0.113
-0.054
-0.093
-0.115
-0.115
0.002
-0.006
-0.125
-0.135
-0.117
-0.06
-0.048
-0.054
-0.134
-0.093
-0.125
0.007
-0.118
-0.081
-0.022
-0.035
-0.03
-0.077
-0.038
-0.075
0.031
-0.026
-0.024
0.029
-0.056
0.023
-0.108
-0.069
0.002
-0.208
0.007
-0.059
-0.019
-0.014
-0.036
-0.103
-0.003
-0.099
-0.085
-0.029
-0.087
-0.127
-0.114
-0.047
-0.032
0.027
-0.109
-0.074
-0.051
-0.071
0.067
-0.039
-0.167
-0.019
-0.12
-0.047
0.028
-0.112
-0.041
0.021
-0.079
-0.001
-0.019
-0.024
-0.027
-0.111
-0.142
-0.081
0.072
-0.035
-0.112
-0.089
-0.002
0.01
-0.025
0.029
-0.123
-0.003
-0.014
-0.023
-0.031
-0.127
-0.258
-0.15
-0.105
-0.148
-0.036
-0.019
-0.029
-0.025
-0.042
-0.101
-0.027
-0.112
-0.089
-0.058
0.038
0.002
-0.008
-0.077
-0.076
-0.07
0.017
-0.087
-0.083
0.019
-0.02
-0.095
-0.007
-0.15
-0.089
-0.074
-0.09
-0.082
0.024
-0.061
-0.084
-0.005
-0.103
-0.061
-0.015
-0.06
0.04
-0.016
-0.02
-0.122
-0.047
0.002
-0.041
-0.034
-0.123
-0.081
-0.009
-0.11
0.023
-0.127
-0.141
-0.055
-0.037
0.038
0.051
-0.087
-0.015
-0.076
0.005
-0.091
-0.068
-0.071
-0.074
-0.008
-0.037
-0.048
-0.1
-0.063
-0.111
-0.122
0.023
0.04
-0.028
-0.13
-0.052
-0.007
0.004
-0.106
-0.089
0.032
-0.02
-0.089
-0.034
-0.015
-0.045
-0.093
-0.11
-0.016
-0.112
-0.099
-0.118
-0.054
-0.108
-0.016
0.013
0.018
-0.08
-0.044
-0.101
-0.03
-0.132
-0.049
0.033
-0.019
-0.158
-0.041
-0.022
-0.024
-0.081
-0.016
0.02
-0.077
0.048
-0.042
-0.067
-0.051
-0.119
0.03
-0.033
-0.128
0.044
-0.105
0.045
-0.058
-0.043
-0.018
-0.02
-0.084
-0.056
-0.059
-0.179
-0.108
-0.079
-0.069
0.013
-0.054
-0.074
-0.033
-0.033
0.014
-0.051
0.033
-0.087
0.035
-0.089
-0.023
-0.103
-0.047
-0.123
-0.004
-0.119
-0.084
-0.031
-0.021
0.008
-0.112
0.002
-0.009
-0.085
-0.124
-0.07
-0.043
-0.062
-0.03
-0.076
-0.092
-0.076
-0.075
0.011
-0.057
-0.099
-0.028
-0.039
-0.095
-0.104
-0.017
-0.071
-0.066
0.026
-0.017
-0.041
0.013
-0.123
-0.063
-0.09
-0.044
0.021
-0.077
-0.14
-0.108
-0.045
-0.048
-0.09
-0.031
-0.212
-0.048
-0.052
-0.01
-0.066
-0.064
0.003
-0.069
-0.061
-0.07
-0.16
-0.072
-0.137
0.043
-0.065
-0.009
0.049
-0.027
-0.023
-0.074
0.034
-0.071
-0.043
-0.068
-0.044
-0.132
-0.166
-0.129
-0.068
-0.053
-0.07
-0.117
-0.112
-0.102
-0.187
-0.081
0.001
-0.02
-0.007
-0.013
-0.094
-0.081
-0.112
0.021
-0.099
-0.102
0.094
-0.138
-0.1
-0.048
-0.035
-0.011
-0.043
-0.096
-0.088
-0.085
-0.175
0.023
-0.084
-0.067
-0.056
-0.135
0.009
-0.126
-0.024
-0.067
0.066
-0.015
-0.101
-0.118
-0.065
-0.137
-0.024
-0.123
-0.095
-0.038
-0.011
-0.074
-0.105
-0.075
-0.074
-0.082
-0.066
-0.146
0.047
-0.065
-0.104
-0.033
0.002
-0.028
-0.07
-0.137
-0.138
-0.099
-0.118
-0.032
-0.023
-0.029
-0.023
-0.068
0.003
-0.023
-0.11
-0.13
-0.019
-0.003
-0.05
0.041
-0.029
-0.097
-0.042
-0.024
-0.035
-0.073
-0.143
-0.047
-0.086
-0.037
-0.053
-0.061
-0.136
-0.079
-0.107
0.061
0.0
-0.026
-0.029
-0.16
-0.038
-0.137
-0.099
-0.067
-0.023
-0.011
-0.058
-0.051
-0.115
-0.02
-0.07
-0.087
-0.05
-0.133
-0.04
-0.172
-0.055
-0.131
-0.085
-0.042
-0.101
-0.034
-0.07
0.039
-0.162
-0.012
-0.043
-0.116
-0.125
-0.101
-0.079
-0.085
0.033
-0.092
-0.008
-0.133
-0.038
-0.017
-0.009
-0.185
-0.071
-0.118
-0.028
-0.024
-0.048
-0.071
-0.059
-0.071
-0.058
-0.029
-0.124
-0.023
-0.197
-0.04
-0.061
-0.077
-0.101
-0.112
0.026
-0.078
-0.053
-0.155
-0.116
-0.131
-0.053
-0.038
-0.1
-0.099
-0.031
-0.082
-0.085
0.04
-0.053
-0.07
0.005
0.027
-0.079
0.019
-0.089
-0.123
-0.16
-0.063
-0.158
0.029
-0.086
-0.023
-0.089
-0.157
0.045
0.025
-0.002
-0.188
-0.096
-0.017
-0.119
-0.118
-0.084
-0.117
-0.075
-0.047
-0.119
-0.15
-0.057
-0.118
0.035
-0.009
-0.063
0.011
-0.033
-0.115
-0.04
-0.176
-0.147
-0.097
-0.117
-0.059
-0.05
-0.089
-0.031
-0.081
-0.08
-0.124
-0.067
-0.005
-0.116
-0.013
-0.053
-0.034
-0.042
0.014
-0.062
-0.05
-0.125
-0.079
-0.024
-0.005
-0.044
-0.096
-0.009
-0.024
-0.066
-0.081
-0.055
0.016
-0.205
0.0
0.001
0.02
-0.029
-0.1
-0.122
-0.075
-0.062
-0.086
0.024
-0.115
-0.072
0.016
-0.004
0.05
-0.078
-0.059
0.035
-0.103
-0.146
-0.094
-0.051
-0.025
-0.061
-0.005
-0.069
-0.017
-0.06
-0.02
-0.065
-0.004
-0.051
-0.022
0.017
-0.078
-0.058
-0.069
0.005
0.011
-0.107
-0.005
0.083
0.001
-0.031
-0.092
-0.071
-0.119
-0.044
-0.043
-0.008
-0.181
0.011
-0.125
-0.105
-0.004
-0.201
-0.046
-0.055
-0.109
-0.032
0.007
-0.092
-0.069
0.054
0.017
-0.023
-0.086
-0.059
-0.121
-0.068
-0.023
-0.068
0.036
-0.05
-0.019
-0.079
-0.053
-0.085
-0.094
-0.036
-0.037
-0.037
0.013
-0.113
-0.089
-0.059
-0.081
0.056
-0.026
-0.007
-0.071
-0.177
-0.012
-0.076
-0.106
-0.027
-0.053
-0.072
-0.071
-0.093
-0.044
-0.08
-0.022
-0.124
-0.069
-0.057
-0.107
-0.1
-0.149
-0.056
-0.042
-0.079
-0.057
-0.226
-0.033
-0.126
-0.003
-0.087
-0.055
-0.035
-0.031
-0.091
-0.048
0.012
-0.029
-0.122
-0.042
-0.01
-0.06
-0.027
-0.052
-0.076
-0.1
-0.001
-0.11
-0.093
-0.003
0.005
-0.101
-0.06
-0.065
-0.091
-0.056
-0.159
-0.065
0.059
-0.03
0.039
-0.049
-0.029
-0.07
-0.088
-0.072
-0.045
-0.035
-0.053
-0.012
-0.003
-0.026
-0.029
0.047
-0.034
-0.2
-0.051
-0.12
0.009
-0.038
-0.061
-0.18
-0.084
-0.105
-0.135
-0.042
-0.092
-0.069
-0.058
-0.018
-0.082
-0.067
-0.037
-0.066
-0.054
-0.078
-0.071
-0.103
0.022
-0.118
-0.166
-0.166
-0.127
0.065
-0.044
-0.15
-0.092
-0.101
-0.179
-0.099
-0.104
-0.012
-0.105
-0.129
-0.017
-0.051
-0.05
-0.112
-0.08
-0.045
-0.068
-0.068
0.001
-0.098
0.109
-0.012
-0.131
-0.059
-0.151
-0.06
-0.011
0.027
-0.128
0.067
-0.074
-0.088
-0.09
-0.072
-0.036
-0.076
-0.027
-0.139
-0.052
-0.119
-0.099
0.02
0.014
-0.076
-0.009
-0.006
-0.096
0.031
-0.052
-0.031
-0.069
-0.001
-0.027
-0.099
-0.092
-0.025
-0.041
-0.061
-0.096
-0.154
-0.092
-0.014
-0.001
-0.011
-0.068
-0.092
-0.082
-0.061
-0.072
-0.014
-0.048
-0.1
-0.046
-0.022
-0.127
-0.016
0.028
-0.114
-0.117
-0.12
-0.157
0.03
-0.062
-0.026
-0.045
0.027
-0.13
-0.04
-0.045
0.028
0.004
-0.027
-0.069
0.041
0.018
-0.068
-0.073
-0.049
-0.03
-0.096
0.067
-0.115
0.003
-0.055
-0.062
-0.049
-0.069
-0.123
-0.081
-0.021
-0.072
-0.068
-0.124
-0.055
-0.105
-0.115
0.023
0.016
0.029
-0.061
-0.086
-0.02
-0.09
-0.074
-0.051
-0.062
-0.019
-0.037
-0.084
-0.044
0.016
-0.102
-0.025
-0.034
-0.099
-0.106
-0.072
-0.062
-0.04
-0.118
-0.082
-0.134
-0.074
-0.017
-0.06
-0.082
-0.128
-0.095
-0.043
-0.066
0.033
-0.015
-0.087
-0.111
-0.098
-0.062
-0.088
0.012
-0.06
-0.077
-0.086
-0.037
-0.001
0.031
-0.033
0.0
-0.073
0.01
-0.053
0.087
-0.123
-0.038
-0.049
0.046
-0.083
-0.041
-0.074
-0.1
-0.063
-0.113
-0.142
-0.015
-0.11
-0.05
-0.045
0.0
-0.02
0.038
-0.09
-0.03
-0.057
-0.084
-0.09
-0.072
-0.068
-0.021
-0.007
-0.064
-0.032
-0.08
-0.092
-0.047
-0.147
-0.065
-0.126
-0.088
-0.036
0.004
-0.095
-0.055
0.028
-0.054
-0.03
-0.103
-0.129
-0.024
0.002
-0.086
-0.125
-0.031
-0.058
-0.075
-0.042
-0.139
-0.057
-0.083
-0.067
0.029
-0.063
-0.104
-0.07
-0.098
-0.167
-0.051
-0.094
0.053
-0.096
0.005
-0.091
-0.181
-0.035
-0.108
-0.134
0.003
-0.084
-0.069
-0.117
-0.008
-0.099
0.008
0.017
-0.073
-0.088
-0.07
-0.127
-0.123
-0.097
-0.02
-0.057
-0.073
-0.134
-0.017
0.016
-0.087
-0.078
-0.032
-0.023
-0.057
-0.038
0.008
0.004
-0.043
-0.088
-0.074
-0.075
-0.064
0.017
-0.121
-0.048
-0.172
0.046
-0.094
-0.161
-0.021
-0.072
-0.174
-0.067
-0.014
-0.12
-0.068
-0.11
-0.187
-0.066
-0.163
-0.003
-0.068
-0.067
-0.182
-0.017
-0.12
-0.12
0.013
-0.085
-0.077
0.063
-0.045
-0.073
-0.128
-0.085
0.015
-0.008
-0.085
-0.034
-0.061
0.011
-0.044
-0.097
-0.037
-0.096
-0.148
0.052
-0.007
-0.08
-0.03
-0.094
-0.003
-0.006
-0.037
-0.103
-0.102
-0.139
-0.164
0.037
-0.056
-0.018
-0.111
-0.094
-0.019
-0.045
-0.039
-0.103
-0.148
-0.098
-0.047
0.011
-0.126
-0.057
-0.047
0.009
-0.048
-0.102
-0.104
-0.055
-0.063
-0.162
-0.098
-0.024
-0.114
-0.089
-0.027
-0.046
-0.058
0.003
-0.088
-0.08
-0.141
-0.068
0.008
0.024
-0.009
-0.06
-0.031
0.001
-0.104
-0.03
-0.048
-0.034
-0.142
-0.012
-0.019
-0.039
-0.065
0.012
-0.068
-0.031
-0.125
-0.048
-0.102
-0.072
-0.017
0.075
-0.136
-0.098
-0.056
-0.205
-0.149
-0.044
-0.045
0.0
-0.079
0.014
0.016
-0.107
-0.149
-0.047
-0.065
-0.079
-0.029
-0.093
-0.004
-0.073
-0.019
-0.142
-0.095
-0.024
-0.105
0.06
-0.034
0.004
-0.046
-0.086
-0.061
-0.112
-0.027
-0.019
-0.161
-0.102
0.009
0.027
-0.063
-0.034
0.061
-0.003
-0.014
-0.106
0.027
-0.134
-0.006
-0.056
0.002
-0.056
-0.07
-0.056
-0.015
-0.092
-0.03
0.009
-0.121
-0.08
-0.025
-0.047
-0.029
-0.083
-0.079
-0.109
-0.028
0.02
0.01
0.029
-0.084
-0.122
-0.027
-0.124
-0.06
-0.071
-0.056
0.006
-0.012
0.003
-0.108
-0.053
-0.039
-0.036
-0.016
-0.004
-0.094
0.042
-0.074
0.038
-0.073
-0.022
-0.061
-0.097
-0.119
-0.013
-0.042
-0.072
0.044
-0.095
-0.02
-0.091
-0.121
-0.08
-0.056
-0.046
-0.09
0.013
-0.129
-0.148
-0.108
-0.104
-0.022
0.034
-0.08
-0.098
-0.053
-0.065
-0.147
-0.034
-0.134
-0.081
-0.03
-0.04
-0.08
-0.084
-0.036
-0.052
-0.013
-0.073
-0.127
-0.004
-0.007
-0.071
0.006
-0.061
-0.02
-0.035
-0.052
-0.057
-0.079
-0.012
0.042
0.013
-0.021
-0.091
-0.024
-0.069
-0.067
-0.021
-0.043
-0.074
-0.076
-0.053
-0.033
-0.069
-0.085
-0.051
-0.08
-0.115
-0.058
-0.026
-0.075
0.016
-0.12
0.03
0.033
0.059
0.055
-0.141
-0.153
-0.062
-0.094
-0.055
-0.024
-0.031
-0.101
-0.117
-0.084
-0.061
-0.068
-0.172
-0.102
-0.098
-0.073
-0.089
-0.113
-0.152
-0.063
-0.109
0.038
-0.051
-0.05
-0.128
-0.03
0.007
0.009
-0.093
-0.045
-0.062
0.027
0.042
-0.082
-0.059
0.015
-0.122
-0.038
-0.051
-0.042
-0.033
0.007
-0.111
-0.048
-0.222
-0.135
-0.119
-0.022
-0.092
-0.037
0.009
-0.095
-0.101
-0.016
-0.1
-0.008
0.019
-0.022
-0.051
-0.072
0.014
-0.073
-0.086
-0.018
-0.059
-0.099
-0.077
-0.02
-0.095
0.016
-0.034
-0.121
-0.226
-0.11
-0.192
0.029
-0.037
-0.033
-0.032
-0.08
-0.084
-0.114
-0.048
-0.102
-0.051
-0.062
-0.017
-0.102
-0.059
0.029
-0.071
-0.017
-0.104
-0.003
-0.003
0.0
-0.038
-0.075
-0.029
-0.03
-0.065
-0.085
-0.03
-0.001
0.044
-0.023
-0.151
-0.149
-0.007
-0.02
-0.048
-0.012
-0.004
-0.073
-0.07
-0.053
-0.117
-0.029
-0.072
-0.098
0.068
-0.135
-0.055
-0.066
-0.022
0.031
0.004
0.005
-0.055
-0.091
-0.059
-0.068
-0.013
-0.038
-0.022
-0.081
-0.06
-0.028
-0.02
-0.046
-0.015
-0.007
-0.09
-0.034
-0.082
-0.051
-0.011
-0.144
-0.17
-0.011
0.018
-0.04
-0.031
-0.064
-0.086
0.045
-0.018
-0.048
0.044
-0.089
-0.009
-0.013
-0.056
-0.02
-0.055
-0.022
-0.037
0.003
-0.085
-0.108
-0.075
-0.032
-0.096
-0.195
0.002
-0.164
-0.063
-0.139
-0.138
0.018
-0.073
-0.138
-0.061
-0.03
-0.056
-0.099
-0.078
-0.069
-0.056
-0.016
0.001
-0.117
0.003
-0.054
-0.021
-0.004
-0.048
-0.009
-0.164
-0.033
-0.079
-0.055
-0.067
-0.088
-0.035
-0.078
-0.091
-0.11
-0.018
0.021
-0.044
-0.146
-0.053
-0.048
-0.077
-0.066
-0.044
-0.076
-0.139
-0.145
-0.035
-0.026
-0.009
0.048
-0.071
-0.124
-0.015
-0.068
-0.084
-0.087
-0.093
-0.109
-0.107
-0.019
-0.151
-0.094
-0.05
0.065
-0.045
0.013
-0.009
-0.084
-0.078
-0.182
0.069
-0.045
-0.096
-0.138
-0.108
-0.162
-0.079
-0.053
-0.093
-0.056
-0.125
-0.085
-0.048
-0.115
-0.095
0.005
-0.044
-0.048
-0.134
-0.096
-0.12
-0.07
-0.058
-0.042
-0.078
-0.063
0.037
-0.14
0.046
-0.174
-0.165
-0.032
0.037
-0.103
-0.041
-0.068
-0.037
-0.072
-0.034
0.013
-0.043
-0.114
-0.182
-0.078
-0.093
-0.021
-0.016
-0.081
-0.138
-0.099
0.041
-0.003
-0.012
-0.049
-0.103
-0.066
-0.011
-0.041
-0.15
-0.129
-0.104
-0.078
-0.167
-0.083
-0.12
-0.085
-0.1
-0.059
-0.055
-0.047
-0.122
-0.065
-0.087
-0.042
0.043
0.012
0.021
-0.066
-0.009
-0.144
-0.018
-0.047
-0.03
-0.144
-0.117
-0.176
-0.008
0.015
0.033
-0.108
-0.028
-0.068
-0.062
-0.132
-0.099
-0.072
-0.053
-0.143
-0.089
-0.049
-0.076
-0.121
-0.041
-0.137
-0.053
-0.116
-0.088
-0.098
-0.104
0.007
0.005
-0.108
-0.074
0.012
-0.015
-0.054
-0.153
-0.148
-0.053
-0.071
0.008
-0.14
-0.07
0.005
-0.046
-0.115
-0.043
0.071
-0.067
-0.01
-0.143
-0.104
-0.039
-0.124
-0.062
-0.017
0.058
-0.021
-0.039
-0.073
0.002
0.006
-0.132
-0.028
-0.041
-0.116
-0.089
-0.079
-0.062
-0.1
-0.1
0.011
-0.038
-0.153
-0.041
-0.11
-0.078
-0.082
0.014
0.006
-0.075
-0.061
-0.031
-0.094
-0.157
-0.028
-0.07
-0.02
-0.098
-0.053
-0.01
-0.17
-0.038
-0.187
-0.058
0.012
-0.064
-0.001
-0.009
-0.073
-0.096
-0.09
-0.139
-0.058
-0.121
-0.16
-0.146
-0.125
0.035
-0.03
-0.038
-0.009
-0.05
0.026
-0.053
-0.081
-0.052
-0.129
-0.028
-0.041
-0.035
-0.039
-0.033
-0.117
-0.057
-0.021
-0.035
-0.085
-0.01
-0.126
-0.065
-0.077
-0.151
-0.078
-0.012
-0.133
-0.132
-0.07
-0.04
0.123
0.004
0.025
-0.086
0.053
-0.022
-0.088
-0.079
-0.036
-0.007
-0.027
-0.021
-0.088
-0.054
0.0
-0.017
-0.018
-0.013
-0.038
0.017
-0.087
-0.003
-0.047
-0.148
-0.023
-0.022
-0.045
-0.102
-0.006
-0.107
-0.07
-0.093
-0.012
-0.039
-0.168
-0.095
0.01
0.029
-0.121
-0.122
-0.097
-0.113
-0.016
-0.061
-0.111
-0.147
-0.087
-0.047
-0.053
-0.006
-0.082
-0.026
-0.093
-0.002
-0.081
-0.009
-0.008
-0.059
-0.043
-0.024
-0.08
-0.084
-0.133
-0.05
-0.038
-0.006
0.0
-0.08
-0.024
-0.103
-0.1
-0.127
-0.157
-0.117
-0.093
-0.084
-0.06
-0.009
-0.032
-0.114
-0.091
-0.126
-0.045
-0.139
-0.093
-0.051
0.03
0.028
-0.019
-0.086
-0.145
-0.041
-0.063
0.036
-0.1
-0.066
-0.107
-0.184
-0.167
-0.133
-0.1
-0.105
-0.113
0.031
-0.105
-0.104
-0.006
-0.027
-0.115
-0.108
-0.058
-0.117
-0.048
-0.02
-0.086
-0.031
-0.095
-0.006
-0.079
0.002
-0.054
-0.106
-0.009
-0.071
-0.118
-0.027
-0.076
-0.078
-0.109
-0.057
-0.076
-0.227
0.011
-0.049
-0.063
-0.064
-0.034
-0.026
-0.091
0.012
-0.092
-0.127
-0.122
-0.036
-0.115
-0.026
-0.067
0.027
-0.028
-0.061
-0.037
-0.058
0.015
-0.089
-0.084
-0.117
-0.118
0.017
0.044
-0.073
-0.145
-0.023
-0.152
-0.066
-0.085
-0.114
-0.051
-0.064
-0.039
-0.035
-0.054
-0.034
-0.018
-0.083
-0.156
-0.128
-0.035
-0.049
-0.11
-0.058
-0.066
0.025
-0.097
-0.013
-0.055
-0.098
-0.104
0.037
-0.069
-0.032
-0.036
-0.092
-0.15
-0.062
-0.134
-0.103
-0.14
-0.038
-0.058
-0.112
-0.05
-0.08
0.011
-0.069
0.025
-0.085
-0.124
-0.067
-0.091
0.053
-0.072
0.053
-0.065
-0.126
-0.11
-0.132
-0.098
-0.078
-0.001
-0.06
-0.065
-0.134
-0.08
-0.074
-0.032
-0.025
-0.073
-0.039
-0.11
-0.067
-0.003
0.004
-0.095
-0.001
-0.022
-0.103
-0.08
-0.064
-0.013
-0.015
-0.128
-0.053
-0.047
-0.034
-0.142
-0.068
-0.066
0.011
0.069
-0.123
0.035
-0.044
-0.044
-0.143
-0.068
-0.028
-0.033
-0.066
-0.081
-0.064
-0.079
-0.031
-0.128
-0.149
-0.053
-0.043
-0.051
-0.078
-0.049
-0.048
-0.105
-0.073
-0.077
-0.024
-0.126
-0.054
-0.131
0.016
-0.152
-0.132
-0.01
-0.065
-0.023
-0.041
-0.035
-0.082
-0.047
-0.012
-0.008
-0.081
-0.058
-0.124
-0.08
-0.062
-0.112
-0.043
-0.05
-0.09
-0.041
-0.108
-0.1
-0.097
-0.037
0.014
-0.146
-0.12
-0.098
-0.061
-0.046
-0.1
-0.081
-0.073
-0.017
-0.072
-0.058
-0.018
0.009
-0.026
-0.029
-0.101
-0.114
0.041
-0.04
-0.012
-0.054
-0.06
-0.028
-0.001
-0.044
-0.058
-0.052
-0.082
-0.05
-0.007
0.066
-0.119
-0.145
-0.199
-0.001
-0.086
-0.065
-0.063
-0.046
-0.168
-0.027
0.04
-0.058
-0.008
-0.052
-0.011
0.009
-0.004
0.025
-0.134
-0.045
-0.066
-0.013
-0.058
-0.04
-0.05
-0.05
-0.085
-0.103
-0.058
-0.011
-0.098
-0.162
-0.022
-0.053
0.008
-0.108
-0.033
-0.144
-0.053
-0.054
-0.055
-0.072
-0.093
-0.027
-0.052
-0.108
0.021
-0.075
-0.081
-0.002
-0.144
-0.006
-0.039
-0.037
-0.05
0.026
-0.033
-0.114
-0.169
-0.018
-0.152
-0.069
-0.007
-0.086
-0.079
-0.11
-0.129
-0.115
-0.026
-0.068
-0.114
-0.087
-0.046
-0.126
-0.167
-0.128
-0.036
-0.061
-0.143
-0.004
-0.092
-0.059
-0.039
-0.201
-0.078
-0.047
-0.103
-0.009
-0.098
-0.032
-0.1
-0.081
-0.136
0.004
-0.032
-0.023
-0.077
-0.024
0.001
-0.009
-0.022
-0.131
-0.084
-0.059
-0.195
0.002
-0.061
-0.161
0.017
-0.062
-0.105
-0.119
-0.084
-0.116
-0.075
-0.137
-0.02
-0.092
-0.007
0.063
0.005
-0.114
-0.022
-0.093
-0.005
-0.01
-0.096
-0.041
0.045
-0.119
0.022
-0.1
-0.084
-0.019
-0.038
0.045
0.016
-0.097
-0.06
-0.114
-0.051
-0.053
-0.045
-0.039
-0.062
-0.063
-0.026
0.0
-0.118
0.008
-0.125
-0.01
-0.048
-0.142
-0.01
-0.009
-0.133
0.005
-0.083
-0.139
-0.046
-0.017
-0.12
-0.099
0.001
-0.036
-0.033
-0.125
-0.071
-0.052
-0.091
-0.002
-0.095
-0.138
0.009
-0.112
-0.009
0.013
-0.098
-0.107
-0.095
-0.067
-0.07
-0.051
-0.042
-0.023
-0.095
-0.042
-0.144
-0.108
-0.047
-0.075
-0.068
-0.032
-0.129
-0.075
-0.125
-0.002
-0.179
-0.12
-0.021
-0.136
-0.061
-0.02
0.021
-0.057
-0.02
-0.065
-0.025
-0.091
-0.083
0.041
-0.083
-0.023
-0.073
0.022
-0.056
0.038
-0.174
-0.128
-0.05
-0.048
-0.07
-0.092
-0.065
-0.024
-0.095
-0.059
-0.036
-0.167
-0.092
0.005
-0.093
-0.075
-0.057
-0.058
-0.015
0.046
-0.096
-0.144
-0.03
-0.034
-0.103
-0.143
-0.036
-0.018
-0.008
-0.064
-0.143
-0.034
-0.034
-0.124
-0.065
-0.139
-0.024
-0.119
-0.06
-0.032
-0.067
-0.08
-0.043
-0.146
-0.121
-0.009
-0.191
-0.09
-0.136
-0.176
-0.013
-0.107
-0.053
-0.048
-0.005
-0.015
-0.003
0.002
-0.096
-0.115
-0.114
-0.112
-0.006
-0.083
-0.115
-0.093
-0.013
-0.021
-0.094
-0.002
-0.159
-0.071
-0.13
-0.023
0.005
-0.076
-0.104
-0.106
-0.054
-0.017
-0.036
-0.057
-0.003
0.01
-0.018
-0.137
-0.1
-0.029
-0.063
-0.03
-0.033
0.003
-0.103
-0.001
-0.118
0.034
-0.042
-0.017
0.01
-0.044
-0.203
-0.117
-0.097
-0.018
-0.144
0.002
-0.066
0.017
-0.084
-0.026
-0.021
0.017
-0.079
-0.004
-0.051
-0.017
-0.012
-0.151
-0.097
-0.098
-0.055
-0.092
-0.024
-0.069
0.002
-0.162
-0.066
-0.027
-0.021
-0.074
-0.039
0.02
-0.137
0.017
-0.02
-0.011
-0.119
-0.058
-0.114
-0.004
-0.043
-0.08
-0.061
-0.028
-0.151
-0.124
0.06
-0.075
-0.061
-0.026
-0.075
-0.057
-0.072
-0.074
-0.161
-0.036
-0.085
-0.084
-0.121
-0.05
-0.05
-0.022
-0.109
-0.081
-0.053
-0.086
-0.135
-0.095
-0.038
-0.214
0.025
-0.035
-0.113
0.007
-0.002
-0.047
-0.076
-0.062
-0.065
-0.089
-0.036
-0.038
-0.149
-0.048
-0.221
-0.044
-0.124
-0.044
-0.133
-0.037
-0.021
-0.053
-0.064
0.011
0.041
-0.024
-0.118
0.049
-0.1
-0.053
0.025
-0.016
-0.122
-0.144
0.016
-0.163
-0.064
0.0
0.002
-0.062
-0.011
0.041
-0.162
-0.12
-0.126
0.024
-0.088
-0.144
-0.063
-0.112
-0.001
-0.022
0.0
-0.169
-0.005
-0.112
-0.016
0.051
-0.158
-0.035
-0.106
-0.061
-0.086
-0.01
-0.076
0.022
0.066
-0.117
-0.086
-0.08
-0.062
-0.05
-0.059
-0.056
-0.12
-0.092
-0.046
-0.058
-0.131
0.018
-0.145
-0.149
-0.116
-0.027
-0.173
-0.131
0.015
-0.01
-0.041
-0.013
-0.02
-0.043
-0.055
-0.105
-0.134
-0.022
-0.068
-0.059
-0.048
-0.055
-0.095
0.003
-0.102
-0.135
-0.116
-0.099
-0.024
-0.073
-0.075
-0.078
-0.012
-0.159
-0.033
-0.056
-0.019
0.012
-0.059
-0.062
-0.013
-0.046
0.034
-0.036
-0.074
-0.133
-0.045
-0.032
-0.029
-0.041
-0.014
0.004
0.033
-0.14
-0.07
0.028
-0.007
-0.2
-0.117
-0.087
-0.141
-0.016
-0.057
-0.05
0.046
-0.039
-0.138
-0.106
-0.055
-0.034
-0.047
-0.018
-0.092
-0.102
-0.108
-0.145
-0.061
-0.108
-0.091
-0.049
0.003
-0.063
-0.096
-0.113
-0.117
-0.038
0.024
-0.026
-0.089
-0.062
-0.106
-0.07
-0.079
0.024
-0.061
0.024
-0.052
-0.057
-0.116
0.051
-0.026
-0.109
-0.02
-0.026
-0.136
0.022
-0.132
-0.003
-0.018
-0.098
-0.018
-0.021
-0.018
-0.051
0.033
-0.045
-0.086
-0.051
-0.054
-0.071
-0.112
-0.11
-0.139
-0.055
0.002
-0.125
0.0
-0.07
-0.059
0.025
-0.065
-0.165
-0.14
-0.092
-0.011
0.006
-0.034
-0.175
-0.174
-0.144
-0.075
-0.102
-0.132
-0.066
0.028
-0.016
-0.026
-0.019
-0.033
-0.091
-0.018
-0.02
-0.111
-0.102
-0.07
-0.1
-0.125
-0.128
-0.074
-0.066
0.044
-0.095
-0.044
-0.044
-0.136
-0.041
-0.058
-0.163
-0.104
-0.054
-0.038
-0.008
-0.035
-0.058
-0.036
-0.051
-0.125
-0.063
-0.102
0.006
-0.106
-0.042
0.011
-0.054
-0.07
-0.087
-0.114
0.017
-0.039
-0.068
0.043
-0.05
0.03
-0.151
-0.005
-0.009
-0.011
-0.099
-0.028
-0.112
0.025
-0.09
-0.043
-0.013
-0.026
0.015
-0.093
-0.071
-0.11
-0.073
-0.136
-0.116
0.027
-0.027
-0.091
-0.021
-0.012
-0.145
0.017
0.043
-0.16
-0.108
-0.102
-0.124
-0.152
-0.133
0.041
-0.068
-0.062
-0.133
-0.032
-0.123
-0.065
-0.002
-0.045
-0.081
-0.026
0.037
-0.027
0.02
-0.041
-0.035
-0.133
-0.059
-0.024
-0.067
-0.045
-0.029
-0.058
-0.184
-0.074
-0.053
-0.095
-0.089
-0.047
-0.006
-0.186
-0.02
0.065
-0.148
-0.11
-0.068
-0.119
-0.118
0.09
0.002
-0.061
-0.012
-0.041
-0.007
-0.079
-0.059
-0.051
-0.116
-0.017
-0.07
-0.024
0.03
-0.097
-0.141
-0.165
-0.043
-0.108
-0.144
-0.107
-0.064
-0.105
-0.015
-0.103
-0.051
-0.079
-0.026
-0.049
-0.04
0.031
-0.119
-0.025
-0.052
-0.092
-0.172
-0.139
-0.022
-0.01
-0.12
0.013
-0.163
-0.113
-0.098
-0.051
-0.042
-0.075
-0.064
-0.071
-0.044
-0.074
0.002
0.018
-0.042
-0.072
-0.012
-0.076
-0.1
-0.048
-0.111
-0.055
-0.04
-0.027
0.06
-0.009
-0.114
-0.16
0.066
-0.083
-0.069
-0.001
-0.016
-0.086
-0.094
-0.046
0.028
-0.047
-0.073
-0.06
-0.088
-0.052
-0.092
-0.011
-0.01
-0.065
-0.048
-0.016
-0.062
-0.145
-0.087
-0.033
-0.057
-0.182
0.004
-0.074
-0.054
-0.124
-0.051
-0.059
-0.082
-0.085
-0.026
-0.136
-0.084
-0.076
-0.072
-0.089
-0.055
-0.089
-0.009
-0.02
-0.093
0.013
-0.001
-0.163
-0.126
-0.06
-0.019
-0.024
-0.053
-0.064
0.042
0.02
-0.148
-0.06
0.002
0.077
-0.018
-0.054
-0.054
-0.007
-0.086
-0.081
-0.076
-0.175
-0.033
-0.061
-0.104
-0.033
-0.036
-0.075
-0.087
-0.087
-0.007
0.067
-0.085
-0.161
-0.01
0.013
0.023
0.014
-0.12
0.015
-0.046
-0.053
-0.025
0.017
-0.089
-0.038
-0.119
-0.174
-0.069
-0.05
-0.081
0.033
0.089
-0.03
-0.05
0.024
-0.056
-0.061
-0.036
0.002
-0.114
-0.11
-0.157
-0.011
-0.007
-0.11
-0.053
-0.065
-0.07
-0.029
-0.095
-0.036
-0.15
-0.064
-0.092
-0.079
-0.02
-0.012
0.069
-0.046
-0.175
-0.04
-0.072
-0.101
0.001
-0.073
0.004
-0.053
-0.052
-0.056
-0.002
0.013
-0.052
-0.08
-0.125
-0.057
-0.121
-0.089
-0.114
-0.015
0.011
-0.113
-0.043
-0.079
-0.058
-0.118
-0.021
-0.124
-0.03
-0.096
-0.072
0.002
-0.048
-0.074
-0.062
0.026
0.001
-0.06
-0.1
-0.115
-0.045
-0.052
-0.032
-0.045
-0.132
-0.069
-0.004
0.044
-0.069
-0.151
-0.07
-0.003
-0.179
0.008
-0.016
-0.056
-0.12
-0.072
0.026
-0.127
0.021
-0.013
-0.074
-0.052
-0.024
-0.004
-0.058
-0.006
-0.152
-0.142
-0.085
-0.068
-0.082
-0.077
0.008
0.011
-0.088
-0.112
-0.085
-0.04
-0.099
-0.145
-0.145
-0.067
-0.047
-0.074
-0.028
-0.03
-0.014
-0.015
-0.08
-0.117
0.077
-0.056
-0.03
-0.013
-0.099
-0.017
-0.073
0.014
-0.207
-0.021
-0.088
0.035
0.01
-0.062
-0.088
-0.017
-0.08
-0.083
-0.048
0.001
0.009
-0.059
-0.002
-0.031
-0.019
-0.078
-0.084
-0.063
-0.123
-0.027
-0.104
-0.021
-0.068
-0.004
-0.032
-0.016
-0.061
-0.053
-0.12
-0.035
-0.145
-0.007
-0.024
-0.056
-0.193
-0.065
-0.032
-0.1
-0.145
-0.111
-0.075
-0.055
-0.017
-0.003
-0.054
-0.063
-0.024
-0.11
0.012
0.047
-0.106
-0.064
0.021
-0.045
-0.075
-0.055
-0.124
-0.116
-0.038
-0.084
-0.055
-0.129
0.072
-0.013
-0.066
0.067
-0.05
-0.029
-0.022
-0.005
0.01
-0.196
-0.113
0.014
0.021
-0.016
-0.066
-0.108
-0.022
-0.003
-0.022
-0.095
0.019
-0.082
-0.075
-0.041
-0.097
0.007
-0.076
-0.028
-0.118
-0.081
-0.077
-0.172
-0.053
-0.011
-0.034
-0.037
-0.071
-0.073
-0.097
-0.117
-0.021
-0.07
-0.001
-0.063
-0.113
-0.122
-0.1
0.001
0.014
-0.105
-0.019
-0.031
-0.091
0.016
-0.051
0.012
-0.041
-0.063
0.012
0.022
-0.073
-0.085
-0.106
-0.035
0.005
-0.04
-0.039
-0.081
-0.116
-0.112
-0.111
-0.077
-0.034
-0.118
-0.08
-0.039
-0.019
-0.054
-0.025
-0.056
-0.034
-0.062
-0.054
-0.09
-0.063
-0.027
0.065
-0.006
-0.014
0.029
-0.058
0.027
-0.099
-0.015
-0.067
-0.074
-0.028
-0.057
-0.077
-0.199
-0.119
-0.12
-0.13
-0.043
-0.068
-0.096
-0.046
-0.063
0.05
-0.152
-0.058
-0.099
-0.046
-0.04
-0.086
-0.095
-0.044
-0.05
-0.115
-0.038
-0.071
-0.093
0.023
-0.13
0.042
-0.045
0.039
-0.096
-0.069
-0.06
-0.068
-0.039
-0.034
-0.069
-0.036
-0.086
-0.097
-0.078
0.0
-0.072
-0.014
-0.075
0.017
-0.141
-0.11
0.024
-0.023
-0.107
-0.005
0.003
-0.074
-0.11
-0.047
-0.104
-0.116
-0.053
-0.053
0.007
-0.09
0.006
0.01
-0.11
-0.071
0.047
-0.012
-0.088
-0.071
0.009
0.03
-0.023
0.042
-0.016
-0.073
-0.02
-0.06
-0.09
-0.018
-0.148
-0.07
-0.042
-0.031
-0.064
-0.103
-0.021
-0.016
-0.038
0.031
-0.059
-0.067
-0.015
-0.008
0.026
-0.128
-0.03
-0.006
-0.055
-0.093
-0.008
-0.013
-0.015
-0.04
0.004
-0.115
-0.118
-0.017
0.052
0.027
-0.169
-0.005
-0.053
0.022
0.01
-0.063
-0.095
0.004
-0.014
-0.152
-0.061
-0.072
-0.074
-0.056
-0.119
-0.013
-0.099
-0.054
-0.139
-0.138
-0.061
-0.081
-0.071
-0.07
-0.063
0.039
0.031
-0.031
-0.075
-0.073
-0.08
-0.048
-0.087
-0.103
-0.133
-0.011
-0.028
0.043
-0.086
0.04
-0.016
-0.138
-0.17
-0.023
-0.09
-0.069
-0.021
0.034
-0.055
-0.139
-0.114
-0.005
-0.031
-0.113
-0.053
-0.008
-0.081
-0.004
-0.115
-0.126
-0.125
-0.155
-0.094
-0.149
-0.07
-0.047
-0.099
-0.125
-0.174
-0.118
-0.062
-0.026
-0.004
-0.026
-0.1
-0.174
-0.1
-0.057
0.005
-0.044
-0.113
-0.108
0.049
0.02
-0.048
-0.091
-0.074
-0.107
-0.098
-0.016
0.024
-0.052
-0.082
-0.096
-0.036
-0.075
-0.062
0.009
-0.088
-0.058
-0.018
0.04
-0.049
-0.204
-0.047
-0.09
-0.083
0.004
-0.037
-0.169
0.026
-0.046
0.091
-0.032
-0.086
-0.169
0.018
-0.099
-0.094
-0.055
-0.035
-0.092
-0.106
-0.07
-0.036
-0.05
-0.008
-0.11
-0.044
-0.157
-0.025
-0.074
-0.147
-0.039
-0.109
-0.074
-0.03
-0.194
-0.111
-0.016
-0.014
-0.034
-0.03
-0.077
-0.128
-0.014
-0.033
-0.121
-0.101
-0.054
-0.047
-0.139
-0.108
-0.012
-0.165
-0.047
-0.041
-0.057
-0.058
0.075
0.005
-0.066
-0.072
0.002
-0.005
0.015
-0.061
-0.059
-0.134
-0.079
-0.068
-0.057
-0.107
-0.027
0.008
-0.014
-0.039
-0.051
-0.013
-0.103
-0.127
-0.11
0.072
-0.05
-0.009
-0.081
-0.083
-0.045
-0.019
-0.121
-0.05
-0.036
-0.059
-0.038
-0.019
0.017
0.023
-0.136
-0.124
-0.125
-0.077
-0.025
-0.053
-0.022
0.03
-0.14
-0.151
-0.011
-0.069
-0.007
-0.104
0.007
-0.091
0.004
-0.042
-0.038
-0.005
-0.096
-0.087
-0.09
-0.022
-0.067
-0.079
-0.032
-0.046
0.017
-0.064
-0.075
-0.052
0.063
-0.068
-0.017
-0.098
-0.139
-0.011
0.014
-0.135
-0.057
-0.062
-0.03
0.026
-0.052
-0.015
-0.057
0.015
-0.097
-0.139
-0.068
-0.1
-0.068
-0.049
-0.024
-0.118
-0.085
-0.134
-0.032
-0.048
-0.024
0.058
-0.154
-0.034
-0.049
-0.032
-0.067
-0.068
-0.123
-0.082
-0.173
0.004
-0.034
-0.024
-0.068
-0.072
0.036
-0.046
-0.052
-0.127
-0.003
-0.141
-0.002
-0.022
-0.085
-0.066
-0.046
0.007
-0.125
-0.178
-0.038
-0.029
-0.024
-0.017
0.011
-0.036
-0.007
-0.035
-0.026
-0.064
-0.008
-0.065
-0.068
-0.037
-0.01
-0.064
-0.028
-0.104
0.056
-0.051
-0.096
-0.107
-0.131
0.067
-0.051
0.001
0.023
-0.044
-0.025
-0.067
-0.101
-0.091
-0.004
-0.089
0.064
-0.073
-0.046
-0.01
-0.075
-0.043
-0.123
-0.017
0.084
0.002
-0.034
-0.082
-0.095
-0.023
-0.09
-0.01
-0.05
0.045
0.021
-0.038
-0.06
0.051
-0.078
-0.072
-0.035
-0.06
-0.083
-0.02
0.054
-0.126
-0.049
-0.12
-0.007
-0.031
-0.122
-0.092
-0.063
-0.107
-0.113
0.0
-0.015
-0.039
-0.069
-0.095
-0.1
-0.036
-0.066
-0.054
-0.101
-0.121
-0.112
-0.073
-0.106
-0.053
-0.077
-0.149
-0.028
0.024
-0.13
-0.018
-0.064
-0.066
-0.093
0.028
0.024
-0.037
-0.096
-0.012
-0.062
-0.075
-0.096
-0.048
-0.086
-0.08
0.014
-0.153
-0.029
-0.154
-0.058
-0.088
-0.208
-0.058
-0.105
-0.049
-0.067
-0.103
-0.005
-0.039
0.016
-0.106
-0.004
-0.051
-0.059
-0.041
-0.109
-0.004
-0.135
-0.007
-0.007
-0.101
-0.001
-0.018
-0.03
-0.037
-0.135
-0.034
-0.131
-0.056
0.014
-0.024
-0.048
-0.068
0.004
-0.078
-0.081
-0.067
-0.097
-0.002
0.087
-0.019
-0.067
-0.207
0.044
-0.063
-0.183
-0.018
-0.041
-0.003
-0.119
-0.162
0.004
-0.08
-0.094
-0.024
-0.038
-0.033
-0.098
0.017
-0.112
0.013
-0.072
-0.081
-0.043
-0.15
-0.064
0.051
-0.034
-0.028
-0.101
-0.083
-0.142
-0.074
-0.132
-0.138
-0.158
-0.036
0.007
-0.051
-0.033
0.017
-0.161
-0.042
-0.084
-0.041
0.018
-0.078
0.042
-0.06
-0.137
-0.081
0.012
-0.072
-0.118
-0.049
0.016
-0.025
-0.075
-0.172
-0.09
-0.014
-0.164
-0.104
0.01
0.056
-0.071
-0.075
-0.044
-0.087
-0.082
-0.006
-0.012
-0.066
-0.07
-0.069
-0.065
-0.036
0.064
-0.098
-0.079
-0.16
-0.061
0.0
-0.008
-0.069
-0.125
-0.003
-0.081
-0.122
-0.017
-0.113
-0.06
-0.022
-0.162
-0.036
0.058
-0.077
-0.113
-0.064
-0.135
-0.095
-0.05
-0.054
0.01
-0.067
-0.111
-0.047
-0.013
-0.028
-0.028
-0.032
-0.08
-0.088
-0.087
-0.123
-0.122
-0.073
-0.06
-0.04
-0.078
-0.028
0.03
0.015
-0.072
-0.048
-0.102
-0.019
-0.026
-0.088
-0.098
-0.043
-0.047
-0.033
-0.103
-0.073
-0.132
-0.055
-0.062
-0.019
-0.129
-0.022
-0.112
-0.093
-0.068
-0.078
-0.046
-0.046
-0.07
-0.119
-0.118
-0.005
-0.092
-0.106
-0.066
-0.033
-0.083
-0.183
-0.07
-0.004
-0.165
-0.141
-0.063
-0.006
-0.014
-0.066
0.006
-0.059
-0.168
-0.022
-0.103
-0.084
-0.125
-0.092
-0.126
-0.135
-0.049
-0.126
-0.039
-0.016
-0.031
-0.019
-0.111
-0.072
-0.054
0.032
-0.076
-0.044
-0.051
-0.077
-0.089
-0.093
-0.014
-0.078
-0.083
-0.014
-0.013
-0.094
-0.035
0.031
-0.034
-0.081
0.005
-0.155
-0.04
-0.043
-0.04
-0.089
-0.117
0.01
-0.088
-0.069
-0.066
-0.154
0.006
-0.111
0.018
-0.015
-0.045
-0.022
-0.046
-0.053
-0.104
-0.01
-0.087
-0.027
-0.061
-0.074
0.037
-0.131
-0.017
-0.035
-0.01
-0.141
-0.061
-0.084
-0.146
-0.005
-0.041
-0.052
-0.067
-0.02
-0.049
-0.011
-0.061
-0.024
-0.068
-0.058
-0.05
-0.057
-0.045
-0.094
-0.031
-0.013
-0.12
-0.034
-0.065
-0.057
-0.1
-0.098
-0.057
-0.078
-0.053
0.002
-0.029
-0.041
0.0
-0.141
-0.029
0.03
-0.169
-0.01
-0.064
-0.081
-0.096
-0.075
-0.091
-0.116
-0.056
-0.141
-0.063
-0.096
-0.044
-0.064
-0.019
-0.106
-0.073
-0.013
-0.029
-0.082
-0.015
-0.058
-0.079
-0.064
-0.024
0.009
-0.1
-0.067
-0.003
-0.104
-0.042
-0.06
-0.087
0.012
-0.069
-0.044
-0.134
-0.096
-0.033
-0.122
-0.078
-0.032
-0.011
-0.084
-0.076
-0.057
-0.013
0.08
0.002
-0.073
-0.02
-0.005
-0.049
-0.173
-0.051
0.043
-0.105
-0.066
0.007
-0.12
-0.079
0.009
-0.123
-0.127

