-0.085
-0.098
-0.031
-0.064
-0.064
-0.051
-0.141
-0.078
-0.031
-0.016
-0.081
-0.017
0.026
-0.066
-0.099
-0.003
-0.025
-0.049
-0.07
0.016
-0.13
-0.099
-0.054
-0.071
-0.05
0.072
-0.036
-0.051
0.05
-0.077
0.026
-0.006
-0.014
-0.153
-0.005
0.013
-0.048
-0.042
0.001
-0.087
-0.019
-0.027
-0.08
-0.034
-0.087
-0.048
-0.065
-0.04
-0.022
-0.074
-0.052
-0.012
0.008
-0.024
-0.103
-0.052
-0.05
0.017
-0.019
-0.122
-0.015
-0.019
-0.072
-0.081
0.012
-0.062
-0.127
-0.019
-0.048
-0.05
-0.103
-0.057
-0.059
-0.066
0.031
-0.05
-0.013
-0.057
-0.031
0.002
-0.033
-0.074
0.016
-0.035
-0.013
-0.089
-0.038
0.044
-0.053
-0.08
-0.1
-0.085
-0.003
-0.019
0.016
-0.062
-0.043
-0.003
-0.067
-0.054
-0.032
-0.061
-0.158
0.002
-0.098
0.027
-0.116
-0.029
-0.024
-0.044
-0.084
-0.01
-0.021
-0.1
-0.082
-0.09
-0.05
-0.073
-0.114
-0.024
-0.009
0.02
-0.091
0.018
0.018
-0.048
-0.003
-0.053
-0.008
-0.024
-0.102
-0.038
-0.067
-0.017
-0.002
-0.047
-0.054
-0.077
-0.049
0.002
-0.041
-0.09
-0.042
-0.038
-0.095
0.033
-0.069
-0.062
-0.084
-0.096
0.024
0.029
-0.023
-0.113
-0.007
-0.023
-0.088
-0.054
-0.101
-0.011
-0.04
-0.08
-0.069
-0.046
-0.026
-0.051
-0.014
-0.098
-0.05
0.003
-0.087
-0.107
-0.063
-0.021
0.016
0.058
-0.037
-0.046
-0.103
-0.063
-0.106
-0.075
-0.111
-0.086
-0.006
-0.041
0.023
0.02
-0.136
-0.003
-0.082
-0.024
-0.022
0.011
-0.056
-0.039
-0.095
0.023
-0.076
-0.056
-0.084
-0.017
-0.015
-0.064
0.011
-0.015
-0.033
-0.018
-0.043
-0.033
-0.022
-0.103
-0.048
-0.052
-0.044
-0.094
-0.081
0.026
0.02
0.001
-0.047
-0.103
-0.029
-0.032
-0.084
-0.092
0.006
-0.046
-0.02
-0.132
-0.115
-0.031
0.002
-0.008
0.003
-0.076
-0.027
-0.045
-0.008
-0.16
-0.079
-0.04
-0.092
-0.072
-0.099
-0.075
-0.027
-0.091
-0.078
-0.006
-0.064
-0.028
-0.091
0.015
-0.13
-0.06
-0.02
-0.082
-0.018
-0.099
-0.1
-0.059
-0.104
-0.099
-0.08
-0.072
-0.013
-0.081
-0.079
-0.013
-0.109
-0.059
0.001
-0.016
-0.093
-0.041
-0.029
-0.049
-0.102
-0.053
-0.037
-0.003
-0.065
-0.08
-0.094
-0.062
-0.098
-0.007
-0.122
0.013
-0.041
-0.061
-0.002
-0.114
-0.002
0.004
-0.016
0.0
-0.111
-0.044
-0.079
-0.033
-0.138
-0.009
-0.077
-0.049
-0.125
-0.036
-0.053
-0.05
-0.08
0.039
0.022
-0.08
-0.018
-0.078
-0.037
-0.073
-0.006
-0.075
-0.098
-0.109
0.012
-0.039
0.008
-0.106
-0.014
-0.002
-0.123
0.031
0.041
-0.033
-0.009
-0.094
-0.023
-0.035
0.016
-0.082
-0.119
-0.097
-0.03
-0.083
-0.02
-0.01
-0.037
-0.091
-0.034
-0.1
-0.037
-0.036
-0.032
-0.064
-0.105
-0.048
-0.07
-0.018
-0.113
-0.107
-0.012
-0.054
-0.084
-0.123
-0.044
-0.017
-0.051
0.011
-0.072
-0.099
-0.068
-0.068
-0.089
-0.076
-0.053
-0.08
-0.049
-0.054
-0.047
0.024
-0.035
-0.117
-0.006
-0.018
-0.04
-0.062
-0.074
-0.054
0.047
-0.062
-0.137
-0.002
-0.094
-0.002
-0.027
-0.072
-0.043
-0.024
-0.042
-0.029
-0.041
-0.036
-0.068
-0.076
-0.007
0.055
-0.096
-0.062
-0.046
-0.08
-0.015
-0.036
0.026
-0.074
-0.12
-0.049
-0.055
-0.052
-0.062
-0.006
-0.032
0.016
-0.08
-0.011
-0.028
-0.077
0.012
-0.003
-0.026
-0.025
-0.007
0.002
-0.012
-0.046
-0.08
-0.056
-0.007
-0.085
-0.049
-0.092
-0.072
-0.06
-0.063
-0.094
-0.042
0.017
0.03
-0.009
-0.115
-0.063
0.013
-0.11
-0.002
-0.069
0.011
-0.078
0.043
-0.106
-0.006
-0.107
-0.027
-0.001
-0.038
-0.028
0.027
-0.046
-0.057
-0.048
-0.119
-0.01
-0.073
-0.114
-0.11
-0.061
-0.051
-0.063
-0.069
-0.019
-0.056
-0.049
-0.005
-0.098
0.023
-0.055
-0.068
-0.151
0.009
0.01
-0.125
0.017
-0.096
0.016
-0.038
-0.022
-0.025
-0.054
-0.011
0.014
-0.026
-0.09
-0.034
-0.033
-0.069
-0.021
-0.042
-0.056
0.041
-0.088
0.02
-0.044
-0.037
-0.039
-0.023
-0.063
-0.034
-0.037
-0.039
-0.09
-0.036
-0.067
-0.05
-0.079
-0.142
-0.016
-0.027
0.016
-0.089
0.035
-0.05
0.008
-0.113
0.014
-0.042
0.002
-0.044
-0.022
-0.087
-0.001
-0.001
-0.052
-0.103
-0.091
-0.025
0.018
-0.036
-0.087
-0.01
0.065
-0.063
0.032
-0.064
0.022
0.074
-0.081
-0.032
-0.05
-0.032
-0.065
0.001
-0.091
-0.017
-0.032
-0.031
-0.029
-0.085
-0.037
-0.096
-0.046
-0.015
0.003
-0.012
-0.001
-0.125
-0.062
-0.127
-0.028
-0.041
0.053
-0.069
-0.048
-0.061
-0.016
-0.037
-0.115
-0.054
-0.092
-0.003
-0.004
-0.108
-0.095
-0.099
-0.064
-0.073
-0.139
-0.102
-0.066
0.004
-0.01
-0.093
-0.04
0.007
-0.019
-0.031
0.044
-0.046
-0.034
-0.047
-0.038
-0.058
-0.009
-0.004
-0.011
-0.039
0.033
-0.037
-0.052
-0.039
-0.088
0.001
-0.032
0.006
0.002
-0.016
-0.069
0.001
0.011
-0.085
-0.084
-0.095
0.03
-0.017
0.001
0.002
-0.035
0.064
-0.057
-0.024
-0.083
-0.037
-0.028
-0.088
-0.139
-0.04
-0.042
-0.049
-0.123
-0.02
-0.14
-0.072
0.049
-0.018
-0.06
-0.03
-0.106
-0.092
-0.027
-0.072
-0.035
-0.05
-0.073
-0.04
-0.001
-0.043
-0.051
-0.043
-0.039
-0.057
-0.062
-0.036
0.05
0.017
-0.089
-0.024
-0.068
-0.026
-0.033
-0.074
-0.048
-0.072
-0.072
-0.105
-0.057
-0.008
-0.048
-0.067
-0.072
-0.035
-0.051
-0.058
-0.066
-0.029
-0.084
-0.025
-0.044
-0.092
-0.036
-0.06
-0.051
-0.049
-0.097
0.008
-0.014
0.028
-0.05
-0.034
-0.091
-0.059
-0.07
-0.031
-0.092
-0.074
0.01
-0.048
-0.058
-0.1
-0.139
-0.011
-0.098
-0.006
-0.07
-0.122
-0.001
0.023
-0.075
-0.027
-0.04
-0.068
-0.054
-0.072
-0.049
0.061
-0.082
-0.136
-0.136
-0.017
-0.071
-0.042
-0.028
-0.031
-0.001
-0.019
-0.05
-0.109
-0.019
-0.09
-0.069
-0.06
-0.039
-0.187
-0.005
0.043
-0.026
0.048
-0.076
-0.051
-0.117
-0.108
-0.081
-0.046
-0.083
-0.054
0.014
-0.045
0.025
-0.036
0.021
0.027
0.005
0.0
-0.072
-0.026
-0.106
-0.064
0.021
-0.086
-0.083
0.015
-0.046
-0.042
0.028
-0.05
-0.048
-0.008
-0.047
-0.062
-0.013
0.002
-0.028
-0.035
0.023
-0.041
0.043
-0.018
-0.061
-0.023
-0.007
0.01
-0.035
-0.09
-0.143
-0.084
-0.021
-0.103
-0.062
0.014
-0.059
-0.068
-0.027
-0.09
-0.065
-0.045
-0.088
-0.032
-0.084
-0.042
-0.039
-0.038
0.02
-0.067
0.02
-0.005
-0.1
-0.092
-0.027
-0.034
-0.038
-0.091
-0.078
0.009
-0.034
-0.06
0.008
-0.009
-0.052
-0.062
-0.031
0.018
0.065
-0.001
0.032
-0.064
-0.091
-0.008
-0.017
-0.051
-0.143
-0.04
-0.052
0.028
0.02
-0.075
-0.027
-0.085
-0.091
-0.023
-0.117
-0.101
-0.043
-0.047
-0.021
-0.037
-0.04
-0.085
-0.037
-0.096
0.007
-0.03
-0.054
0.031
-0.091
0.005
-0.042
-0.065
-0.09
-0.011
0.017
-0.108
0.039
-0.056
-0.031
-0.004
-0.043
-0.056
-0.103
-0.058
-0.022
-0.039
-0.105
-0.056
-0.103
-0.084
-0.048
-0.049
-0.004
-0.055
-0.087
-0.118
-0.077
-0.055
-0.042
-0.029
-0.009
-0.067
-0.063
-0.016
-0.073
0.033
-0.096
-0.041
-0.12
-0.057
-0.171
-0.061
-0.045
-0.07
0.003
-0.039
-0.012
0.001
-0.115
-0.006
-0.079
-0.083
0.012
0.021
-0.018
-0.074
-0.055
-0.026
0.035
-0.095
-0.024
-0.025
-0.069
-0.08
-0.003
-0.028
-0.009
-0.035
-0.041
-0.05
-0.039
-0.069
-0.035
-0.015
-0.065
-0.116
-0.033
-0.075
-0.095
-0.028
-0.107
-0.023
-0.069
-0.106
-0.07
-0.066
-0.079
0.016
-0.072
-0.068
-0.033
-0.01
0.016
-0.06
-0.012
-0.077
-0.034
-0.004
-0.067
-0.072
-0.011
0.011
-0.028
-0.037
-0.035
-0.06
-0.105
0.018
0.032
-0.084
-0.087
-0.088
-0.045
-0.083
0.083
-0.103
-0.048
0.036
-0.042
-0.018
-0.03
0.017
-0.027
-0.031
-0.03
-0.086
-0.07
-0.01
-0.064
-0.025
-0.023
-0.028
-0.068
-0.086
-0.027
-0.107
0.033
-0.092
-0.035
-0.005
-0.055
-0.048
-0.007
-0.044
-0.105
-0.015
-0.029
-0.061
-0.061
-0.08
-0.061
-0.153
0.007
0.003
-0.055
-0.018
-0.082
0.008
-0.039
0.005
0.002
-0.008
-0.069
-0.03
-0.014
-0.013
0.012
-0.084
-0.083
-0.069
-0.044
-0.043
-0.027
-0.068
-0.011
-0.042
0.039
-0.034
-0.082
-0.11
-0.079
-0.026
0.02
-0.032
-0.012
-0.02
-0.056
-0.038
-0.065
-0.017
-0.083
0.006
-0.068
0.054
-0.084
-0.058
-0.032
-0.071
-0.077
-0.074
-0.05
-0.034
-0.026
0.032
-0.029
0.014
-0.062
-0.063
-0.043
-0.04
-0.059
-0.039
-0.042
-0.064
-0.062
-0.085
-0.051
-0.074
-0.073
-0.067
-0.111
-0.045
-0.071
-0.005
-0.088
0.007
-0.072
0.013
0.012
-0.05
-0.111
-0.032
-0.053
-0.02
-0.057
-0.057
-0.043
-0.022
-0.086
-0.104
0.016
-0.085
-0.118
-0.051
0.005
-0.101
0.005
-0.063
-0.059
0.019
0.012
-0.088
0.015
-0.102
-0.125
-0.068
0.0
-0.07
-0.01
-0.078
-0.037
-0.078
-0.029
-0.008
0.023
-0.025
-0.064
-0.073
-0.041
0.002
-0.053
-0.125
-0.042
-0.066
-0.024
-0.061
-0.047
-0.057
-0.032
-0.028
-0.003
-0.085
-0.115
-0.048
-0.102
-0.016
-0.037
0.02
-0.022
0.037
-0.036
-0.033
-0.04
-0.074
-0.043
0.005
-0.077
-0.072
0.039
-0.036
-0.125
0.027
-0.096
-0.076
-0.003
-0.07
-0.025
-0.071
-0.046
0.003
-0.115
-0.119
-0.02
-0.055
-0.027
-0.099
0.033
-0.127
-0.131
-0.005
-0.001
-0.043
-0.057
-0.071
-0.114
-0.03
-0.055
-0.108
-0.117
-0.102
-0.066
-0.036
-0.064
-0.061
-0.008
0.02
-0.089
-0.026
-0.064
-0.099
-0.041
-0.021
0.012
-0.064
-0.051
-0.016
-0.06
0.007
-0.041
0.068
0.004
-0.102
-0.026
-0.072
0.003
-0.059
-0.063
-0.031
-0.016
-0.062
-0.024
-0.032
-0.059
-0.005
0.001
-0.089
-0.105
-0.037
-0.036
-0.001
-0.076
-0.014
-0.06
-0.009
0.054
-0.111
-0.09
-0.071
-0.064
-0.023
-0.055
-0.089
-0.026
-0.07
-0.12
-0.055
-0.058
0.012
-0.029
-0.156
-0.015
-0.085
0.002
0.018
0.0
-0.053
-0.034
-0.042
-0.038
-0.114
-0.051
-0.013
-0.068
0.001
-0.033
-0.045
-0.056
0.012
-0.069
-0.068
-0.04
-0.04
-0.036
-0.03
-0.013
-0.086
-0.085
-0.097
-0.018
-0.044
-0.008
-0.092
-0.021
-0.001
-0.038
0.04
-0.091
-0.055
-0.049
-0.122
-0.087
-0.115
-0.137
-0.021
-0.063
-0.08
-0.071
-0.109
-0.075
0.025
-0.012
-0.015
-0.027
-0.059
-0.033
-0.093
-0.027
-0.035
-0.023
0.006
-0.004
-0.075
-0.087
-0.037
-0.015
-0.009
-0.047
-0.006
-0.065
-0.061
-0.006
-0.083
-0.071
-0.081
-0.044
0.007
0.034
0.014
-0.077
-0.081
-0.026
0.011
-0.074
-0.003
-0.045
-0.013
-0.107
0.0
-0.011
0.021
-0.036
-0.024
-0.031
-0.039
-0.01
-0.053
-0.045
0.016
-0.04
0.007
-0.047
-0.062
-0.06
-0.056
-0.021
-0.146
-0.109
0.028
0.008
0.007
-0.054
-0.02
0.017
-0.049
-0.05
-0.004
-0.043
-0.057
-0.069
-0.056
-0.068
-0.103
-0.024
-0.11
-0.035
-0.034
-0.148
-0.05
-0.103
-0.037
-0.082
-0.121
-0.083
-0.042
0.025
-0.011
-0.091
-0.047
-0.038
-0.055
-0.109
-0.033
-0.055
-0.043
-0.115
-0.019
0.05
-0.133
-0.007
0.025
-0.065
-0.032
-0.154
-0.065
-0.036
-0.114
-0.005
0.003
-0.034
-0.092
0.027
-0.084
-0.073
-0.04
-0.079
-0.038
-0.046
-0.049
-0.04
-0.054
-0.085
-0.064
0.04
-0.168
-0.039
-0.048
-0.042
-0.05
-0.078
-0.025
-0.119
-0.042
-0.033
-0.061
0.005
0.029
-0.006
0.026
-0.074
-0.016
-0.067
-0.077
-0.022
-0.023
-0.011
-0.078
0.004
-0.042
-0.063
-0.063
-0.018
0.037
-0.061
-0.09
-0.033
-0.07
0.058
-0.062
-0.038
0.001
-0.022
-0.028
-0.13
-0.075
-0.073
0.031
0.001
-0.069
-0.07
-0.038
-0.041
-0.058
0.027
-0.043
-0.025
-0.031
0.017
-0.068
-0.065
-0.042
0.008
-0.04
-0.049
-0.086
-0.049
-0.139
-0.003
-0.084
-0.011
-0.025
-0.014
-0.079
-0.09
-0.02
-0.039
-0.004
-0.031
-0.072
-0.065
-0.071
0.028
-0.091
-0.085
0.03
-0.04
-0.035
-0.009
-0.051
-0.032
0.034
-0.06
-0.069
0.007
-0.132
-0.047
-0.092
-0.056
-0.09
-0.02
0.011
-0.073
0.01
-0.011
-0.065
-0.073
0.01
-0.029
-0.059
-0.047
-0.059
-0.064
-0.009
-0.109
0.018
-0.076
-0.087
-0.064
-0.072
-0.075
-0.008
-0.003
-0.01
-0.008
-0.027
-0.076
-0.059
-0.017
0.011
-0.094
0.011
0.003
-0.033
-0.026
-0.023
-0.009
-0.102
-0.077
-0.138
-0.051
-0.09
-0.021
-0.051
-0.101
-0.045
-0.023
-0.072
-0.058
-0.016
-0.059
0.003
-0.055
-0.021
-0.005
-0.043
0.002
-0.069
-0.066
-0.114
-0.045
-0.011
-0.05
-0.081
-0.005
-0.053
0.011
-0.072
-0.062
-0.136
-0.003
-0.035
0.052
0.013
-0.081
-0.071
-0.106
-0.057
-0.057
-0.008
-0.022
-0.033
-0.071
-0.102
-0.043
-0.099
-0.071
0.01
-0.051
-0.062
-0.025
-0.158
-0.028
0.007
-0.006
-0.087
-0.012
0.006
-0.052
-0.053
-0.053
-0.024
-0.03
-0.121
0.023
-0.042
-0.072
-0.088
-0.065
-0.052
-0.065
-0.038
-0.057
-0.096
-0.042
-0.045
-0.086
-0.002
-0.02
-0.01
-0.002
-0.014
0.027
0.034
-0.083
-0.022
0.026
-0.127
-0.03
-0.108
0.026
-0.02
-0.026
0.055
-0.069
0.007
-0.066
0.021
-0.07
-0.041
-0.015
-0.025
-0.032
-0.031
-0.051
-0.134
-0.084
-0.007
-0.097
-0.036
-0.033
-0.042
-0.06
-0.099
-0.011
-0.068
-0.026
-0.051
-0.012
-0.052
-0.03
-0.037
-0.093
-0.041
0.031
-0.111
-0.056
-0.015
-0.143
-0.088
-0.126
-0.027
-0.037
0.073
0.008
-0.041
-0.1
-0.084
-0.063
-0.019
-0.067
-0.029
-0.04
-0.088
-0.01
-0.016
-0.018
-0.062
-0.139
-0.059
0.018
-0.113
-0.076
-0.039
-0.043
-0.087
-0.096
-0.046
0.039
0.006
-0.016
-0.005
0.015
0.022
-0.021
-0.033
-0.086
-0.068
0.061
-0.084
0.009
-0.067
-0.025
-0.072
-0.015
-0.103
-0.043
-0.118
-0.007
-0.042
-0.09
-0.038
-0.139
-0.036
-0.164
-0.052
-0.065
-0.014
-0.032
-0.052
-0.112
0.022
-0.036
-0.108
-0.025
-0.146
-0.11
-0.103
-0.101
-0.061
0.014
-0.054
-0.085
-0.077
0.008
-0.025
-0.103
-0.001
-0.008
-0.011
-0.106
-0.117
-0.071
-0.053
-0.028
-0.037
-0.092
-0.02
-0.022
-0.029
-0.059
-0.062
-0.056
-0.071
-0.002
0.02
-0.095
-0.062
0.031
-0.058
-0.044
-0.107
-0.037
-0.048
0.03
-0.034
-0.116
0.026
-0.009
-0.034
0.002
-0.11
-0.04
-0.133
-0.013
-0.071
-0.06
-0.061
-0.076
-0.047
-0.028
-0.044
-0.081
-0.043
-0.052
-0.142
-0.07
-0.1
-0.006
-0.033
-0.05
0.016
0.003
-0.019
-0.009
-0.028
-0.085
-0.057
-0.053
-0.115
-0.071
-0.08
-0.136
0.0
-0.071
-0.027
-0.033
-0.03
0.028
-0.031
-0.048
-0.097
-0.054
-0.072
-0.002
-0.091
0.02
-0.026
-0.085
-0.079
-0.043
-0.069
-0.044
-0.054
-0.061
-0.072
-0.11
-0.034
-0.046
0.028
-0.036
-0.009
-0.049
-0.024
-0.086
-0.053
0.023
-0.047
-0.003
-0.066
0.008
-0.019
-0.045
-0.066
-0.011
-0.029
-0.076
-0.121
-0.092
-0.059
0.053
-0.053
-0.055
-0.011
-0.081
-0.024
0.039
-0.079
-0.044
-0.087
-0.096
-0.025
-0.033
-0.106
-0.012
-0.017
-0.093
0.01
-0.091
-0.048
-0.038
-0.009
-0.018
-0.048
-0.063
-0.039
-0.075
-0.074
-0.073
-0.07
0.056
0.02
-0.032
-0.022
-0.094
-0.029
-0.027
-0.094
0.008
-0.062
-0.07
-0.087
-0.027
-0.063
-0.064
-0.025
0.013
-0.071
-0.089
-0.127
-0.034
-0.026
-0.048
-0.124
-0.019
0.057
-0.056
-0.004
0.011
-0.018
-0.03
-0.069
-0.045
0.028
0.041
-0.061
-0.104
-0.026
-0.056
0.002
-0.077
-0.059
-0.02
-0.066
-0.015
-0.075
-0.113
-0.069
-0.119
-0.041
-0.051
-0.026
0.007
0.01
-0.041
-0.03
-0.034
-0.011
-0.026
-0.123
-0.01
-0.005
-0.059
-0.126
-0.086
-0.032
0.056
-0.076
-0.024
-0.007
-0.085
-0.069
-0.087
-0.012
-0.048
-0.053
-0.032
-0.047
0.048
-0.11
-0.04
0.019
-0.042
-0.095
-0.08
-0.115
-0.077
-0.082
-0.028
-0.063
-0.038
-0.159
-0.042
-0.057
-0.123
-0.029
-0.087
-0.084
-0.05
-0.042
-0.047
-0.03
0.019
-0.053
-0.073
-0.085
-0.091
-0.012
-0.107
-0.052
0.028
-0.024
-0.093
-0.03
-0.088
-0.066
0.007
-0.03
-0.034
-0.066
-0.023
-0.031
0.008
-0.036
-0.02
-0.096
0.001
-0.062
-0.099
0.026
-0.081
0.055
-0.033
-0.059
-0.052
0.038
-0.057
-0.028
-0.058
-0.061
-0.016
-0.003
-0.082
-0.077
-0.049
-0.054
-0.065
-0.091
-0.036
-0.151
-0.041
-0.033
-0.06
-0.053
-0.022
-0.06
-0.057
-0.039
-0.011
-0.089
-0.053
-0.011
-0.063
-0.128
-0.055
-0.041
-0.081
-0.077
-0.028
-0.073
-0.112
-0.057
0.025
-0.026
-0.08
-0.059
-0.038
-0.024
-0.018
-0.047
-0.036
0.012
-0.055
-0.057
-0.067
-0.115
-0.063
-0.061
0.002
-0.002
-0.024
-0.015
-0.034
-0.004
-0.026
-0.099
-0.024
-0.045
-0.03
0.014
-0.05
-0.042
-0.03
-0.044
-0.033
-0.035
-0.022
0.013
-0.024
-0.105
-0.048
-0.05
-0.062
-0.073
0.019
-0.081
-0.067
-0.054
-0.051
-0.048
-0.066
-0.041
-0.131
-0.078
-0.061
-0.062
-0.041
-0.055
-0.106
-0.099
-0.118
-0.081
-0.041
-0.065
-0.023
-0.018
0.001
-0.058
-0.103
-0.077
-0.013
-0.022
-0.077
-0.018
-0.048
0.032
-0.069
-0.101
-0.018
0.035
-0.103
-0.096
-0.054
-0.032
-0.024
0.001
-0.015
-0.012
-0.117
-0.089
-0.006
-0.06
-0.033
-0.067
-0.021
-0.027
-0.044
-0.039
-0.055
-0.003
-0.033
-0.045
-0.087
-0.044
-0.036
-0.035
-0.064
-0.043
-0.087
-0.13
-0.044
-0.032
-0.02
-0.073
0.024
0.015
-0.032
-0.034
-0.062
-0.045
-0.089
-0.05
-0.141
0.025
-0.211
0.026
-0.08
-0.074
-0.017
-0.023
-0.106
-0.032
-0.018
-0.033
-0.068
-0.02
0.039
-0.041
-0.047
-0.079
-0.042
-0.027
0.005
-0.072
-0.033
-0.059
-0.046
-0.06
-0.089
-0.029
-0.074
-0.047
-0.061
-0.083
-0.067
-0.037
-0.006
-0.041
-0.028
-0.052
-0.124
-0.084
-0.028
0.012
-0.073
0.022
-0.109
0.037
-0.045
-0.082
-0.029
-0.038
0.008
-0.018
-0.054
-0.1
-0.113
-0.088
-0.098
-0.074
-0.063
0.008
-0.054
0.049
0.003
-0.081
-0.027
-0.074
-0.063
-0.043
-0.094
-0.043
0.013
-0.047
-0.096
-0.029
-0.074
-0.045
0.027
-0.064
-0.006
-0.03
0.02
-0.079
-0.045
-0.047
-0.101
-0.032
-0.081
-0.061
-0.038
-0.074
-0.062
-0.032
-0.067
-0.049
-0.072
-0.002
-0.035
-0.086
-0.05
-0.017
-0.072
-0.029
0.034
-0.077
0.004
0.001
0.005
-0.015
-0.029
-0.077
-0.029
0.007
-0.02
-0.085
-0.032
-0.023
0.027
-0.062
-0.043
-0.049
-0.033
-0.01
-0.02
0.0
-0.071
0.035
-0.076
-0.074
-0.048
-0.121
-0.005
-0.005
-0.038
-0.016
-0.053
-0.009
-0.02
-0.085
-0.099
-0.093
-0.101
-0.036
-0.063
-0.016
-0.035
-0.054
-0.045
-0.03
-0.04
-0.012
-0.058
0.046
-0.035
-0.059
-0.016
0.05
-0.07
0.012
-0.01
-0.061
0.003
-0.111
0.024
-0.084
-0.036
-0.041
-0.033
-0.085
0.017
-0.015
-0.006
-0.144
-0.156
0.043
-0.101
-0.055
-0.109
-0.032
-0.009
-0.051
-0.019
-0.033
-0.083
-0.115
-0.035
-0.052
-0.036
-0.026
-0.049
0.008
-0.044
-0.09
-0.057
-0.063
-0.034
-0.022
0.03
-0.001
-0.045
0.075
-0.027
-0.128
-0.001
-0.052
-0.04
-0.099
0.007
0.018
-0.017
-0.017
-0.011
-0.093
-0.062
-0.097
-0.052
-0.087
-0.039
-0.052
-0.03
0.02
-0.006
-0.059
-0.023
-0.072
-0.014
-0.008
-0.09
-0.026
-0.03
-0.07
-0.02
-0.015
0.011
-0.001
-0.038
0.045
-0.076
-0.133
-0.005
0.028
-0.036
-0.083
-0.032
-0.009
-0.071
-0.013
-0.03
-0.037
0.019
-0.053
-0.103
-0.089
-0.057
-0.126
-0.064
-0.063
-0.071
-0.052
-0.03
0.071
-0.054
-0.051
-0.012
0.029
-0.068
-0.035
-0.011
0.031
-0.015
-0.035
-0.084
-0.081
-0.013
-0.049
-0.003
-0.016
-0.062
-0.073
-0.086
-0.091
-0.053
0.018
0.019
-0.062
-0.035
0.01
-0.104
-0.094
-0.049
-0.151
0.017
-0.112
-0.026
-0.051
-0.015
-0.025
-0.021
-0.028
0.005
-0.062
-0.026
-0.02
-0.047
-0.021
0.004
-0.014
-0.064
0.0
0.011
-0.032
-0.067
0.045
-0.038
-0.11
-0.109
-0.162
-0.053
-0.139
-0.048
-0.005
-0.047
-0.126
-0.03
-0.084
-0.098
-0.061
-0.084
-0.008
-0.052
0.009
-0.036
0.032
-0.073
-0.083
-0.038
0.001
-0.042
-0.004
-0.085
-0.125
-0.099
-0.068
0.007
0.024
-0.012
-0.071
-0.011
-0.064
-0.063
-0.037
-0.05
0.007
-0.049
-0.045
-0.11
-0.026
-0.122
-0.082
-0.054
-0.051
-0.06
-0.078
-0.091
-0.069
-0.035
-0.014
-0.039
-0.052
-0.051
-0.046
-0.056
-0.038
-0.074
-0.036
-0.034
-0.017
-0.079
0.012
-0.126
0.002
0.003
0.024
-0.102
-0.135
0.031
-0.043
0.02
0.005
-0.018
-0.088
-0.008
-0.011
-0.014
-0.059
-0.061
-0.075
0.03
-0.027
-0.087
-0.004
-0.038
-0.054
-0.061
-0.093
-0.077
-0.026
-0.138
0.051
-0.032
-0.074
0.003
-0.074
-0.091
-0.122
0.014
-0.1
-0.033
-0.073
-0.069
-0.058
-0.06
0.061
-0.011
-0.028
-0.005
-0.087
0.012
-0.058
-0.029
-0.116
-0.04
-0.044
-0.081
-0.122
-0.069
-0.042
-0.072
-0.054
-0.086
-0.031
-0.079
-0.103
-0.018
-0.06
-0.038
-0.034
-0.034
-0.09
-0.116
-0.009
-0.062
-0.014
-0.096
-0.151
-0.119
0.008
-0.068
0.013
-0.015
0.008
-0.045
0.011
-0.041
-0.128
-0.066
-0.112
-0.054
-0.073
-0.067
-0.148
-0.088
-0.008
0.012
-0.148
-0.016
-0.048
-0.001
-0.062
-0.048
-0.105
-0.071
0.007
-0.035
-0.027
-0.084
-0.089
-0.046
-0.096
-0.05
-0.103
-0.064
-0.05
-0.024
-0.088
-0.02
-0.031
-0.068
-0.089
-0.05
-0.166
-0.021
-0.037
-0.054
-0.046
-0.005
-0.093
-0.048
-0.02
-0.04
-0.02
-0.067
-0.034
0.034
-0.123
-0.048
-0.087
-0.034
-0.094
-0.058
0.019
-0.026
-0.047
-0.065
-0.027
-0.061
-0.047
-0.027
-0.082
-0.016
-0.041
-0.044
-0.035
-0.102
-0.032
-0.062
-0.09
-0.058
0.015
-0.014
-0.034
-0.095
-0.027
-0.077
-0.066
-0.008
0.023
-0.031
-0.032
-0.07
-0.03
-0.022
-0.08
-0.101
-0.068
-0.072
-0.055
-0.042
-0.087
-0.019
-0.034
-0.066
-0.003
-0.134
-0.042
-0.042
-0.08
-0.016
0.025
-0.043
0.009
0.011
-0.034
-0.057
-0.072
-0.012
0.002
0.035
0.01
-0.029
-0.037
-0.049
0.014
-0.089
0.051
-0.058
-0.006
-0.107
-0.074
-0.05
-0.061
-0.093
-0.063
-0.046
-0.05
-0.061
0.03
-0.133
-0.091
-0.054
-0.088
-0.043
0.018
-0.104
0.002
0.048
0.041
-0.002
-0.063
-0.066
-0.074
-0.069
-0.048
-0.058
-0.073
0.01
-0.04
-0.099
-0.005
-0.001
-0.007
0.011
-0.189
-0.052
0.013
-0.056
-0.093
-0.04
-0.037
-0.046
-0.036
-0.029
-0.013
-0.108
-0.079
0.022
-0.046
-0.05
-0.099
-0.03
-0.029
-0.038
0.008
-0.069
-0.098
-0.072
-0.019
-0.052
-0.001
-0.099
-0.076
-0.031
-0.066
0.021
-0.053
-0.052
0.004
-0.1
-0.01
-0.011
-0.067
-0.052
0.05
-0.047
-0.034
-0.029
-0.124
-0.059
0.016
0.004
-0.012
-0.038
-0.066
0.053
-0.034
0.067
-0.094
0.036
-0.006
-0.077
-0.061
-0.115
-0.034
-0.034
-0.007
-0.015
-0.02
-0.17
-0.043
0.015
0.01
-0.002
-0.055
-0.047
-0.033
-0.149
-0.055
-0.042
-0.064
-0.051
0.017
-0.078
-0.088
0.025
0.014
-0.123
-0.034
-0.023
-0.008
-0.128
-0.088
-0.074
-0.048
-0.044
-0.095
-0.089
-0.066
-0.098
-0.05
-0.026
-0.129
-0.127
-0.065
-0.093
-0.04
-0.005
-0.059
-0.029
-0.119
-0.042
-0.095
0.037
0.033
-0.04
-0.035
0.012
-0.051
-0.08
-0.129
-0.083
0.0
-0.067
-0.053
-0.043
-0.022
-0.012
-0.124
-0.008
-0.086
0.033
-0.031
-0.077
-0.046
0.044
-0.032
0.022
-0.013
-0.025
-0.09
-0.078
0.002
0.026
-0.056
-0.093
-0.045
-0.024
-0.006
0.02
-0.051
0.031
-0.037
-0.105
-0.081
0.022
-0.088
-0.108
-0.057
-0.01
-0.036
-0.045
-0.003
-0.029
-0.018
-0.095
0.037
-0.062
-0.013
0.009
-0.027
-0.015
0.009
0.006
0.032
-0.06
-0.006
-0.102
-0.098
0.009
-0.073
-0.042
-0.078
-0.04
-0.051
-0.055
-0.029
-0.031
-0.02
-0.018
-0.053
-0.003
-0.01
-0.033
-0.008
-0.046
-0.03
-0.043
-0.014
-0.051
-0.012
-0.053
-0.133
-0.009
-0.009
0.0
-0.082
-0.038
-0.078
-0.042
-0.038
-0.081
-0.045
-0.066
0.085
-0.056
-0.039
-0.06
-0.001
0.029
-0.025
-0.108
-0.047
-0.068
-0.069
-0.022
-0.056
-0.108
-0.114
-0.054
-0.071
-0.058
-0.052
-0.048
-0.088
-0.038
-0.059
-0.045
0.027
-0.048
-0.043
-0.019
0.028
-0.097
-0.084
-0.036
-0.016
-0.067
-0.023
-0.029
-0.08
-0.042
-0.076
-0.051
-0.069
-0.029
-0.075
-0.023
-0.051
-0.034
0.025
-0.02
-0.056
-0.024
-0.013
-0.061
-0.051
-0.03
-0.014
-0.016
-0.068
0.003
0.009
-0.003
-0.04
-0.063
-0.059
0.025
-0.01
-0.093
-0.026
-0.069
0.016
-0.062
0.001
0.012
0.038
-0.064
-0.072
-0.094
0.015
-0.06
-0.013
0.069
0.034
0.014
0.006
0.013
-0.052
-0.075
0.015
-0.016
-0.07
-0.11
-0.064
-0.073
-0.036
-0.068
-0.083
-0.032
-0.027
-0.045
0.013
-0.011
-0.035
0.032
-0.089
-0.029
-0.075
-0.075
-0.084
-0.06
-0.056
-0.06
-0.081
0.013
0.019
-0.087
-0.076
-0.1
-0.073
-0.001
-0.029
-0.108
-0.043
-0.055
0.011
-0.051
0.017
-0.03
0.092
-0.047
0.001
-0.046
-0.017
-0.033
-0.061
-0.081
0.002
-0.074
-0.129
-0.013
0.01
-0.061
-0.048
-0.07
-0.037
-0.012
-0.115
-0.135
-0.019
-0.017
-0.089
-0.057
-0.006
-0.129
-0.094
-0.091
0.003
-0.076
-0.044
-0.063
-0.11
-0.047
-0.068
-0.001
-0.047
-0.001
-0.065
-0.021
-0.058
-0.067
-0.053
-0.04
0.046
-0.029
-0.102
-0.003
-0.034
-0.073
-0.064
-0.011
-0.068
-0.08
-0.068
0.028
-0.109
-0.091
0.053
-0.015
-0.062
-0.09
-0.075
-0.017
-0.047
-0.069
0.03
-0.073
-0.03
0.007
0.001
0.0
-0.025
-0.122
0.051
-0.039
-0.065
-0.07
-0.061
-0.066
-0.053
-0.036
-0.107
-0.033
-0.057
-0.075
-0.069
-0.051
0.014
-0.089
-0.01
-0.072
-0.141
-0.01
0.028
-0.072
-0.023
-0.082
-0.037
-0.104
0.0
-0.065
-0.054
-0.088
-0.088
-0.032
-0.072
-0.022
0.0
-0.03
-0.053
-0.119
-0.114
0.004
-0.133
-0.043
0.01
-0.047
0.058
-0.053
-0.053
-0.047
-0.08
-0.054
0.086
-0.043
-0.037
-0.126
-0.075
0.01
-0.006
0.012
-0.07
-0.088
0.0
-0.084
0.015
0.03
-0.02
-0.003
0.023
-0.146
-0.058
-0.044
-0.067
-0.075
-0.099
-0.041
-0.064
-0.047
-0.105
0.025
0.01
-0.05
-0.048
0.01
-0.109
-0.08
-0.121
-0.111
-0.074
0.02
-0.08
-0.105
0.026
-0.036
-0.053
-0.065
-0.039
-0.042
-0.066
-0.087
-0.024
-0.106
-0.071
-0.047
-0.095
-0.086
-0.103
-0.071
-0.03
0.019
-0.051
0.026
-0.045
-0.095
-0.018
-0.038
-0.017
-0.028
-0.01
-0.063
-0.123
-0.014
-0.092
-0.049
0.034
-0.039
-0.053
-0.061
-0.109
-0.095
-0.023
-0.003
-0.032
-0.043
-0.112
-0.041
-0.081
-0.11
0.041
-0.04
-0.057
-0.049
-0.09
-0.049
-0.011
-0.03
-0.062
-0.073
-0.006
-0.004
-0.15
-0.076
-0.048
-0.069
-0.004
-0.061
-0.04
-0.019
-0.022
-0.019
-0.01
-0.086
-0.046
-0.007
-0.045
-0.089
-0.012
-0.07
0.017
-0.062
-0.007
-0.025
-0.012
-0.034
-0.042
-0.047
-0.024
0.022
-0.032
-0.043
0.064
-0.049
-0.016
0.012
-0.083
-0.042
-0.04
-0.057
-0.073
-0.023
-0.07
-0.079
-0.051
-0.001
-0.053
-0.094
-0.058
-0.001
-0.014
-0.089
-0.004
-0.11
-0.033
-0.095
-0.013
-0.018
-0.108
-0.009
-0.014
-0.025
-0.079
-0.074
-0.082
-0.052
-0.023
-0.091
-0.044
-0.022
-0.067
-0.002
-0.022
-0.098
0.005
-0.031
-0.148
-0.042
-0.111
-0.08
-0.078
-0.023
-0.129
-0.02
-0.037
0.032
-0.015
0.013
-0.017
-0.095
-0.11
-0.017
-0.043
-0.059
-0.039
-0.07
-0.018
-0.089
-0.022
-0.064
0.002
-0.031
-0.049
-0.002
-0.109
0.031
-0.003
0.001
-0.048
-0.047
-0.008
-0.066
-0.077
0.059
-0.062
0.045
-0.01
-0.096
-0.047
-0.063
0.003
-0.06
-0.031
-0.077
-0.073
0.028
-0.027
-0.084
-0.086
0.021
-0.045
-0.044
0.013
-0.01
-0.048
-0.097
0.023
-0.083
-0.066
-0.019
-0.034
0.006
-0.048
-0.034
-0.057
-0.055
-0.048
-0.103
-0.068
-0.084
-0.07
-0.06
-0.051
-0.12
0.04
-0.032
-0.072
0.031
0.013
0.052
0.088
-0.079
0.037
-0.114
-0.054
-0.079
-0.081
0.002
-0.06
-0.032
-0.012
-0.025
0.037
-0.097
-0.102
0.004
-0.076
-0.043
-0.081
0.001
-0.014
-0.032
-0.057
0.001
-0.058
-0.005
-0.01
-0.105
-0.02
0.01
-0.055
-0.046
-0.114
-0.047
-0.043
-0.138
-0.075
0.028
-0.004
-0.062
-0.073
-0.067
-0.023
0.002
-0.033
-0.102
-0.079
-0.025
-0.035
-0.129
-0.029
-0.024
0.012
-0.088
-0.017
-0.072
-0.059
0.02
0.07
-0.129
-0.048
-0.033
-0.001
-0.028
-0.056
-0.091
-0.087
-0.021
-0.044
-0.144
0.009
-0.091
-0.026
-0.097
0.055
0.054
-0.086
-0.055
-0.053
-0.048
-0.055
-0.003
-0.105
-0.078
0.007
-0.056
-0.009
-0.036
-0.02
-0.129
-0.013
-0.024
0.021
0.041
0.009
-0.03
-0.014
-0.055
0.099
-0.04
-0.008
-0.067
0.002
-0.066
0.029
-0.094
-0.063
-0.109
-0.045
-0.021
-0.038
-0.117
-0.019
-0.11
-0.002
-0.048
0.014
-0.012
-0.04
-0.03
-0.122
-0.011
-0.047
-0.045
-0.048
0.077
-0.021
0.046
-0.078
-0.051
-0.084
-0.076
0.021
-0.05
-0.024
-0.082
-0.051
-0.097
-0.078
-0.086
-0.042
-0.014
-0.093
-0.086
0.004
-0.149
-0.106
-0.074
-0.097
-0.142
-0.137
-0.022
0.048
-0.099
-0.091
0.011
-0.125
-0.063
0.016
-0.118
-0.044
0.005
-0.052
-0.077
-0.03
-0.05
-0.032
-0.056
0.017
-0.047
0.001
-0.071
-0.001
-0.117
-0.074
-0.069
-0.059
-0.062
-0.105
0.105
-0.035
-0.059
-0.025
-0.058
-0.014
-0.042
-0.021
-0.061
-0.074
-0.066
-0.098
-0.031
-0.066
-0.077
-0.072
-0.11
-0.091
-0.011
-0.014
-0.095
-0.075
-0.042
-0.065
0.009
-0.019
-0.006
-0.114
-0.021
-0.04
-0.046
-0.085
0.041
-0.137
-0.056
-0.011
-0.035
0.033
-0.085
-0.052
-0.042
-0.063
-0.053
-0.069
-0.023
-0.106
0.008
-0.107
-0.06
-0.057
-0.046
-0.055
-0.043
0.026
-0.003
-0.006
0.029
-0.085
-0.103
-0.055
0.008
-0.038
-0.07
-0.11
-0.028
-0.026
-0.061
-0.061
-0.112
-0.031
-0.061
-0.011
-0.099
0.058
-0.073
-0.02
-0.074
-0.059
-0.097
-0.05
-0.084
-0.107
-0.073
-0.011
-0.018
-0.035
-0.01
-0.092
-0.013
-0.072
-0.09
-0.017
-0.109
-0.073
-0.085
-0.052
-0.082
-0.049
-0.069
-0.017
-0.003
-0.062
-0.085
-0.101
-0.044
-0.054
-0.043
-0.025
-0.011
0.001
-0.045
-0.076
-0.047
-0.065
-0.04
-0.11
-0.054
-0.042
-0.058
-0.069
-0.04
-0.021
-0.115
-0.015
-0.08
-0.044
-0.074
0.027
-0.086
-0.142
-0.034
-0.041
-0.122
-0.079
-0.03
-0.05
-0.102
-0.074
-0.059
-0.011
-0.086
-0.077
-0.129
0.023
-0.086
0.016
-0.02
-0.021
-0.038
-0.036
-0.048
-0.097
-0.166
-0.105
-0.074
-0.101
-0.029
-0.037
-0.032
-0.053
-0.034
-0.052
-0.062
-0.091
-0.044
-0.038
0.016
-0.035
-0.005
-0.093
0.037
-0.063
-0.03
-0.041
-0.002
-0.05
0.007
-0.058
-0.067
0.007
-0.042
-0.074
-0.045
-0.073
-0.037
-0.027
-0.021
-0.019
-0.046
-0.066
-0.005
-0.048
-0.015
-0.06
0.079
-0.015
-0.052
-0.027
-0.085
-0.052
-0.084
-0.125
-0.046
-0.13
-0.018
-0.029
-0.014
-0.089
-0.039
-0.084
-0.063
-0.023
-0.08
-0.026
-0.091
-0.094
-0.049
0.02
0.015
0.043
-0.052
-0.099
-0.023
-0.042
-0.032
-0.075
-0.035
-0.084
0.05
-0.053
-0.035
-0.093
-0.026
-0.038
-0.026
-0.055
-0.035
-0.066
-0.005
0.012
-0.018
-0.078
-0.112
-0.023
0.072
0.039
-0.048
-0.047
-0.063
-0.01
-0.089
-0.024
-0.108
-0.095
-0.098
-0.04
-0.061
0.016
-0.084
-0.079
-0.03
-0.068
0.048
-0.134
0.007
0.016
-0.077
-0.001
-0.052
-0.056
-0.036
-0.059
-0.077
-0.075
0.034
-0.027
-0.055
-0.065
-0.023
-0.034
-0.012
-0.002
-0.074
0.018
-0.096
-0.095
-0.078
-0.026
-0.041
-0.038
0.002
-0.028
-0.055
0.01
-0.02
-0.017
-0.071
-0.1
-0.05
-0.063
-0.061
0.004
0.0
-0.043
-0.095
-0.012
0.005
-0.148
-0.05
-0.087
-0.012
-0.114
-0.068
-0.067
-0.049
-0.055
0.007
-0.076
0.023
-0.02
-0.051
0.018
-0.123
-0.023
-0.04
-0.021
0.023
-0.066
-0.016
-0.015
-0.072
0.005
-0.048
-0.12
-0.007
-0.089
-0.003
-0.068
-0.029
-0.048
0.013
0.033
-0.023
-0.021
-0.068
0.022
0.021
-0.013
-0.039
-0.001
-0.042
-0.052
-0.101
-0.011
-0.003
-0.014
-0.059
-0.04
-0.059
-0.022
-0.134
-0.105
-0.017
-0.095
-0.037
-0.046
-0.099
-0.016
-0.019
-0.101
-0.027
0.039
0.005
-0.005
-0.049
0.036
-0.091
-0.015
-0.055
-0.083
-0.088
-0.048
-0.055
0.07
-0.049
-0.063
-0.072
-0.047
-0.046
-0.039
-0.081
-0.044
-0.033
-0.049
-0.072
-0.098
-0.025
-0.004
-0.003
0.031
0.001
-0.071
0.01
-0.058
-0.073
-0.093
-0.083
-0.009
-0.033
-0.089
-0.074
-0.03
-0.085
-0.055
-0.067
0.026
-0.156
-0.075
-0.035
-0.048
-0.089
-0.099
-0.203
0.003
0.012
0.017
-0.083
-0.085
-0.036
0.034
0.014
-0.027
-0.095
-0.003
-0.064
-0.107
-0.137
-0.117
0.0
-0.042
-0.134
-0.052
-0.114
0.047
-0.095
-0.148
-0.002
-0.064
-0.094
-0.028
-0.061
-0.08
-0.076
-0.048
0.008
-0.044
-0.009
-0.021
-0.027
-0.059
-0.084
-0.189
-0.085
-0.087
-0.061
0.005
-0.051
-0.037
-0.095
-0.057
-0.089
0.014
-0.043
0.006
-0.106
-0.078
-0.037
-0.037
-0.074
-0.111
0.019
-0.072
-0.01
-0.01
-0.079
-0.06
-0.074
-0.037
-0.024
-0.057
-0.062
-0.079
-0.091
-0.092
-0.122
-0.033
0.006
0.03
0.026
-0.06
0.048
-0.069
-0.018
-0.059
-0.155
-0.013
-0.001
-0.013
-0.101
-0.05
-0.075
-0.066
-0.07
-0.023
-0.033
-0.088
0.003
-0.024
-0.04
0.004
-0.124
-0.064
-0.103
-0.08
-0.01
-0.006
-0.003
-0.074
-0.044
-0.055
-0.047
-0.058
0.038
-0.025
-0.095
-0.112
-0.043
-0.086
-0.077
-0.076
-0.07
-0.074
-0.065
0.009
-0.066
-0.092
0.041
0.011
-0.071
-0.013
-0.035
-0.055
-0.105
-0.089
-0.066
-0.018
-0.072
-0.037
-0.063
-0.087
-0.038
-0.008
-0.087
-0.074
-0.127
-0.039
-0.081
-0.102
0.024
-0.019
0.031
-0.078
0.017
-0.045
0.003
-0.102
-0.079
-0.035
-0.039
-0.071
-0.044
-0.09
-0.119
-0.013
0.009
0.002
-0.031
-0.026
-0.007
-0.074
0.009
-0.044
-0.074
-0.099
-0.022
-0.1
-0.058
-0.046
-0.014
-0.022
-0.098
-0.058
-0.059
-0.031
-0.097
0.046
-0.046
-0.072
-0.034
0.055
-0.083
-0.102
0.004
0.0
-0.02
-0.051
-0.1
0.017
-0.015
-0.002
-0.055
-0.11
-0.049
0.046
-0.074
-0.035
-0.097
-0.029
-0.059
0.013
-0.052
-0.058
-0.055
-0.051
-0.018
-0.055
-0.048
-0.065
-0.104
0.02
-0.058
-0.009
-0.057
-0.069
-0.026
-0.045
-0.064
0.0
0.066
0.04
-0.085
0.003
-0.128
-0.113
-0.031
0.023
-0.139
-0.06
-0.1
-0.028
-0.025
0.006
-0.045
-0.086
-0.07
-0.027
-0.051
-0.015
-0.071
-0.012
-0.051
-0.119
-0.042
-0.101
-0.056
-0.084
-0.037
0.008
-0.018
-0.041
-0.036
-0.085
-0.108
-0.066
-0.049
-0.069
-0.13
-0.025
-0.006
-0.066
-0.066
-0.104
-0.058
-0.029
-0.041
-0.006
-0.036
-0.103
-0.065
-0.056
0.024
-0.138
-0.063
-0.034
-0.054
-0.131
-0.079
-0.048
-0.046
0.002
-0.055
-0.06
0.02
-0.12
-0.038
-0.017
-0.033
-0.048
-0.092
-0.029
-0.007
-0.088
-0.056
-0.078
0.024
-0.032
-0.05
-0.046
-0.064
-0.139
-0.012
-0.017
-0.105
-0.01
-0.049
0.009
0.012
-0.026
-0.078
-0.045
0.005
0.026
0.005
-0.132
-0.037
-0.154
-0.095
-0.078
-0.049
-0.011
-0.034
-0.055
-0.027
-0.081
-0.042
-0.043
-0.008
-0.084
0.057
-0.079
-0.06
-0.031
0.013
-0.107
-0.034
-0.021
-0.052
-0.013
-0.079
-0.126
-0.086
-0.053
-0.038
-0.046
-0.103
-0.092
-0.02
-0.014
-0.065
0.011
-0.079
-0.084
-0.1
-0.087
-0.081
-0.142
-0.068
-0.066
-0.077
0.03
-0.082
-0.044
-0.074
-0.024
-0.065
-0.035
-0.063
-0.085
-0.089
-0.056
-0.097
0.007
-0.046
0.001
-0.038
-0.014
-0.079
-0.026
-0.066
0.026
0.009
-0.029
-0.028
-0.015
-0.078
-0.027
-0.076
-0.047
-0.044
0.018
-0.026
-0.025
-0.048
-0.073
-0.116
-0.043
-0.009
-0.068
-0.032
-0.065
0.004
-0.03
-0.028
-0.029
-0.073
-0.004
-0.008
-0.054
-0.06
-0.059
0.011
-0.073
-0.11
-0.006
-0.078
-0.011
0.0
-0.028
-0.089
-0.109
0.05
-0.052
-0.003
0.07
-0.081
0.092
-0.03
0.004
-0.025
-0.001
0.038
-0.053
-0.017
-0.052
0.007
-0.026
-0.016
0.027
-0.058
-0.119
0.026
-0.04
-0.07
-0.098
-0.059
-0.05
-0.061
-0.034
-0.068
0.015
-0.076
-0.083
-0.085
-0.069
-0.045
-0.081
-0.022
-0.064
-0.018
-0.083
-0.042
-0.096
-0.023
-0.052
-0.06
-0.005
-0.117
-0.052
-0.04
0.003
-0.071
-0.142
-0.036
-0.079
-0.112
-0.071
-0.043
-0.032
-0.093
0.037
-0.126
-0.033
-0.064
-0.002
-0.036
-0.049
-0.064
0.054
-0.065
0.046
-0.053
0.01
-0.09
-0.053
-0.011
-0.05
-0.098
-0.003
-0.086
-0.029
-0.072
-0.084
-0.129
0.013
0.007
-0.087
-0.084
-0.015
-0.09
-0.018
-0.054
0.032
-0.11
-0.009
-0.098
-0.005
-0.101
-0.034
-0.06
0.011
-0.083
0.014
0.04
-0.004
-0.073
-0.054
-0.052
0.048
-0.05
0.044
-0.007
-0.09
-0.116
-0.062
-0.04
-0.014
0.001
-0.004
-0.064
-0.048
-0.038
0.005
0.005
-0.01
-0.063
-0.131
-0.03
-0.064
-0.081
-0.046
-0.05
-0.038
-0.07
-0.122
-0.009
-0.022
-0.077
-0.024
-0.097
-0.08
-0.123
-0.053
-0.009
0.018
-0.001
-0.061
-0.015
-0.064
-0.028
-0.028
-0.009
-0.086
-0.034
-0.068
0.01
-0.077
0.001
-0.106
-0.051
-0.037
0.0
-0.038
-0.087
-0.052
0.027
-0.049
-0.078
-0.08
0.016
-0.06
-0.003
-0.037
-0.089
-0.043
-0.004
-0.073
-0.06
-0.041
-0.034
-0.028
-0.026
-0.077
-0.096
-0.068
-0.064
-0.033
-0.044
-0.024
-0.016
0.028
-0.009
-0.025
-0.101
-0.007
-0.005
-0.029
-0.094
0.03
-0.077
-0.057
-0.055
-0.045
0.002
-0.041
-0.066
-0.049
-0.024
-0.007
-0.094
-0.01
-0.022
-0.129
-0.07
-0.072
-0.073
0.017
-0.007
-0.068
-0.059
0.055
-0.073
-0.042
-0.064
-0.045
-0.059
-0.038
-0.052
-0.134
-0.079
-0.023
-0.045
-0.003
0.049
-0.026
-0.02
-0.025
-0.044
-0.07
-0.032
-0.021
-0.014
-0.064
-0.088
-0.075
-0.027
-0.08
-0.019
0.003
0.043
-0.118
-0.027
0.01
-0.012
-0.088
-0.147
-0.042
-0.062
0.013
-0.097
-0.017
-0.047
-0.081
-0.026
-0.017
-0.137
-0.005
-0.041
-0.045
-0.061
0.033
-0.019
-0.011
0.024
-0.098
-0.033
-0.071
-0.062
0.04
-0.058
-0.032
-0.066
-0.02
-0.015
-0.059
-0.022
-0.053
-0.086
0.012
-0.035
0.019
-0.117
-0.05
-0.093
-0.033
-0.165
-0.068
-0.013
0.036
-0.053
-0.178
-0.064
-0.126
-0.053
-0.08
-0.043
0.009
0.01
-0.074
-0.093
-0.032
0.001
-0.009
-0.122
0.013
-0.052
0.024
-0.093
-0.078
-0.021
-0.005
-0.002
-0.079
-0.008
-0.05
-0.009
-0.056
-0.037
-0.064
-0.04
-0.061
-0.043
-0.041
-0.089
-0.064
-0.026
-0.048
0.047
-0.065
0.033
-0.038
-0.048
-0.038
-0.09
-0.089
-0.039
-0.057
-0.078
-0.03
-0.076
-0.071
-0.007
-0.016
0.024
-0.052
0.024
-0.077
0.035
-0.047
0.001
-0.082
0.015
-0.085
0.028
-0.076
-0.057
-0.117
-0.022
-0.112
-0.069
-0.078
-0.066
-0.085
-0.051
-0.036
-0.056
0.049
-0.042
-0.036
0.008
-0.058
-0.088
-0.063
-0.086
0.064
-0.045
-0.092
-0.017
-0.082
-0.08
-0.075
-0.081
-0.028
-0.002
0.007
-0.115
-0.009
-0.141
-0.057
-0.045
-0.009
0.05
-0.088
-0.039
-0.073
-0.131
0.015
-0.042
0.003
-0.015
-0.074
-0.058
-0.028
-0.101
-0.074
-0.001
-0.046
-0.087
0.01
0.041
-0.043
-0.038
-0.083
-0.143
-0.035
-0.016
-0.09
-0.023
-0.042
-0.038
-0.139
-0.074
-0.03
-0.027
-0.087
-0.097
-0.039
-0.092
-0.035
-0.061
0.003
0.007
-0.084
-0.058
-0.044
-0.044
-0.073
-0.076
-0.044
-0.077
-0.046
-0.013
0.004
-0.03
-0.051
-0.047
0.064
0.002
-0.035
-0.005
-0.059
0.02
-0.074
-0.107
0.025
0.024
-0.006
-0.045
-0.029
0.004
-0.019
-0.023
-0.004
0.031
-0.079
0.001
0.01
0.019
-0.029
-0.083
-0.036
0.0
-0.066
-0.079
-0.066
-0.004
-0.073
-0.072
-0.094
-0.014
-0.054
-0.054
-0.048
-0.078
-0.024
-0.085
-0.048
-0.027
-0.034
0.05
-0.017
-0.124
-0.052
-0.04
-0.004
0.004
-0.009
-0.029
-0.035
-0.032
0.017
-0.034
-0.056
-0.09
-0.085
-0.052
-0.089
0.038
-0.006
-0.078
0.034
-0.027
-0.064
-0.067
-0.082
-0.01
0.043
-0.038
-0.038
-0.14
-0.127
0.016
-0.094
-0.088
-0.072
-0.041
-0.106
-0.049
-0.047
-0.016
-0.068
-0.022
-0.053
-0.011
0.031
0.03
-0.105
0.054
-0.08
-0.056
-0.067
-0.078
-0.016
-0.07
-0.031
0.03
-0.007
-0.044
-0.006
-0.028
-0.083
-0.064
0.04
-0.033
-0.05
-0.092
-0.049
0.061
-0.05
-0.062
-0.037
-0.061
-0.025
-0.07
0.002
-0.124
-0.051
-0.047
-0.023
-0.091
-0.089
-0.016
0.026
-0.033
-0.106
-0.078
0.009
-0.062
-0.063
-0.08
-0.047
-0.089
0.015
-0.034
-0.056
-0.014
0.014
-0.08
-0.083
-0.151
-0.021
0.025
-0.015
-0.11
-0.077
-0.121
-0.008
-0.012
-0.07
0.006
-0.011
-0.066
-0.055
-0.049
-0.023
-0.012
-0.037
-0.018
-0.015
-0.033
-0.046
-0.049
-0.075
0.014
-0.055
-0.072
-0.012
-0.056
-0.083
-0.047
-0.04
-0.035
-0.054
-0.032
-0.067
-0.003
-0.031
-0.113
-0.073
-0.083
-0.047
-0.01
-0.058
-0.032
-0.093
-0.022
-0.041
0.031
-0.132
-0.071
0.038
0.0
-0.043
-0.06
-0.043
-0.048
-0.091
-0.007
-0.107
-0.052
-0.046
-0.06
-0.031
-0.136
0.043
-0.05
-0.099
-0.096
0.024
-0.122
-0.013
0.015
-0.096
-0.021
-0.013
-0.051
-0.024
-0.049
-0.009
0.025
-0.026
0.03
-0.088
-0.032
-0.088
-0.084
-0.076
-0.109
-0.04
-0.116
-0.058
0.052
-0.038
-0.104
-0.136
-0.048
-0.077
-0.029
-0.047
-0.056
-0.082
0.035
-0.07
-0.04
-0.075
-0.101
-0.072
-0.026
-0.067
-0.099
0.04
-0.083
-0.014
-0.008
-0.024
-0.038
-0.112
0.001
-0.041
-0.016
-0.035
-0.038
-0.003
-0.004
-0.098
-0.014
-0.022
-0.022
-0.15
-0.052
-0.037
-0.004
-0.092
-0.064
0.017
0.07
-0.073
-0.088
-0.053
-0.04
-0.032
-0.023
-0.037
-0.035
-0.022
-0.051
-0.1
0.007
-0.117
-0.103
-0.021
0.013
-0.109
-0.02
-0.012
-0.07
-0.067
-0.043
0.049
-0.065
-0.081
-0.012
-0.06
-0.072
-0.071
-0.094
-0.019
-0.004
-0.053
-0.07
-0.09
-0.055
-0.067
0.03
-0.096
-0.048
-0.008
0.009
-0.013
0.037
0.051
-0.077
-0.075
-0.046
-0.094
-0.056
-0.063
-0.045
-0.057
-0.068
-0.03
-0.047
-0.088
-0.06
-0.055
-0.127
-0.054
-0.015
-0.079
-0.064
-0.002
-0.031
-0.061
-0.077
-0.02
-0.076
-0.055
-0.044
-0.011
-0.015
-0.068
-0.045
-0.114
-0.029
-0.013
-0.028
-0.122
-0.078
-0.019
-0.001
-0.018
-0.047
-0.038
-0.116
-0.064
-0.021
0.01
-0.016
-0.058
-0.014
0.005
-0.072
-0.142
-0.002
-0.014
-0.053
-0.097
-0.099
-0.07
-0.13
-0.126
-0.039
-0.058
-0.055
-0.088
-0.042
-0.014
-0.057
-0.038
-0.025
-0.069
0.011
-0.077
-0.013
-0.05
-0.07
-0.11
-0.066
-0.026
-0.091
-0.05
-0.053
-0.056
0.014
-0.055
-0.067
-0.052
-0.064
-0.111
0.017
-0.023
-0.018
-0.076
-0.056
-0.075
-0.042
-0.068
-0.006
-0.008
0.009
-0.001
-0.102
-0.078
-0.04
-0.083
-0.08
-0.046
-0.052
-0.007
-0.035
-0.035
-0.093
-0.065
-0.035
-0.055
-0.106
-0.064
-0.017
0.008
-0.076
-0.002
-0.079
-0.1
-0.043
-0.052
-0.038
-0.053
0.004
-0.058
-0.085
0.078
-0.083
0.006
-0.063
0.004
-0.038
-0.099
-0.067
-0.033
-0.023
-0.044
-0.121
-0.026
-0.066
-0.049
-0.127
0.006
-0.041
-0.079
0.011
-0.003
-0.049
-0.069
-0.033
-0.078
0.01
-0.068
-0.053
-0.048
-0.044
-0.015
-0.053
-0.083
-0.05
-0.122
-0.01
-0.075
-0.154
-0.064
-0.046
-0.08
-0.031
-0.041
-0.089
-0.023
-0.014
-0.098
-0.075
-0.056
-0.028
0.048
0.031
-0.015
-0.039
-0.079
-0.039
0.002
0.042
-0.091
-0.019
-0.023
0.073
-0.117
-0.06
-0.173
-0.023
-0.078
0.07
-0.057
-0.012
-0.078
-0.039
-0.051
0.048
-0.074
-0.036
-0.091
-0.111
0.071
-0.041
-0.07
-0.033
-0.036
-0.139
-0.037
-0.091
-0.054
-0.07
-0.118
-0.079
-0.078
-0.102
0.027
0.012
-0.061
-0.087
-0.03
-0.024
-0.04
0.005
-0.063
-0.033
-0.055
-0.074
-0.031
-0.053
-0.056
-0.024
-0.02
-0.102
-0.01
0.022
-0.004
-0.058
-0.012
-0.013
-0.015
-0.034
-0.013
-0.074
-0.061
-0.052
-0.003
-0.084
-0.068
0.001
-0.043
-0.028
-0.05
-0.039
-0.001
-0.057
-0.066
-0.007
-0.091
-0.008
-0.028
-0.03
-0.08
-0.013
-0.028
-0.078
-0.016
-0.066
-0.129
-0.021
0.002
-0.011
0.018
-0.022
-0.102
-0.033
-0.022
-0.073
-0.058
-0.081
-0.01
0.081
0.006
-0.054
-0.035
-0.027
-0.094
0.015
-0.047
0.021
-0.006
-0.069
-0.052
-0.017
-0.088
-0.048
0.02
-0.154
0.014
-0.086
0.013
-0.05
-0.069
-0.071
-0.028
-0.038
-0.022
-0.043
-0.056
0.011
0.002
-0.093
-0.079
-0.027
-0.035
-0.049
-0.076
-0.03
-0.031
-0.037
-0.078
0.04
-0.093
-0.008
-0.106
0.016
0.008
-0.043
-0.032
-0.05
-0.069
-0.027
-0.036
-0.063
-0.084
-0.102
-0.143
-0.041
-0.058
-0.014
-0.033
-0.063
-0.07
-0.073
-0.099
-0.112
-0.103
-0.113
-0.029
0.023
-0.061
-0.047
-0.026
-0.013
-0.067
-0.144
-0.054
0.013
-0.08
0.008
-0.138
-0.048
-0.059
-0.022
-0.05
-0.021
-0.061
-0.026
0.038
-0.067
-0.046
-0.09
-0.063
-0.017
-0.045
-0.031
-0.014
-0.008
-0.094
-0.039
0.006
-0.108
-0.122
-0.035
-0.022
-0.043
-0.046
-0.01
-0.027
0.041
0.02
-0.13
-0.014
-0.039
-0.074
-0.087
-0.006
-0.068
-0.019
-0.062
-0.034
-0.039
-0.004
0.001
0.049
-0.039
0.031
-0.006
-0.033
-0.088
-0.047
-0.017
-0.015
0.039
-0.026
-0.017
-0.015
-0.042
-0.072
-0.01
-0.05
-0.054
-0.005
-0.089
-0.037
-0.093
-0.006
-0.035
-0.035
-0.014
-0.065
-0.098
-0.007
-0.098
0.01
-0.06
-0.146
-0.006
0.032
-0.099
-0.116
-0.101
-0.061
-0.085
-0.026
-0.02
-0.043
-0.012
-0.025
0.017
-0.036
-0.034
-0.054
-0.051
0.043
-0.062
-0.103
-0.026
-0.026
-0.046
-0.087
-0.077
-0.064
-0.007
-0.083
-0.018
-0.116
-0.052
-0.045
-0.012
0.016
-0.036
-0.07
-0.092
-0.078
-0.029
0.011
0.005
-0.085
-0.028
-0.125
0.016
-0.039
-0.051
-0.115
-0.047
-0.085
-0.046
-0.071
-0.013
-0.062
-0.044
-0.038
-0.034
-0.004
0.009
0.004
-0.02
-0.06
-0.021
-0.028
-0.043
-0.044
-0.045
-0.059
-0.007
-0.035
-0.064
-0.068
-0.089
-0.053
-0.062
-0.016
-0.02
-0.059
-0.096
-0.045
0.02
-0.105
-0.068
-0.095
-0.089
0.031
-0.018
0.005
-0.041
-0.056
-0.09
-0.027
-0.02
-0.078
-0.037
-0.081
0.017
-0.021
-0.066
-0.042
-0.065
-0.081
-0.018
-0.014
-0.063
-0.061
-0.049
-0.062
-0.025
0.033
-0.042
0.001
-0.082
-0.053
-0.144
-0.025
-0.005
0.013
-0.02
-0.032
-0.007
-0.026
-0.06
-0.035
-0.021
-0.069
-0.126
-0.116
-0.114
-0.13
-0.098
-0.061
-0.002
0.037
-0.053
-0.065
0.026
-0.116
0.04
-0.011
-0.042
-0.065
-0.002
-0.106
-0.044
-0.067
-0.084
-0.066
-0.004
-0.066
-0.053
-0.019
0.023
0.028
-0.103
-0.076
-0.089
-0.027
-0.058
-0.059
-0.059
-0.053
-0.011
-0.043
-0.055
-0.008
-0.031
-0.023
0.013
-0.081
-0.057
-0.004
-0.077
-0.097
0.021
-0.137
-0.035
-0.052
-0.058
-0.021
0.006
0.033
0.027
-0.082
0.093
-0.044
-0.119
-0.066
-0.032
0.013
0.014
-0.011
-0.046
-0.087
-0.066
-0.028
-0.051
-0.08
-0.097
-0.073
-0.078
-0.072
-0.041
-0.042
-0.027
-0.045
-0.068
-0.062
-0.174
-0.097
-0.075
-0.021
0.011
-0.092
-0.05
-0.062
-0.094
-0.047
-0.077
-0.065
-0.028
-0.02
-0.016
-0.015
-0.051
-0.129
-0.051
-0.053
-0.049
-0.016
0.048
-0.097
-0.071
-0.103
-0.056
-0.07
-0.051
-0.075
-0.054
0.014
-0.073
-0.031
-0.057
-0.003
-0.114
-0.052
-0.102
-0.054
-0.032
-0.016
-0.052
-0.038
-0.026
-0.119
-0.086
-0.009
-0.047
-0.021
-0.126
-0.127
-0.076
0.023
-0.07
-0.014
-0.046
-0.076
0.059
-0.115
-0.014
-0.023
-0.038
-0.013
-0.081
-0.052
0.024
-0.131
-0.036
0.024
0.056
-0.079
0.001
-0.017
-0.083
-0.101
-0.072
-0.09
-0.056
-0.019
-0.06
-0.003
-0.018
-0.087
-0.071
-0.06
-0.012
-0.032
-0.061
-0.008
-0.035
-0.06
-0.031
-0.015
-0.055
-0.073
-0.083
-0.031
-0.023
-0.011
-0.069
0.047
0.033
-0.041
-0.129
-0.052
-0.055
-0.155
-0.03
0.02
-0.022
0.002
-0.125
-0.004
0.006
-0.007
-0.077
-0.031
-0.093
0.003
-0.008
-0.012
-0.036
-0.052
-0.04
-0.033
-0.015
-0.113
-0.019
-0.074
-0.032
-0.033
0.038
-0.007
0.023
-0.128
-0.058
-0.036
-0.117
-0.064
0.015
-0.013
-0.057
-0.094
-0.05
0.035
-0.035
-0.107
-0.097
0.017
-0.026
-0.052
-0.063
0.004
-0.121
-0.043
-0.031
-0.023
-0.116
-0.03
-0.082
-0.103
-0.112
-0.033
0.008
0.025
-0.089
-0.05
-0.137
-0.106
-0.109
-0.061
-0.011
-0.081
-0.003
-0.028
0.007
-0.023
-0.034
-0.021
-0.031
-0.038
-0.087
-0.035
-0.133
-0.024
-0.02
-0.039
0.001
0.035
-0.133
-0.117
-0.041
-0.059
-0.04
-0.06
-0.071
-0.125
-0.021
-0.088
-0.046
-0.093
-0.015
-0.031
-0.061
0.017
-0.118
-0.112
0.024
-0.01
-0.009
-0.016
-0.054
-0.042
-0.079
-0.03
-0.038
-0.007
-0.027
-0.044
-0.052
-0.044
-0.035
-0.048
-0.033
-0.044
-0.075
-0.033
-0.085
0.001
-0.039
0.002
-0.038
0.003
0.077
-0.076
-0.081
-0.103
-0.041
-0.027
-0.113
-0.057
-0.002
-0.104
-0.055
-0.119
-0.098
-0.015
0.022
-0.13
-0.027
-0.031
-0.072
-0.015
-0.052
-0.037
-0.002
-0.082
0.001
-0.025
-0.065
-0.094
0.009
-0.076
-0.161
-0.078
-0.018
-0.119
-0.094
-0.093
-0.061
0.002
0.008
0.016
0.073
-0.087
0.027
0.01
-0.055
0.012
0.003
-0.057
-0.061
-0.026
-0.027
-0.016
-0.092
-0.073
-0.109
-0.065
-0.047
-0.049
-0.09
-0.076
-0.091
-0.078
-0.086
-0.062
-0.039
-0.099
-0.089
-0.058
-0.017
-0.041
-0.127
0.006
0.011
-0.053
0.023
-0.066
-0.021
-0.142
-0.024
-0.068
-0.03
-0.062
0.031
-0.077
0.001
-0.053
-0.056
-0.031
-0.051
-0.005
-0.034
-0.012
-0.03
-0.041
-0.055
-0.029
-0.079
0.037
-0.108
-0.023
-0.061
0.004
-0.062
-0.033
0.015
-0.108
-0.071
-0.005
-0.083
0.004
-0.043
0.002
-0.059
0.0
-0.055
-0.072
-0.001
-0.134
-0.062
-0.147
-0.005
-0.068
-0.038
-0.031
0.004
-0.05
-0.057
-0.078
-0.028
-0.076
-0.027
0.013
0.007
-0.044
-0.003
-0.107
-0.093
0.029
-0.052
-0.062
0.041
0.031
0.023
-0.101
-0.045
-0.081
-0.087
-0.071
-0.015
-0.096
-0.101
-0.054
-0.069
-0.121
-0.114
-0.041
-0.015
-0.068
-0.069
-0.058
-0.094
-0.138
-0.104
0.01
-0.006
-0.017
-0.015
-0.125
-0.053
0.054
-0.03
-0.026
-0.062
0.019
-0.052
-0.024
-0.028
-0.06
-0.067
-0.019
-0.05
-0.068
-0.018
-0.006
-0.108
-0.07
0.038
-0.06
-0.058
0.004
0.0
0.006
-0.024
-0.067
0.031
-0.099
-0.135
-0.077
-0.08
-0.042
-0.071
-0.065
-0.063
-0.039
-0.08
-0.072
-0.069
-0.018
-0.072
-0.045
-0.05
-0.077
-0.071
-0.015
-0.085
-0.038
-0.044
-0.091
-0.045
0.0
-0.1
-0.014
-0.031
-0.053
-0.063
0.002
-0.03
-0.051
-0.072
-0.142
0.021
-0.045
-0.104
-0.046
-0.07
-0.025
-0.053
-0.055
-0.093
0.016
0.005
-0.039
-0.027
-0.015
-0.051
-0.05
-0.001
0.049
-0.015
-0.053
-0.105
-0.011
-0.018
-0.022
0.019
-0.106
-0.016
-0.008
-0.02
-0.041
-0.048
-0.043
0.023
-0.013
0.01
-0.066
-0.019
-0.087
-0.024
-0.018
-0.129
0.012
-0.059
0.012
-0.015
-0.11
0.005
-0.032
-0.046
-0.006
0.028
0.028
-0.068
-0.097
0.04
-0.031
-0.045
-0.041
-0.055
0.045
-0.071
0.002
-0.079
-0.057
-0.032
0.045
-0.024
-0.042
-0.096
-0.023
-0.094
0.047
0.001
-0.065
-0.037
-0.027
-0.123
-0.089
-0.036
-0.075
-0.026
0.019
-0.01
0.042
-0.069
-0.094
-0.088
-0.046
-0.051
-0.068
-0.075
-0.039
-0.047
-0.05
-0.057
-0.037
-0.035
-0.046
0.019
-0.011
-0.027
0.085
-0.022
-0.023
-0.081
0.013
-0.106
-0.076
-0.04
0.003
-0.018
-0.054
-0.007
-0.074
0.031
-0.012
-0.092
-0.063
-0.049
0.049
0.047
0.011
-0.03
0.013
-0.134
-0.058
-0.027
-0.105
-0.05
-0.2
-0.032
-0.089
-0.032
-0.07
-0.029
-0.127
-0.049
-0.132
-0.05
-0.077
-0.04
-0.041
-0.082
-0.056
-0.066
-0.099
-0.106
-0.021
-0.131
-0.064
-0.043
-0.182
-0.037
-0.146
-0.071
-0.076
-0.043
-0.025
-0.057
0.024
-0.052
-0.021
-0.034
-0.04
-0.098
0.008
-0.038
-0.09
-0.073
0.003
-0.091
-0.048
-0.129
-0.082
-0.071
-0.065
-0.074
-0.027
0.0
-0.066
0.021
-0.024
0.045
-0.003
0.0
-0.005
-0.077
-0.055
-0.044
-0.014
-0.034
-0.078
-0.05
-0.031
-0.089
-0.09
-0.03
0.04
-0.107
-0.119
-0.01
-0.047
-0.107
-0.037
-0.036
-0.115
-0.039
-0.048
-0.12
-0.008
-0.048
-0.042
-0.063
0.019
-0.077
-0.091
-0.091
-0.05
0.011
-0.049
0.022
-0.067
-0.045
-0.125
-0.008
-0.082
0.013
-0.111
0.002
-0.059
-0.081
-0.071
0.013
-0.04
-0.044
-0.069
-0.069
-0.023
-0.117
-0.011
0.035
-0.019
-0.074
0.048
-0.044
-0.087
0.0
-0.07
-0.062
-0.04
-0.065
-0.056
-0.064
-0.014
0.017
-0.05
-0.052
-0.021
0.01
0.011
-0.01
-0.071
-0.058
-0.017
0.001
-0.059
-0.065
-0.047
-0.038
-0.072
-0.133
-0.034
0.01
-0.046
-0.02
-0.091
-0.047
-0.04
-0.024
-0.068
-0.038
0.013
0.024
0.0
-0.084
-0.065
-0.062
-0.111
-0.026
-0.071
-0.088
-0.041
0.044
-0.005
-0.012
0.059
-0.145
-0.05
-0.052
-0.014
-0.014
-0.102
-0.036
-0.039
-0.07
-0.018
0.001
-0.018
-0.08
-0.012
-0.052
-0.132
-0.031
-0.073
-0.002
-0.042
-0.067
-0.094
-0.059
-0.092
-0.09
-0.079
-0.09
-0.104
-0.016
0.042
0.01
-0.011
-0.043
-0.051
-0.035
-0.022
-0.052
-0.006
-0.054
-0.115
-0.036
-0.033
0.014
-0.095
-0.008
-0.005
-0.02
-0.062
-0.069
-0.054
-0.096
-0.039
-0.02
-0.042
-0.048
0.002
-0.1
-0.013
0.008
-0.067
0.043
-0.079
-0.062
0.052
-0.074
-0.022
0.027
-0.024
-0.103
0.054
-0.026
-0.04
-0.074
-0.052
-0.066
-0.068
-0.006
-0.023
-0.077
-0.011
-0.093
-0.102
-0.06
-0.096
0.007
0.0
-0.032
-0.153
-0.12
-0.024
-0.079
-0.051
-0.062
-0.042
-0.117
-0.014
-0.01
-0.016
-0.055
-0.008
-0.023
-0.007
-0.091
-0.057
-0.077
-0.066
-0.112
-0.037
-0.016
-0.073
0.014
-0.018
-0.103
-0.092
-0.059
-0.075
-0.076
0.033
-0.09
0.028
-0.024
-0.065
-0.09
-0.046
-0.066
0.005
0.012
-0.064
0.004
-0.047
-0.03
0.012
-0.005
0.034
-0.005
0.004
-0.104
-0.062
-0.051
-0.064
-0.081
-0.055
-0.063
-0.068
-0.044
0.001
-0.05
-0.131
-0.028
-0.076
-0.084
-0.041
-0.051
0.006
-0.042
-0.053
-0.134
-0.073
0.027
-0.037
-0.073
-0.024
-0.095
-0.047
-0.063
-0.093
-0.062
-0.069
-0.078
0.014
0.0
-0.068
-0.098
-0.024
0.046
-0.131
-0.015
-0.061
-0.025
-0.055
0.058
-0.022
0.031
-0.069
-0.105
-0.067
-0.1
-0.014
-0.134
-0.053
-0.06
-0.034
-0.009
-0.105
-0.11
-0.02
-0.102
-0.11
-0.129
0.035
-0.073
-0.164
-0.054
-0.084
-0.045
-0.016
-0.103
-0.076
-0.041
0.01
-0.033
-0.021
0.035
0.001
0.037
-0.012
-0.068
-0.043
-0.049
0.083
-0.117
-0.003
-0.048
-0.066
-0.078
-0.102
0.036
-0.111
0.054
-0.008
-0.113
0.03
-0.025
-0.032
-0.109
0.005
-0.057
-0.02
-0.08
-0.053
-0.066
-0.046
-0.019
-0.033
-0.01
-0.003
-0.042
-0.087
-0.056
0.009
-0.013
-0.02
-0.068
-0.018
-0.09
-0.087
-0.107
-0.018
-0.027
-0.039
-0.107
0.059
-0.001
-0.071
-0.013
-0.033
-0.027
-0.033
-0.072
-0.006
-0.035
-0.101
-0.071
-0.114
-0.037
-0.009
-0.061
-0.099
-0.066
-0.045
0.002
-0.08
-0.083
-0.048
-0.009
0.015
-0.103
-0.089
-0.021
-0.082
-0.072
-0.019
-0.064
-0.046
-0.067
-0.046
-0.072
-0.055
-0.05
-0.053
-0.015
-0.096
-0.059
-0.034
0.0
-0.024
-0.022
-0.012
-0.04
-0.141
-0.067
-0.156
-0.045
0.034
-0.057
-0.027
-0.043
-0.029
-0.088
-0.011
0.04
0.015
-0.09
0.008
-0.034
-0.035
-0.083
-0.087
-0.11
0.039
-0.127
-0.084
-0.125
-0.087
-0.097
-0.049
-0.087
-0.072
0.001
-0.054
-0.022
-0.039
0.018
-0.027
-0.015
-0.053
-0.071
-0.083
-0.018
0.067
-0.092
-0.062
-0.036
-0.071
-0.115
0.006
0.013
-0.027
-0.046
-0.112
-0.089
0.019
-0.056
0.023
-0.024
-0.076
-0.063
-0.034
-0.084
-0.073
-0.006
-0.049
-0.136
-0.03
0.004
-0.037
0.023
0.038
-0.011
-0.072
-0.125
-0.006
-0.045
-0.05
-0.056
-0.07
-0.095
-0.074
-0.096
-0.086
-0.093
-0.077
-0.037
-0.121
0.008
-0.005
0.01
-0.03
-0.044
-0.048
0.107
-0.018
-0.088
0.002
-0.037
-0.071
-0.108
-0.03
-0.072
-0.02
-0.043
-0.022
-0.035
-0.076
-0.055
-0.037
-0.003
-0.078
-0.078
-0.047
-0.091
-0.044
-0.023
-0.05
-0.109
-0.008
-0.093
-0.071
-0.015
-0.045
0.019
-0.066
-0.068
-0.06
-0.07
-0.103
-0.008
0.008
-0.053
-0.109
-0.058
0.008
0.005
-0.018
0.028
-0.02
-0.002
-0.098
-0.03
-0.073
-0.068
-0.103
-0.063
-0.01
0.031
-0.105
-0.125
-0.118
-0.028
0.036
-0.113
0.029
0.053
-0.036
-0.075
0.037
-0.043
-0.09
-0.089
-0.056
-0.083
-0.052
-0.018
-0.015
0.04
0.028
-0.034
-0.013
-0.077
0.014
-0.001
-0.095
-0.052
-0.1
-0.003
-0.003
-0.026
-0.029
-0.074
-0.066
-0.127
-0.01
-0.06
-0.046
-0.103
-0.083
0.01
-0.015
0.012
-0.001
-0.051
-0.058
-0.1
-0.055
-0.065
0.011
-0.034
-0.037
-0.074
-0.018
0.004
-0.001
-0.01
-0.078
-0.052
0.0
-0.067
-0.055
-0.046
-0.121
-0.052
-0.058
-0.028
-0.044
-0.06
-0.115
-0.035
-0.018
-0.079
-0.09
-0.035
-0.076
-0.044
-0.029
-0.099
-0.068
-0.113
-0.049
-0.114
-0.085
-0.078
-0.09
-0.081
-0.108
-0.008
-0.026
-0.055
-0.034
-0.053
-0.023
-0.099
-0.013
0.035
-0.08
-0.004
-0.086
-0.02
-0.112
-0.056
-0.116
-0.037
-0.054
-0.015
-0.044
-0.112
-0.089
-0.072
-0.014
-0.012
0.015
-0.097
-0.021
0.019
0.031
-0.094
0.009
-0.058
-0.051
0.02
-0.034
-0.079
-0.066
-0.026
-0.081
-0.019
-0.046
-0.037
-0.03
-0.051
-0.07
-0.114
0.0
-0.073
-0.046
-0.063
-0.081
-0.03
-0.034
0.018
-0.066
-0.056
0.004
-0.021
-0.107
-0.026
-0.045
-0.059
-0.099
-0.042
-0.048
-0.124
-0.043
-0.056
-0.101
-0.104
-0.031
-0.056
-0.009
-0.006
-0.097
0.013
-0.042
-0.026
-0.092
0.033
-0.014
-0.032
-0.063
-0.025
-0.069
-0.01
-0.031
-0.09
-0.065
-0.115
-0.041
-0.023
-0.035
-0.036
-0.047
0.005
-0.097
-0.002
-0.011
-0.15
0.002
-0.104
0.024
-0.09
-0.039
-0.016
-0.082
-0.085
0.017
-0.097
-0.13
-0.044
-0.078
-0.11
0.039
-0.033
-0.106
-0.009
-0.012
0.026
-0.108
-0.061
-0.03
0.043
-0.05
-0.022
-0.151
-0.059
-0.036
0.021
-0.149
-0.016
-0.039
-0.066
-0.024
-0.083
-0.085
-0.046
-0.024
-0.041
-0.096
-0.094
-0.075
-0.016
-0.011
-0.054
-0.046
-0.088
-0.063
-0.068
-0.074
-0.075
-0.078
0.001
-0.065
-0.093
-0.067
-0.063
-0.055
-0.08
-0.074
-0.023
-0.027
-0.048
-0.098
-0.118
-0.077
-0.027
-0.051
-0.17
-0.078
-0.059
-0.015
-0.043
-0.032
-0.074
-0.006
-0.054
-0.068
-0.036
-0.081
-0.097
-0.082
-0.026
-0.057
0.019
-0.107
-0.065
-0.034
0.001
-0.03
0.028
-0.036
-0.01
-0.027
-0.021
0.01
-0.115
-0.065
-0.069
-0.014
-0.029
-0.058
-0.066
-0.081
-0.044
-0.023
-0.057
0.019
-0.118
-0.102
-0.091
-0.069
-0.067
-0.034
0.0
-0.009
-0.057
-0.059
0.009
-0.071
-0.056
-0.039
-0.113
-0.048
-0.053
-0.083
-0.093
-0.024
0.022
-0.025
0.024
-0.074
-0.04
-0.123
-0.103
-0.074
-0.072
0.013
0.002
-0.067
-0.012
-0.116
-0.121
-0.081
0.035
-0.035
-0.035
-0.057
-0.078
-0.106
0.005
-0.022
-0.099
-0.04
-0.116
-0.041
-0.051
-0.09
-0.03
-0.069
-0.035
-0.076
0.029
-0.057
-0.056
-0.073
-0.029
-0.058
-0.03
-0.007
0.032
-0.068
-0.026
-0.062
-0.011
-0.025
-0.054
0.005
-0.101
-0.033
-0.086
0.028
-0.019
-0.04
-0.015
-0.061
-0.118
0.008
-0.015
-0.093
-0.039
-0.031
-0.063
-0.068
-0.051
-0.064
-0.055
0.025
-0.093
-0.069
-0.097
-0.052
-0.058
-0.092
-0.037
-0.052
-0.034
-0.016
-0.073
0.017
-0.072
-0.091
-0.126
-0.083
-0.043
-0.045
-0.012
0.01
-0.072
-0.019
-0.044
0.039
0.021
-0.074
-0.075
-0.108
0.025
0.012
-0.08
-0.008
-0.053
0.018
-0.07
-0.057
-0.007
-0.065
-0.032
-0.052
-0.041
0.0
-0.075
-0.021
-0.113
-0.012
-0.098
-0.032
-0.028
-0.046
-0.058
-0.12
-0.069
-0.034
-0.022
0.038
0.0
-0.15
-0.048
-0.101
-0.103
0.052
-0.059
-0.034
-0.032
-0.048
0.029
-0.083
-0.061
0.01
-0.014
-0.046
-0.034
0.027
0.007
-0.011
-0.001
-0.022
0.02
-0.111
0.046
-0.07
-0.009
-0.087
-0.01
-0.078
0.001
-0.063
0.01
0.019
-0.085
-0.063
-0.017
-0.098
-0.041
-0.115
-0.058
-0.083
-0.006
-0.116
-0.075
-0.026
-0.07
-0.046
-0.122
-0.025
-0.067
-0.074
-0.064
-0.026
-0.044
0.02
-0.053
-0.094
-0.114
-0.089
-0.055
0.037
0.033
-0.033
-0.018
-0.086
0.017
-0.041
0.018
-0.035
-0.034
-0.087
-0.065
-0.059
-0.077
-0.073
-0.085
-0.018
0.01
-0.069
-0.125
-0.03
-0.023
-0.021
-0.027
-0.068
-0.055
-0.069
-0.005
-0.04
-0.043
0.028
-0.07
-0.03
-0.101
0.007
-0.06
-0.084
-0.092
-0.048
0.024
0.057
-0.025
-0.026
-0.029
-0.113
-0.055
-0.086
-0.064
0.055
-0.086
-0.026
-0.034
-0.055
-0.022
-0.042
-0.037
0.045
-0.066
0.001
-0.083
0.012
-0.051
-0.027
-0.033
-0.035
-0.039
-0.075
-0.023
-0.091
-0.052
-0.046
-0.006
-0.03
0.015
-0.059
0.004
-0.054
-0.085
0.016
-0.11
-0.012
-0.004
-0.047
-0.018
-0.109
0.015
-0.012
-0.089
-0.024
0.044
-0.036
-0.029
0.021
-0.125
-0.088
-0.002
-0.046
-0.026
-0.002
-0.078
-0.08
-0.061
-0.089
-0.049
-0.012
0.005
-0.071
-0.044
-0.042
-0.071
-0.063
-0.019
-0.059
-0.018
-0.03
-0.069
-0.044
-0.115
-0.009
-0.097
-0.063
-0.038
-0.019
-0.034
-0.023
-0.059
-0.008
-0.094
-0.085
-0.032
-0.065
0.024
-0.071
-0.001
-0.077
-0.111
-0.061
-0.016
0.015
-0.043
-0.124
-0.018
-0.02
-0.121
-0.045
-0.102
0.013
-0.079
-0.013
-0.006
-0.063
-0.048
-0.001
-0.066
-0.067
-0.017
-0.049
0.019
-0.013
-0.019
-0.073
0.016
-0.078
0.013
-0.056
0.003
-0.056
-0.086
-0.117
0.017
-0.046
-0.052
-0.086
0.04
-0.023
0.014
-0.031
-0.127
0.02
-0.061
-0.048
-0.005
-0.071
0.047
-0.03
-0.126
-0.128
-0.059
-0.074
-0.033
-0.032
-0.003
-0.07
-0.071
-0.008
-0.038
-0.054
-0.044
-0.091
-0.045
0.016
-0.102
-0.045
-0.024
-0.026
-0.074
-0.027
-0.006
-0.004
-0.046
-0.093
-0.045
-0.007
-0.054
-0.045
0.024
0.011
-0.022
-0.144
-0.04
-0.026
-0.088
-0.019
0.03
-0.035
-0.155
0.039
-0.081
-0.048
-0.11
0.009
0.001
-0.009
-0.025
0.002
-0.046
-0.065
0.006
-0.136
-0.092
-0.09
-0.045
0.028
-0.057
-0.103
-0.04
-0.047
-0.101
-0.044
-0.052
-0.034
-0.031
-0.051
-0.052
-0.046
0.001
-0.087
-0.023
0.016
0.072
-0.074
-0.06
-0.031
-0.034
-0.051
-0.086
-0.008
-0.013
0.011
0.043
-0.033
-0.011
-0.081
-0.116
-0.067
-0.126
-0.075
-0.023
-0.002
-0.084
0.013
-0.078
-0.081
-0.067
0.025
-0.097
-0.011
-0.085
-0.001
-0.017
0.053
-0.047
0.067
-0.061
-0.018
-0.104
-0.088
-0.065
0.004
-0.035
-0.059
-0.036
0.035
-0.028
-0.083
-0.061
0.003
0.024
-0.047
-0.042
-0.081
-0.071
0.042
-0.011
-0.013
-0.072
0.019
-0.049
-0.031
-0.08
-0.074
-0.128
-0.024
-0.003
-0.071
-0.038
-0.037
-0.031
-0.118
-0.125
-0.064
-0.085
-0.09
-0.06
0.007
-0.105
-0.044
-0.053
-0.039
-0.039
0.015
-0.05
-0.076
-0.052
-0.038
-0.058
-0.086
-0.065
-0.03
-0.127
-0.031
-0.066
0.028
-0.075
-0.033
-0.091
-0.071
-0.037
-0.03
-0.086
-0.055
-0.019
-0.051
-0.072
0.0
-0.021
-0.069
-0.028
-0.048
-0.075
-0.069
-0.106
-0.023
-0.071
-0.059
-0.118
-0.04
-0.03
0.036
-0.042
-0.045
-0.041
-0.145
-0.044
-0.081
-0.058
-0.079
-0.003
-0.039
-0.06
-0.074
-0.007
-0.093
0.017
-0.067
-0.087
-0.054
-0.095
0.009
-0.119
-0.058
-0.055
-0.008
-0.082
-0.024
-0.042
0.015
-0.014
-0.1
-0.039
-0.05
-0.038
-0.045
-0.007
-0.085
-0.071
-0.035
-0.116
-0.117
-0.025
-0.069
-0.032
-0.109
-0.095
-0.039
-0.04
-0.05
-0.121
-0.098
-0.031
-0.077
-0.064
-0.027
-0.055
-0.081
-0.127
-0.083
-0.073
-0.059
-0.06
0.085
-0.103
-0.024
-0.039
-0.062
-0.086
-0.021
-0.015
-0.064
-0.053
-0.105
-0.058
-0.01
-0.06
-0.066
-0.152
-0.042
-0.055
-0.094
-0.043
-0.108
-0.01
0.008
-0.057
-0.093
-0.082
-0.1
-0.039
-0.039
0.035
-0.012
-0.036
-0.034
-0.017
0.025
-0.109
-0.119
-0.011
-0.076
-0.06
-0.067
-0.026
-0.106
-0.079
-0.029
-0.065
-0.06
-0.08
-0.044
-0.001
-0.021
-0.027
-0.099
-0.046
-0.014
-0.103
-0.02
-0.043
-0.059
-0.105
0.042
0.011
0.004
-0.062
-0.002
-0.006
-0.029
-0.043
-0.129
-0.05
-0.009
0.025
-0.086
0.001
-0.003
-0.05
-0.023
-0.05
-0.057
-0.061
-0.072
-0.096
-0.076
-0.079
-0.062
-0.1
-0.013
-0.062
0.033
0.054
0.032
-0.071
-0.079
-0.012
-0.042
-0.036
-0.085
-0.058
-0.002
0.038
-0.045
-0.064
0.029
-0.051
0.018
-0.026
0.02
-0.054
-0.102
-0.008
-0.003
-0.069
-0.036
-0.107
-0.051
-0.067
-0.009
-0.117
-0.098
-0.051
-0.065
0.024
-0.014
-0.044
-0.02
-0.107
-0.057
0.044
-0.049
-0.032
-0.079
0.005
-0.117
0.028
-0.068
-0.072
0.021
-0.043
-0.072
-0.091
-0.093
-0.1
-0.137
-0.042
-0.054
-0.058
-0.052
-0.008
-0.058
-0.031
-0.033
-0.111
-0.079
-0.062
0.017
0.014
-0.061
-0.053
-0.055
-0.018
-0.028
-0.07
0.036
-0.059
-0.023
-0.057
-0.104
-0.114
-0.04
-0.05
-0.132
0.032
-0.137
-0.018
-0.107
-0.07
-0.068
-0.067
-0.015
0.017
-0.052
-0.032
-0.125
-0.011
-0.03
-0.077
-0.098
-0.014
-0.013
-0.032
-0.055
-0.055
-0.038
-0.013
-0.014
-0.041
0.008
-0.156
0.005
-0.027
-0.028
-0.064
0.069
-0.051
-0.009
-0.075
-0.072
-0.048
-0.019
0.002
0.005
-0.002
-0.029
-0.023
0.008
-0.086
-0.111
0.034
-0.048
-0.088
0.042
-0.062
-0.054
-0.044
-0.084
-0.063
0.013
0.016
-0.021
-0.029
-0.032
-0.064
-0.055
-0.064
-0.032
-0.096
-0.053
-0.021
-0.026
-0.087
-0.001
-0.002
-0.042
-0.107
0.006
-0.056
-0.026
-0.034
-0.04
-0.01
-0.112
0.015
-0.119
-0.014
-0.045
-0.039
-0.071
-0.054
-0.029
-0.052
0.013
-0.058
-0.013
-0.015
-0.051
0.015
0.026
-0.047
-0.006
-0.02
0.009
-0.092
-0.037
-0.008
0.047
-0.024
-0.079
-0.052
-0.092
-0.029
-0.038
-0.046
0.003
-0.029
-0.064
-0.002
0.008
0.009
-0.075
-0.125
-0.025
-0.068
-0.052
-0.178
-0.01
-0.059
-0.069
-0.08
-0.051
-0.104
-0.004
-0.016
-0.107
-0.062
-0.055
-0.03
0.004
-0.046
0.009
0.01
-0.034
-0.123
-0.069
-0.012
-0.095
-0.065
-0.05
-0.074
-0.009
-0.067
-0.051
-0.087
-0.059
-0.024
-0.042
-0.11
-0.077
-0.014
-0.047
0.015
-0.059
-0.124
-0.016
-0.04
-0.051
-0.089
-0.018
-0.048
-0.034
-0.055
-0.111
-0.027
-0.039
-0.086
0.02
0.002
-0.077
-0.074
-0.061
-0.017
-0.089
-0.075
-0.009
0.023
0.038
-0.034
-0.067
-0.011
0.033
-0.065
0.019
-0.02
-0.111
-0.059
-0.001
-0.043
-0.005
-0.081
0.009
0.005
-0.013
-0.035
0.011
-0.005
-0.017
-0.03
-0.11
-0.013
-0.013
-0.026
-0.057
-0.088
-0.07
-0.129
-0.076
0.005
-0.029
-0.078
-0.06
-0.036
-0.005
-0.13
-0.042
-0.083
-0.096
-0.039
0.001
-0.055
-0.063
-0.048
0.021
-0.017
-0.064
-0.018
-0.085
0.004
-0.025
-0.024
-0.057
0.022
-0.02
0.013
-0.069
-0.041
0.009
-0.052
-0.039
-0.013
-0.112
-0.037
-0.064
-0.057
-0.057
-0.051
-0.012
-0.055
-0.086
0.018
-0.034
-0.086
-0.083
-0.063
-0.036
0.012
-0.08
-0.074
0.031
-0.047
-0.039
-0.026
0.048
0.043
-0.077
-0.018
0.042
-0.065
-0.035
-0.138
-0.142
-0.049
0.011
-0.06
-0.03
-0.017
-0.046
-0.06
-0.063
-0.057
-0.118
-0.074
-0.063
0.018
-0.037
-0.132
-0.035
-0.066
-0.073
0.012
0.028
-0.054
-0.112
0.033
0.056
-0.036
-0.053
0.008
-0.026
-0.008
-0.018
-0.07
0.04
-0.001
-0.019
-0.006
-0.033
-0.089
-0.071
-0.034
-0.045
-0.044
-0.107
-0.004
-0.083
-0.063
-0.074
0.008
-0.07
-0.063
-0.091
-0.02
-0.114
-0.04
0.036
-0.125
-0.068
-0.017
-0.037
-0.074
-0.052
-0.125
-0.06
-0.095
0.006
-0.051
-0.035
-0.105
-0.062
-0.018
-0.008
-0.062
-0.003
-0.077
-0.057
-0.055
-0.027
-0.07
-0.077
0.034
-0.055
-0.088
0.035
-0.074
-0.026
-0.061
-0.02
-0.095
-0.102
-0.025
-0.069
-0.055
-0.063
-0.05
-0.11
-0.078
0.009
-0.054
-0.041
-0.03
-0.069
-0.108
-0.056
0.0
0.007
-0.008
-0.115
0.023
-0.065
-0.078
0.012
-0.08
0.0
-0.054
0.0
0.014
-0.052
-0.045
-0.074
-0.09
-0.094
-0.024
-0.056
-0.058
-0.104
0.017
-0.079
-0.114
0.081
-0.086
-0.04
-0.042
-0.014
0.022
-0.119
-0.071
-0.085
0.027
-0.106
-0.073
-0.056
-0.064
-0.101
-0.083
-0.014
-0.044
-0.06
-0.043
-0.047
-0.063
-0.052
-0.084
-0.054
0.047
-0.071
-0.067
-0.143
0.005
-0.036
-0.012
-0.114
-0.031
0.01
-0.054
-0.071
-0.017
-0.088
0.007
0.002
-0.02
0.015
-0.013
-0.015
-0.097
-0.043
-0.044
-0.085
-0.01
-0.068
-0.04
-0.062
0.002
-0.091
-0.063
-0.093
-0.038
-0.029
-0.073
-0.081
-0.086
-0.045
-0.069
-0.077
-0.101
-0.056
-0.164
-0.088
-0.078
-0.044
-0.035
-0.055
-0.026
0.004
-0.085
-0.041
-0.004
-0.056
-0.089
-0.082
-0.08
-0.043
-0.049
-0.051
-0.034
-0.032
-0.031
0.01
-0.111
-0.003
-0.077
-0.021
0.022
-0.062
-0.054
-0.077
-0.057
0.043
-0.09
-0.085
-0.03
-0.007
-0.085
0.007
-0.123
0.074
-0.035
-0.072
0.051
-0.051
-0.056
-0.016
-0.033
-0.086
0.025
-0.092
-0.02
-0.014
-0.023
0.036
0.003
-0.053
-0.015
-0.029
-0.049
-0.051
-0.058
0.003
-0.102
-0.004
-0.076
-0.038
-0.082
-0.061
-0.026
-0.05
-0.072
0.012
-0.095
-0.105
-0.084
-0.045
0.024
0.003
-0.059
-0.111
-0.095
-0.04
0.042
-0.071
-0.07
-0.084
0.023
-0.029
-0.057
-0.01
0.03
-0.066
-0.014
-0.021
-0.02
0.0
-0.061
-0.063
0.025
-0.037
-0.054
0.01
-0.089
-0.078
-0.108
-0.04
0.027
-0.04
-0.05
-0.039
-0.187
-0.101
-0.018
-0.156
-0.052
-0.072
-0.098
-0.059
-0.035
-0.044
-0.054
-0.021
-0.118
0.028
-0.073
-0.099
-0.106
-0.036
-0.107
0.034
-0.015
-0.042
-0.084
-0.073
-0.044
-0.053
-0.119
-0.073
-0.066
-0.019
-0.019
-0.067
-0.03
-0.117
0.038
-0.121
-0.022
-0.059
-0.044
0.022
0.016
-0.02
0.008
-0.033
-0.024
-0.084
-0.05
-0.03
-0.082
-0.09
-0.041
-0.06
-0.014
-0.025
-0.056
-0.131
-0.032
-0.078
-0.047
-0.017
-0.011
-0.046
0.022
-0.091
-0.106
0.048
-0.034
-0.11
0.008
-0.031
-0.066
-0.093
0.023
-0.006
-0.014
-0.142
0.015
-0.046
0.009
0.062
-0.048
-0.09
0.011
-0.128
-0.027
-0.062
-0.08
-0.008
-0.026
0.007
-0.065
0.015
-0.024
-0.064
-0.091
-0.043
-0.004
-0.014
-0.014
0.002
0.008
0.026
-0.082
-0.082
0.031
-0.028
-0.039
-0.084
-0.056
-0.055
-0.047
-0.105
-0.034
-0.055
0.014
-0.021
-0.005
-0.058
-0.029
-0.052
-0.081
-0.003
-0.058
-0.104
-0.079
-0.11
-0.064
-0.035
-0.046
-0.065
-0.037
-0.023
-0.03
-0.026
-0.019
-0.033
-0.069
-0.058
-0.084
-0.056
-0.128
-0.095
-0.04
-0.013
-0.039
-0.018
-0.048
-0.077
-0.035
-0.007
-0.009
-0.034
0.013
-0.083
-0.07
-0.016
-0.003
-0.104
0.022
-0.091
-0.02
-0.147
-0.061
-0.037
-0.095
-0.059
-0.088
0.018
-0.034
0.022
-0.018
0.013
-0.031
-0.097
-0.012
-0.073
-0.015
-0.048
-0.091
0.038
-0.074
-0.028
-0.074
-0.04
-0.052
-0.071
-0.076
-0.064
-0.092
-0.08
-0.043
-0.008
-0.034
-0.051
-0.023
-0.074
0.003
-0.011
-0.047
-0.016
-0.122
-0.101
-0.036
-0.03
0.046
-0.056
-0.016
-0.044
-0.15
-0.067
-0.066
-0.073
-0.043
-0.039
0.027
-0.033
0.008
0.026
0.001
-0.053
0.011
-0.081
-0.07
-0.085
-0.066
-0.022
-0.096
-0.029
-0.046
0.011
-0.066
-0.048
0.012
-0.012
-0.082
-0.065
-0.031
-0.092
-0.02
-0.065
-0.063
-0.014
0.007
-0.113
-0.052
0.013
-0.004
-0.042
-0.064
-0.071
-0.061
-0.098
-0.082
-0.022
-0.035
-0.062
-0.073
-0.012
-0.149
-0.044
-0.009
-0.092
-0.003
-0.036
-0.05
-0.046
-0.013
-0.111
-0.099
-0.022
-0.079
-0.047
0.033
-0.086
-0.076
-0.023
-0.019
-0.003
-0.073
0.025
-0.088
-0.038
-0.081
-0.045
0.025
-0.094
0.024
-0.049
-0.078
-0.07
0.014
-0.003
-0.127
0.012
-0.051
-0.023
-0.033
-0.1
-0.042
-0.106
-0.086
-0.148
-0.048
-0.006
0.019
0.027
0.016
0.025
-0.068
-0.074
-0.049
-0.041
-0.072
-0.033
-0.036
0.003
-0.004
-0.019
-0.076
-0.069
-0.076
-0.003
-0.065
-0.037
0.043
-0.092
-0.044
0.015
-0.079
-0.089
-0.038
-0.045
-0.124
0.002
-0.069
0.0
-0.01
-0.007
-0.136
-0.058
-0.077
-0.046
-0.054
0.009
-0.049
-0.088
-0.084
-0.086
-0.062
-0.061
-0.016
-0.055
-0.028
-0.046
-0.048
0.008
-0.087
-0.036
0.023
-0.04
-0.031
-0.08
-0.038
-0.119
0.019
-0.065
-0.039
-0.117
-0.026
-0.036
0.039
-0.081
-0.047
-0.04
-0.005
-0.05
-0.032
-0.128
-0.063
-0.053
-0.074
-0.059
-0.047
-0.055
0.017
-0.043
-0.042
-0.1
0.014
-0.05
-0.082
-0.022
-0.066
-0.034
-0.092
-0.051
-0.104
-0.046
-0.069
0.016
-0.074
-0.068
-0.102
-0.067
-0.025
-0.145
-0.077
0.008
-0.095
-0.042
-0.093
-0.038
-0.016
-0.03
-0.054
-0.02
-0.012
-0.072
-0.019
-0.019
0.016
-0.06
-0.034
-0.03
-0.052
-0.03
-0.034
-0.012
-0.105
-0.053
0.041
0.045
-0.006
-0.006
-0.087
-0.087
-0.074
-0.027
-0.035
0.017
-0.067
-0.123
-0.067
-0.094
-0.096
-0.018
-0.106
-0.016
-0.092
0.004
-0.069
-0.017
-0.046
-0.008
-0.083
-0.068
-0.049
-0.061
-0.014
-0.069
-0.082
0.017
-0.104
-0.007
-0.061
-0.002
0.034
0.003
-0.047
-0.012
-0.12
-0.04
-0.126
-0.039
0.014
-0.076
-0.053
-0.014
-0.056
-0.048
-0.016
-0.006
-0.094
-0.034
-0.062
-0.047
-0.082
0.028
-0.053
-0.045
-0.005
-0.092
0.076
-0.11
-0.049
-0.028
-0.053
-0.051
-0.096
-0.065
-0.052
-0.001
0.012
-0.08
-0.04
-0.182
-0.07
0.012
-0.069
-0.029
-0.014
-0.046
-0.078
-0.069
-0.163
-0.058
0.003
-0.115
-0.059
0.021
-0.092
-0.006
-0.039
-0.04
-0.019
0.042
-0.009
-0.023
-0.005
0.008
-0.089
-0.095
-0.034
-0.117
0.047
-0.029
-0.061
-0.05
-0.055
-0.089
-0.012
-0.052
-0.078
-0.015
-0.113
0.005
0.034
-0.081
-0.09
0.071
-0.043
-0.113
-0.086
-0.14
-0.063
-0.01
-0.004
-0.104
-0.071
-0.051
-0.084
-0.056
-0.084
-0.064
-0.13
-0.044
-0.033
-0.076
-0.044
-0.061
-0.068
-0.093
-0.065
-0.033
-0.003
-0.046
-0.017
-0.018
-0.078
-0.112
0.0
-0.054
-0.095
-0.099
-0.093
-0.055
-0.006
-0.027
-0.037
-0.055
-0.129
-0.053
-0.034
-0.093
-0.12
-0.025
-0.069
-0.036
-0.04
-0.027
-0.042
-0.041
-0.006
-0.058
-0.026
-0.036
-0.075
-0.048
0.0
0.017
-0.072
-0.046
-0.056
-0.043
-0.034
-0.13
-0.053
0.084
-0.075
-0.076
-0.043
-0.054
-0.019
-0.067
0.004
-0.03
-0.054
-0.006
-0.093
-0.043
-0.114
-0.055
-0.005
-0.118
-0.024
0.055
-0.019
0.004
-0.039
-0.104
0.025
-0.071
0.014
-0.025
0.025
-0.072
-0.029
-0.132
-0.011
-0.047
-0.047
-0.041
-0.07
-0.035
-0.04
-0.088
0.011
-0.027
-0.009
-0.036
0.009
-0.006
-0.036
-0.091
0.003
0.016
-0.083
-0.138
-0.143
0.011
-0.05
0.002
-0.016
-0.06
-0.034
-0.081
-0.063
-0.034
-0.062
-0.031
-0.037
-0.099
-0.085
-0.05
-0.051
-0.029
-0.034
-0.085
-0.108
-0.108
-0.115
-0.006
-0.078
-0.067
-0.01
-0.106
-0.044
0.078
-0.011
-0.081
-0.021
-0.018
-0.086
0.002
-0.07
0.006
-0.103
-0.063
-0.072
-0.037
-0.053
-0.034
-0.08
0.025
-0.087
-0.035
-0.024
-0.049
-0.008
-0.056
-0.121
-0.002
-0.097
-0.101
-0.006
-0.061
-0.029
0.021
-0.07
-0.066
-0.105
-0.044
-0.045
-0.093
-0.118
-0.072
0.002
-0.068
-0.033
-0.041
-0.066
-0.065
-0.007
-0.09
0.059
0.025
-0.046
-0.055
-0.035
-0.059
-0.085
-0.03
-0.037
-0.06
-0.003
-0.055
-0.029
-0.08
-0.014
-0.008
-0.022
-0.061
-0.062
-0.1
-0.047
-0.062
-0.02
-0.026
-0.019
-0.074
-0.053
-0.039
-0.006
-0.028
-0.061
-0.011
0.002
0.023
0.023
-0.106
-0.023
-0.019
-0.022
-0.013
-0.086
0.033
-0.096
0.01
-0.03
-0.026
-0.118
-0.013
-0.056
0.003
-0.03
-0.027
-0.081
-0.025
-0.025
-0.15
-0.086
-0.072
0.013
-0.018
-0.039
-0.011
-0.062
-0.052
-0.016
-0.03
-0.087
0.053
-0.11
-0.088
-0.03
-0.018
-0.105
-0.072
-0.063
-0.03
-0.071
0.005
-0.058
0.01
0.019
-0.046
-0.022
-0.029
-0.077
-0.049
-0.092
-0.096
-0.068
-0.052
-0.017
0.03
0.038
-0.012
-0.068
0.026
-0.083
-0.035
-0.048
-0.029
0.039
-0.056
-0.011
-0.053
-0.023
-0.067
-0.16
0.01
-0.077
-0.072
-0.015
0.004
-0.112
-0.107
-0.028
-0.032
-0.114
-0.08
0.005
-0.07
-0.089
-0.084
0.004
-0.033
-0.092
-0.061
0.009
0.027
-0.049
-0.035
-0.082
-0.088
-0.002
-0.015
-0.004
-0.082
-0.056
-0.039
-0.079
0.012
-0.073
-0.095
0.012
0.003
-0.11
-0.096
-0.069
-0.061
0.042
-0.031
-0.063
-0.036
-0.04
-0.011
-0.02
-0.024
-0.06
-0.037
-0.008
-0.027
-0.03
0.033
-0.019
-0.118
-0.133
-0.056
-0.067
0.025
-0.069
-0.112
0.0
-0.043
0.003
0.013
-0.07
-0.073
-0.037
-0.024
0.017
-0.109
-0.149
-0.006
-0.002
-0.089
-0.121
-0.049
-0.017
-0.012
-0.033
0.024
-0.101
-0.073
-0.142
-0.069
-0.128
-0.092
0.008
-0.082
-0.038
-0.018
-0.05
-0.002
-0.038
0.047
-0.104
-0.042
-0.077
-0.044
-0.002
-0.05
-0.004
-0.083
-0.037
-0.033
-0.038
-0.056
0.013
-0.028
-0.085
-0.004
-0.098
-0.056
-0.116
-0.05
-0.013
-0.093
-0.058
-0.1
-0.03
-0.053
-0.1
-0.103
0.02
-0.004
-0.005
-0.024
-0.034
-0.084
-0.132
-0.067
-0.037
-0.024
-0.018
-0.072
0.008
-0.063
-0.036
-0.058
-0.027
-0.004
0.047
-0.043
-0.042
-0.034
-0.01
-0.052
-0.065
-0.087
-0.101
0.025
-0.046
0.029
0.041
-0.014
-0.031
0.003
-0.088
-0.037
0.016
-0.059
-0.062
-0.043
-0.015
-0.069
-0.024
-0.046
-0.059
-0.021
-0.105
-0.034
0.034
0.031
-0.06
0.015
0.011
-0.12
-0.062
0.005
-0.038
-0.084
-0.046
-0.046
-0.091
-0.071
0.02
-0.055
-0.004
0.016
-0.032
-0.066
0.007
-0.101
0.023
0.001
-0.027
-0.053
-0.004
-0.048
-0.034
-0.137
-0.071
-0.004
-0.038
-0.063
-0.094
-0.117
-0.026
-0.072
-0.008
-0.022
-0.075
-0.069
-0.031
-0.133
0.055
-0.081
-0.065
-0.036
-0.078
-0.057
-0.081
-0.02
0.036
-0.016
-0.097
-0.032
-0.081

