0.004
-0.064
-0.075
-0.017
-0.076
0.027
-0.092
-0.07
0.061
-0.086
-0.037
-0.001
-0.032
-0.022
-0.024
-0.089
-0.066
-0.089
-0.053
-0.057
-0.01
-0.031
-0.028
-0.056
0.027
-0.053
-0.007
-0.066
-0.052
-0.014
0.021
-0.063
-0.053
-0.039
0.032
-0.063
-0.038
-0.092
-0.024
-0.036
-0.095
-0.129
-0.117
-0.038
0.022
-0.039
0.052
-0.085
-0.012
0.005
-0.062
-0.023
-0.066
-0.104
-0.025
-0.067
-0.086
-0.035
-0.066
-0.031
0.01
-0.048
-0.045
-0.055
-0.016
-0.051
-0.063
-0.07
-0.007
-0.032
-0.038
-0.121
-0.073
-0.122
-0.046
-0.097
-0.045
-0.098
-0.073
-0.035
-0.126
-0.069
-0.034
-0.012
0.034
-0.059
-0.055
-0.141
-0.086
-0.058
-0.004
-0.023
0.088
-0.101
0.005
-0.057
-0.068
-0.107
-0.034
-0.089
-0.087
-0.031
-0.037
0.024
-0.013
-0.006
-0.026
-0.027
-0.041
0.007
-0.037
0.004
0.055
-0.045
-0.067
-0.051
-0.025
-0.132
0.004
0.037
-0.045
-0.077
-0.101
-0.028
-0.06
-0.019
-0.048
-0.017
-0.088
-0.071
-0.018
-0.094
-0.103
-0.062
0.029
-0.027
-0.027
-0.044
0.003
-0.015
-0.078
0.008
-0.027
-0.108
-0.019
-0.018
-0.035
-0.013
-0.09
-0.045
0.035
-0.102
-0.146
-0.049
-0.065
-0.088
0.029
-0.06
-0.138
-0.06
-0.027
-0.003
-0.034
-0.03
-0.018
0.016
-0.113
-0.056
-0.05
-0.066
-0.123
-0.081
0.046
0.042
0.035
-0.086
-0.095
-0.062
0.004
-0.056
-0.012
-0.071
-0.06
-0.04
-0.1
-0.062
-0.008
-0.046
-0.052
-0.134
-0.02
-0.07
-0.114
-0.016
-0.073
-0.018
-0.031
-0.113
-0.039
0.061
-0.048
-0.055
-0.027
-0.095
-0.092
-0.068
-0.003
-0.022
-0.058
0.018
-0.077
-0.096
-0.054
-0.013
0.052
-0.142
0.012
-0.112
-0.04
0.001
-0.035
-0.076
-0.071
-0.037
-0.046
-0.052
-0.029
0.004
0.021
0.004
-0.001
-0.05
-0.055
-0.081
-0.053
-0.017
-0.036
-0.047
-0.048
-0.081
-0.084
0.008
-0.074
-0.079
-0.055
-0.061
-0.021
-0.055
-0.076
-0.065
-0.039
-0.034
-0.13
-0.017
-0.016
-0.053
-0.091
-0.076
-0.016
0.024
-0.049
-0.069
0.003
-0.025
-0.068
-0.036
-0.026
-0.105
-0.035
-0.067
-0.045
-0.074
0.012
-0.043
-0.045
0.053
-0.024
-0.125
-0.09
-0.011
-0.047
-0.077
-0.024
0.001
-0.011
-0.065
-0.016
-0.06
-0.048
-0.037
-0.038
-0.08
-0.038
0.004
-0.03
-0.075
-0.068
-0.057
-0.077
-0.082
-0.091
-0.037
-0.026
0.009
0.01
-0.041
0.007
-0.115
-0.031
-0.035
0.009
-0.002
0.014
-0.039
0.009
-0.023
-0.011
-0.092
-0.069
-0.034
-0.045
-0.106
-0.035
-0.026
-0.085
0.024
-0.005
-0.003
-0.098
-0.036
-0.145
0.028
-0.103
-0.066
-0.068
-0.022
-0.049
-0.038
-0.047
0.018
-0.027
-0.028
-0.064
-0.043
-0.126
-0.02
-0.105
-0.016
-0.05
-0.038
-0.124
-0.044
-0.071
0.018
-0.12
-0.072
-0.026
-0.016
-0.022
-0.005
-0.006
-0.1
-0.041
-0.039
-0.099
-0.009
-0.057
-0.028
0.018
-0.061
-0.044
-0.022
-0.091
-0.09
-0.06
-0.027
-0.035
-0.005
-0.012
0.016
-0.014
-0.06
-0.074
-0.119
-0.043
-0.06
-0.051
-0.027
-0.049
-0.024
-0.058
-0.052
-0.061
-0.015
-0.061
-0.07
-0.072
-0.106
-0.08
0.006
-0.041
-0.09
0.016
-0.017
-0.034
0.055
-0.051
-0.073
-0.048
-0.066
-0.095
-0.052
-0.051
-0.072
-0.077
0.025
-0.077
-0.041
-0.004
-0.117
0.015
-0.05
-0.015
-0.034
-0.072
0.007
-0.003
-0.053
-0.037
0.08
-0.07
-0.047
-0.045
-0.02
-0.008
-0.085
-0.056
-0.022
-0.11
-0.032
-0.115
-0.092
-0.048
-0.041
-0.045
-0.08
-0.03
-0.049
-0.102
-0.042
-0.028
0.0
-0.114
-0.026
-0.052
-0.013
-0.023
-0.122
0.009
-0.023
-0.072
-0.028
-0.064
-0.07
-0.106
-0.063
-0.131
-0.051
-0.064
0.0
0.039
-0.075
-0.082
-0.016
-0.01
0.014
-0.059
-0.025
-0.098
0.032
0.012
-0.058
-0.016
-0.001
-0.034
-0.004
0.011
-0.045
-0.082
-0.048
0.01
-0.042
-0.012
-0.027
-0.03
-0.054
-0.061
-0.03
-0.061
-0.013
0.074
-0.05
-0.1
-0.063
-0.093
-0.072
-0.063
-0.016
-0.051
-0.103
-0.09
-0.038
-0.051
-0.15
-0.06
-0.04
-0.108
-0.012
-0.089
-0.029
-0.028
-0.027
-0.03
-0.136
0.003
-0.084
-0.064
-0.021
-0.002
-0.038
-0.042
-0.044
0.0
-0.09
0.068
-0.075
-0.079
-0.062
-0.058
-0.003
-0.054
-0.116
0.012
-0.075
-0.045
-0.092
-0.069
-0.064
-0.03
0.031
-0.022
-0.06
0.014
-0.108
0.014
-0.077
-0.016
-0.045
0.009
-0.047
-0.048
-0.014
-0.049
-0.014
-0.053
-0.053
-0.057
-0.05
-0.019
-0.039
-0.085
-0.03
-0.054
-0.019
0.018
-0.053
-0.077
-0.038
-0.025
-0.08
-0.106
-0.044
-0.062
-0.043
0.017
-0.064
-0.078
-0.002
0.007
-0.059
-0.095
-0.014
0.07
-0.05
-0.024
-0.081
-0.02
-0.01
-0.033
0.002
-0.066
-0.001
-0.005
-0.059
-0.085
-0.114
-0.096
-0.049
-0.043
-0.014
-0.079
0.013
-0.095
-0.066
-0.167
-0.068
-0.023
-0.039
-0.037
0.039
0.063
-0.003
-0.067
0.0
0.006
-0.13
-0.071
-0.057
-0.063
0.007
-0.049
-0.134
-0.079
-0.06
-0.035
-0.017
-0.028
-0.052
0.059
-0.039
-0.07
-0.031
-0.055
-0.112
-0.05
-0.036
-0.058
-0.016
-0.041
-0.081
-0.072
0.028
-0.016
-0.018
0.007
-0.085
-0.05
0.002
-0.016
-0.107
-0.085
-0.03
-0.006
-0.038
-0.017
-0.055
0.017
-0.054
-0.081
-0.073
-0.055
-0.063
-0.088
-0.02
-0.031
-0.067
-0.006
0.038
-0.017
-0.03
-0.009
0.012
-0.021
-0.062
0.006
-0.049
0.022
-0.084
-0.026
-0.071
-0.062
-0.038
-0.051
-0.066
-0.031
-0.101
-0.042
-0.07
-0.057
-0.023
0.038
-0.066
-0.111
-0.044
-0.058
-0.031
-0.007
-0.012
-0.054
-0.033
-0.029
-0.073
-0.011
-0.084
0.07
-0.054
-0.055
-0.044
-0.063
-0.054
-0.116
-0.003
-0.048
-0.036
-0.074
0.017
0.014
-0.06
-0.071
-0.01
-0.045
-0.102
-0.015
-0.076
-0.086
-0.059
-0.036
0.034
-0.001
-0.031
-0.055
-0.017
-0.009
-0.007
-0.011
-0.104
-0.07
-0.08
-0.004
-0.039
-0.146
-0.042
0.025
-0.055
-0.041
-0.067
-0.073
-0.069
-0.05
-0.073
-0.138
-0.075
-0.009
-0.045
-0.027
-0.068
-0.012
-0.05
-0.016
-0.07
-0.083
-0.066
-0.1
-0.024
-0.074
-0.088
0.007
0.017
-0.077
0.074
-0.062
-0.104
-0.069
0.033
-0.091
-0.056
0.029
0.005
-0.071
-0.027
-0.028
-0.027
-0.055
-0.074
0.038
0.018
-0.07
-0.064
-0.061
-0.03
-0.051
-0.105
-0.075
-0.059
0.01
-0.016
-0.03
-0.094
-0.156
-0.028
-0.054
-0.034
-0.032
-0.051
-0.015
-0.035
-0.083
0.026
0.06
-0.057
0.004
-0.006
-0.073
0.033
-0.003
-0.068
-0.052
-0.09
-0.083
-0.044
-0.074
-0.011
0.015
-0.076
-0.082
0.025
-0.014
-0.051
-0.076
-0.023
-0.09
-0.143
0.066
-0.004
-0.036
-0.001
-0.009
-0.016
-0.016
-0.044
-0.055
-0.106
0.044
-0.103
-0.034
-0.055
-0.096
-0.04
-0.047
-0.052
-0.017
-0.038
-0.049
0.015
-0.019
-0.131
0.032
-0.093
-0.009
-0.052
-0.037
-0.085
-0.049
-0.031
-0.044
-0.082
-0.131
-0.033
-0.044
-0.062
-0.026
0.044
-0.078
-0.04
-0.064
-0.128
-0.015
-0.022
-0.042
-0.033
-0.077
-0.04
-0.078
-0.074
-0.017
0.012
0.005
-0.082
-0.068
-0.067
-0.019
-0.052
-0.083
-0.056
0.016
-0.038
-0.078
-0.01
-0.078
0.012
-0.092
-0.057
-0.037
-0.085
0.002
-0.048
-0.021
-0.032
-0.047
0.021
-0.045
-0.044
-0.047
0.044
-0.074
-0.032
-0.038
0.032
-0.051
0.017
0.021
-0.025
-0.026
-0.033
-0.073
-0.018
-0.012
-0.058
-0.063
-0.049
-0.082
-0.022
-0.004
-0.032
-0.093
-0.013
0.025
-0.025
-0.017
0.016
0.015
-0.073
-0.108
-0.053
-0.042
-0.032
-0.082
-0.026
-0.048
0.015
-0.057
-0.062
-0.034
-0.015
0.002
-0.046
-0.056
-0.007
-0.046
-0.074
-0.041
-0.036
-0.026
0.0
-0.047
-0.06
-0.03
-0.051
-0.04
-0.025
-0.118
-0.098
-0.03
-0.023
-0.05
-0.053
-0.042
-0.097
-0.047
-0.028
-0.066
-0.082
-0.036
-0.041
0.034
-0.058
-0.04
0.01
-0.074
-0.059
0.009
-0.013
-0.084
0.015
-0.05
-0.058
-0.072
0.075
-0.139
-0.002
-0.077
-0.052
-0.112
-0.044
-0.149
-0.175
-0.041
-0.028
-0.01
-0.075
0.038
-0.109
-0.017
-0.084
0.007
-0.057
0.015
-0.034
-0.073
0.004
0.015
-0.046
-0.05
-0.102
0.033
-0.008
-0.017
-0.045
-0.035
-0.077
-0.124
0.06
-0.08
-0.054
-0.024
-0.065
-0.071
-0.041
0.026
-0.016
-0.063
-0.035
-0.093
-0.093
-0.003
-0.047
-0.084
-0.125
-0.083
-0.089
-0.034
-0.059
-0.01
-0.102
-0.089
-0.015
-0.082
-0.012
-0.025
-0.047
-0.133
0.007
-0.081
-0.081
-0.077
-0.084
0.008
-0.074
-0.069
-0.04
-0.085
-0.052
-0.047
-0.08
-0.027
-0.03
-0.059
0.008
-0.041
-0.082
-0.076
0.011
-0.049
-0.015
-0.061
-0.121
0.006
-0.003
-0.055
-0.031
0.101
-0.104
-0.047
-0.108
-0.006
-0.058
-0.054
-0.025
-0.036
-0.045
-0.014
-0.035
-0.038
0.025
-0.067
-0.06
0.026
-0.024
-0.027
0.012
-0.063
-0.083
-0.118
-0.071
-0.048
0.039
-0.124
-0.087
-0.049
0.034
-0.064
-0.133
-0.051
-0.021
-0.014
-0.059
-0.069
-0.002
-0.018
-0.008
-0.094
-0.015
0.017
-0.086
-0.076
0.021
-0.033
-0.018
-0.002
-0.105
-0.022
-0.032
-0.074
-0.076
-0.044
-0.004
-0.091
0.053
-0.098
-0.031
-0.035
-0.062
-0.051
-0.106
0.021
-0.024
-0.014
-0.058
0.001
0.003
-0.029
0.001
0.002
-0.069
-0.089
-0.067
-0.043
-0.086
0.003
-0.098
-0.027
-0.03
-0.022
-0.045
-0.073
-0.068
-0.053
-0.032
-0.126
-0.012
-0.053
-0.08
-0.006
-0.079
-0.107
-0.013
-0.05
-0.02
-0.055
-0.093
-0.068
-0.093
-0.093
-0.021
-0.07
-0.077
-0.091
-0.111
-0.063
-0.029
-0.068
-0.039
-0.063
-0.055
-0.097
0.002
0.003
-0.034
-0.036
0.008
-0.125
0.033
-0.054
-0.031
-0.006
0.0
-0.047
0.003
-0.104
-0.105
-0.074
0.018
-0.079
-0.029
-0.057
0.04
-0.03
-0.107
-0.113
-0.05
-0.076
-0.058
-0.07
0.014
0.014
-0.099
-0.048
-0.061
-0.05
-0.068
-0.07
-0.035
-0.034
-0.034
-0.085
-0.028
-0.006
-0.113
0.013
-0.057
-0.024
-0.015
-0.046
-0.014
-0.066
-0.055
-0.073
-0.014
0.018
-0.023
-0.022
-0.039
-0.028
-0.024
-0.108
-0.066
-0.035
-0.035
-0.072
-0.056
-0.063
-0.003
-0.033
0.002
-0.087
-0.016
-0.07
-0.036
-0.027
-0.086
-0.068
-0.034
-0.031
-0.013
-0.058
-0.014
0.002
-0.047
-0.105
-0.036
-0.088
-0.049
-0.132
-0.04
0.029
-0.004
-0.072
0.006
0.062
0.025
-0.076
-0.074
-0.015
-0.002
-0.1
-0.076
0.024
0.01
-0.023
-0.07
-0.084
-0.027
-0.091
-0.065
0.014
0.001
0.002
-0.059
-0.011
0.006
-0.092
0.037
-0.091
-0.034
-0.051
-0.084
0.021
-0.088
-0.005
0.006
-0.005
-0.039
-0.075
-0.034
-0.059
-0.022
-0.004
-0.026
-0.066
-0.007
-0.091
-0.015
-0.018
-0.107
-0.08
-0.092
-0.071
-0.021
-0.004
0.04
-0.027
-0.091
-0.127
-0.087
-0.091
-0.056
-0.073
-0.032
-0.108
-0.039
-0.044
-0.044
-0.069
-0.072
-0.085
0.118
-0.094
-0.041
0.021
-0.008
-0.006
-0.045
-0.002
0.008
-0.039
-0.158
0.015
-0.094
-0.036
0.01
-0.014
-0.084
-0.111
0.086
-0.021
-0.064
0.006
-0.015
-0.062
0.055
-0.057
0.0
-0.136
-0.079
-0.103
-0.058
0.023
-0.128
-0.148
-0.112
0.001
-0.025
0.03
-0.021
0.007
-0.02
0.012
-0.07
-0.084
-0.042
-0.043
-0.077
-0.004
0.006
-0.016
-0.016
0.017
-0.08
-0.072
-0.057
-0.006
-0.025
-0.063
0.008
0.071
-0.01
-0.057
0.02
-0.035
-0.041
-0.07
-0.031
-0.057
0.008
-0.028
-0.097
-0.024
-0.059
0.043
-0.086
-0.117
-0.074
-0.022
0.03
0.016
-0.078
-0.094
-0.039
-0.153
-0.067
0.015
-0.096
0.029
-0.015
-0.004
-0.04
-0.089
-0.045
-0.065
-0.068
-0.002
-0.063
-0.077
-0.025
-0.074
-0.047
-0.071
-0.02
-0.07
0.001
-0.039
0.01
0.034
-0.056
-0.019
-0.039
-0.036
-0.057
-0.025
-0.042
-0.05
-0.109
-0.03
-0.096
-0.02
-0.048
0.017
-0.07
-0.063
-0.055
-0.01
-0.007
0.011
-0.052
-0.02
-0.074
-0.041
-0.056
-0.058
-0.096
-0.005
-0.036
-0.025
-0.036
-0.101
-0.049
-0.06
-0.02
-0.08
-0.045
0.005
0.019
-0.093
-0.046
-0.077
-0.067
0.011
-0.059
-0.072
-0.03
-0.112
-0.045
-0.055
0.002
-0.041
-0.049
-0.007
0.031
-0.098
-0.006
0.019
0.015
-0.076
-0.054
-0.015
-0.039
-0.098
0.016
-0.044
-0.044
0.017
-0.04
-0.028
-0.041
-0.027
-0.142
-0.11
-0.095
-0.023
-0.057
-0.024
-0.083
-0.03
-0.017
0.003
-0.013
0.02
-0.071
-0.046
-0.053
0.002
-0.106
0.008
0.019
0.01
0.02
0.035
-0.054
0.026
-0.038
-0.001
-0.084
-0.107
-0.037
-0.092
-0.073
-0.093
-0.128
0.028
-0.02
-0.154
-0.078
-0.038
-0.021
-0.001
-0.028
-0.152
-0.076
-0.061
-0.011
-0.007
-0.064
-0.03
-0.008
-0.034
-0.091
-0.073
-0.022
-0.018
0.033
-0.01
-0.045
-0.122
-0.027
-0.037
-0.004
-0.022
-0.033
-0.044
-0.041
-0.067
-0.028
-0.017
-0.076
0.012
-0.055
-0.006
-0.061
-0.023
-0.045
-0.037
-0.051
-0.007
-0.022
-0.045
0.002
0.023
-0.08
-0.061
-0.095
-0.048
-0.041
-0.124
-0.043
-0.008
-0.002
-0.069
0.033
0.027
0.002
-0.031
-0.06
0.018
0.033
-0.032
-0.007
-0.04
-0.041
-0.063
-0.047
-0.074
-0.03
-0.138
-0.089
-0.025
-0.005
0.064
-0.059
-0.046
-0.056
-0.06
0.024
0.008
-0.026
-0.057
0.006
0.003
0.007
-0.02
-0.06
0.026
-0.002
-0.006
-0.058
-0.04
-0.046
-0.007
-0.034
-0.072
-0.066
0.022
-0.03
-0.01
0.002
-0.05
-0.061
-0.118
-0.084
-0.068
-0.049
-0.026
-0.006
-0.052
-0.02
-0.05
-0.04
-0.031
-0.024
0.013
0.043
-0.091
-0.066
-0.056
-0.078
-0.045
0.047
0.023
-0.007
-0.011
0.0
-0.031
-0.071
-0.072
-0.031
-0.038
-0.058
0.001
-0.037
-0.019
-0.055
-0.095
-0.141
-0.087
-0.069
-0.03
-0.032
-0.065
-0.142
-0.039
-0.082
-0.07
-0.056
-0.035
-0.004
0.015
-0.089
-0.094
-0.038
-0.053
-0.061
-0.122
-0.004
-0.073
-0.109
-0.065
0.012
-0.008
-0.057
0.044
-0.135
-0.066
-0.073
0.007
-0.04
-0.022
-0.033
-0.025
-0.039
-0.092
-0.016
-0.033
-0.027
-0.05
-0.013
0.006
-0.15
-0.061
-0.034
-0.058
-0.025
0.045
0.006
-0.053
0.003
0.018
-0.063
0.006
-0.013
-0.088
-0.001
-0.017
-0.036
0.019
-0.041
-0.053
-0.089
-0.07
-0.041
-0.103
-0.016
-0.059
-0.064
-0.141
-0.052
-0.044
-0.036
-0.08
0.036
-0.056
-0.08
-0.062
-0.053
-0.081
-0.061
-0.022
-0.108
-0.043
-0.039
-0.05
-0.105
-0.041
-0.039
-0.1
-0.082
-0.074
0.107
-0.076
-0.042
-0.08
-0.082
-0.029
0.0
-0.103
-0.061
-0.075
-0.05
-0.049
-0.078
0.011
-0.102
-0.135
-0.026
-0.052
-0.028
-0.047
0.036
-0.026
0.001
0.016
-0.049
-0.062
0.011
0.021
-0.051
-0.027
-0.073
-0.093
-0.038
-0.004
-0.028
-0.035
-0.062
-0.067
-0.08
-0.117
-0.039
-0.09
-0.035
-0.024
-0.046
-0.1
-0.061
0.013
-0.069
-0.029
0.012
-0.069
0.013
-0.034
-0.028
-0.08
-0.013
-0.101
-0.001
-0.087
0.023
-0.087
-0.064
-0.06
-0.104
-0.04
-0.06
-0.01
-0.026
-0.041
-0.049
-0.094
-0.077
-0.036
0.011
-0.052
-0.024
-0.125
-0.007
-0.026
0.032
0.025
-0.005
0.0
-0.082
-0.021
-0.043
-0.084
0.001
-0.058
-0.089
-0.062
-0.04
0.002
-0.011
-0.07
-0.063
-0.026
-0.098
-0.026
-0.022
-0.052
-0.001
-0.003
-0.102
-0.078
0.0
-0.047
-0.068
-0.037
-0.055
-0.038
0.018
-0.032
0.033
-0.071
-0.058
-0.03
-0.024
-0.082
-0.022
-0.111
-0.014
-0.075
-0.079
-0.059
-0.006
-0.075
-0.073
-0.056
-0.038
0.034
-0.026
-0.064
-0.029
-0.034
-0.008
-0.019
-0.082
-0.033
-0.13
-0.057
-0.066
0.009
0.02
-0.08
0.004
-0.047
0.031
-0.047
-0.054
0.0
-0.047
-0.05
-0.087
-0.016
-0.049
-0.041
-0.025
-0.072
-0.036
-0.01
-0.05
-0.068
-0.11
-0.043
-0.125
-0.033
0.025
-0.089
-0.051
-0.002
-0.084
-0.082
-0.022
-0.095
-0.112
-0.007
-0.047
-0.04
0.0
-0.095
-0.071
-0.033
0.022
0.039
-0.074
-0.072
-0.085
-0.059
-0.058
-0.007
-0.052
-0.046
-0.009
0.02
-0.041
-0.005
-0.004
-0.109
-0.062
-0.119
0.017
0.032
-0.059
-0.081
-0.079
-0.035
-0.021
-0.085
-0.021
-0.037
-0.075
-0.014
-0.078
-0.059
-0.045
-0.102
-0.055
-0.072
0.02
0.004
-0.059
-0.112
0.001
0.018
-0.064
-0.065
-0.068
-0.112
-0.087
-0.063
-0.025
-0.02
-0.044
-0.025
-0.102
-0.043
-0.112
-0.057
-0.01
0.018
0.013
-0.065
0.002
-0.09
-0.047
-0.037
-0.102
-0.144
-0.016
-0.021
-0.005
-0.004
-0.038
-0.045
-0.101
0.059
-0.01
-0.048
-0.099
-0.094
-0.03
-0.035
-0.017
-0.02
-0.049
0.055
-0.037
-0.086
0.023
-0.077
-0.065
0.005
0.01
-0.114
-0.11
-0.011
-0.112
-0.05
-0.058
0.021
0.019
0.018
-0.108
-0.029
0.01
-0.028
-0.009
0.011
-0.114
-0.047
-0.165
-0.072
-0.063
-0.029
-0.099
-0.103
-0.054
-0.049
-0.005
-0.077
-0.133
-0.088
-0.041
-0.11
-0.049
-0.016
0.032
-0.03
-0.084
-0.099
-0.002
-0.041
-0.12
-0.083
-0.032
0.079
0.023
-0.07
0.058
-0.042
0.027
-0.114
-0.059
-0.059
-0.018
-0.074
-0.055
-0.084
-0.062
-0.056
-0.048
-0.089
-0.009
-0.105
-0.047
-0.015
-0.075
-0.063
-0.043
-0.062
-0.037
-0.02
-0.033
-0.009
-0.033
-0.001
-0.035
-0.059
-0.028
-0.017
-0.093
-0.106
-0.057
-0.095
-0.114
-0.047
-0.129
-0.079
-0.037
-0.044
-0.06
-0.048
-0.068
-0.086
-0.046
-0.043
-0.086
-0.022
-0.043
-0.134
-0.076
-0.104
-0.071
-0.039
-0.077
-0.068
-0.026
-0.016
-0.113
-0.101
-0.058
-0.05
-0.053
-0.064
0.018
-0.078
-0.046
-0.043
-0.085
0.005
-0.036
-0.07
0.024
-0.006
-0.124
0.0
-0.089
-0.103
0.016
-0.014
-0.077
-0.073
0.032
-0.084
-0.067
-0.009
0.025
-0.05
-0.058
-0.107
-0.093
-0.032
-0.008
-0.101
-0.063
-0.055
-0.045
-0.036
0.022
0.066
-0.085
-0.055
0.002
-0.057
-0.056
0.044
-0.085
-0.074
0.039
-0.023
-0.06
-0.051
0.016
0.047
-0.005
-0.003
-0.02
-0.019
-0.058
0.016
-0.113
-0.012
0.005
-0.046
-0.018
-0.015
0.003
-0.034
0.001
0.007
-0.11
-0.045
-0.076
-0.051
0.035
-0.091
-0.068
-0.029
-0.053
-0.05
-0.039
-0.061
-0.028
-0.032
0.057
-0.034
-0.133
-0.103
-0.015
-0.039
-0.018
-0.089
-0.127
-0.072
-0.06
-0.023
-0.053
-0.059
-0.032
-0.077
-0.068
-0.156
-0.077
-0.07
-0.002
-0.165
-0.041
-0.004
-0.07
-0.052
-0.071
-0.104
-0.053
-0.042
-0.071
0.057
-0.083
-0.166
0.021
-0.1
-0.075
-0.063
-0.089
0.003
-0.132
-0.04
0.02
0.02
-0.01
-0.097
-0.061
-0.074
-0.033
-0.085
0.034
-0.045
-0.114
-0.083
-0.114
-0.109
-0.092
-0.086
-0.073
-0.033
-0.081
-0.019
-0.095
-0.061
-0.052
-0.027
-0.025
-0.052
-0.084
-0.053
-0.063
0.026
-0.05
-0.045
0.018
-0.039
-0.116
-0.058
-0.035
-0.022
-0.04
-0.094
0.045
-0.055
-0.055
-0.117
-0.129
-0.071
-0.078
-0.069
-0.048
-0.035
-0.084
-0.103
-0.041
-0.097
-0.03
-0.116
-0.002
-0.039
-0.04
-0.134
-0.091
-0.057
0.018
0.047
-0.052
-0.023
-0.139
-0.098
0.042
-0.036
-0.058
0.0
-0.095
-0.005
-0.047
-0.056
-0.061
-0.083
0.022
0.024
-0.061
0.023
-0.052
0.022
-0.066
-0.078
-0.092
-0.033
-0.145
-0.062
-0.024
-0.038
-0.011
-0.041
-0.043
-0.08
-0.053
-0.106
0.052
-0.053
-0.091
-0.057
-0.003
-0.025
-0.139
-0.096
-0.02
-0.095
0.035
-0.035
-0.022
-0.151
-0.016
-0.025
-0.112
-0.044
-0.04
0.022
-0.095
-0.048
-0.08
-0.089
-0.031
-0.055
-0.016
0.017
-0.049
-0.013
-0.05
-0.06
-0.078
-0.038
-0.083
0.011
0.077
0.022
-0.077
-0.088
-0.054
-0.011
-0.11
-0.064
-0.019
-0.077
0.012
0.001
-0.059
-0.051
-0.034
-0.073
-0.136
-0.069
-0.015
-0.062
-0.085
-0.053
-0.041
-0.087
0.011
-0.045
-0.128
-0.041
-0.015
0.009
-0.053
0.0
-0.106
-0.024
0.0
-0.022
-0.037
0.067
-0.023
-0.032
-0.028
0.008
-0.037
-0.067
-0.058
-0.054
-0.028
-0.049
-0.104
-0.083
-0.069
-0.06
0.007
-0.026
-0.102
-0.032
-0.023
-0.027
-0.035
-0.071
-0.025
-0.065
-0.088
-0.012
-0.013
-0.101
-0.029
-0.018
-0.116
-0.047
-0.044
-0.07
-0.08
-0.13
-0.05
-0.077
-0.109
-0.119
-0.055
0.015
-0.109
-0.038
-0.058
-0.082
-0.028
-0.13
0.062
-0.018
-0.058
0.021
-0.057
-0.02
-0.123
-0.016
-0.038
-0.027
-0.079
0.015
-0.103
-0.028
0.019
-0.047
-0.019
-0.069
0.013
-0.039
-0.028
-0.109
-0.007
-0.097
-0.063
-0.024
-0.005
-0.081
-0.087
-0.051
-0.017
-0.159
-0.022
-0.083
-0.044
-0.026
-0.068
-0.041
-0.05
-0.082
-0.098
-0.036
-0.054
-0.046
-0.004
-0.033
-0.111
-0.038
-0.02
-0.035
0.023
-0.045
-0.081
-0.11
-0.058
-0.001
-0.063
-0.023
-0.061
-0.034
0.02
-0.041
0.02
-0.02
-0.083
-0.035
-0.026
-0.074
-0.109
-0.069
-0.029
-0.052
-0.064
-0.097
-0.031
-0.052
-0.086
-0.037
-0.044
-0.055
0.04
-0.001
-0.076
-0.046
-0.066
-0.039
-0.083
-0.044
-0.056
-0.15
-0.052
0.037
-0.052
-0.009
-0.076
-0.013
-0.089
-0.072
-0.081
-0.063
-0.008
-0.061
-0.066
0.002
-0.032
-0.027
-0.069
-0.117
0.01
-0.065
0.001
-0.046
-0.004
-0.033
-0.05
-0.164
0.05
0.066
-0.107
-0.074
-0.078
-0.031
-0.035
-0.08
-0.009
-0.022
-0.042
-0.016
-0.031
-0.022
-0.025
-0.059
-0.008
-0.101
-0.012
0.057
-0.025
-0.145
-0.017
0.04
-0.031
-0.109
-0.031
-0.014
-0.119
-0.081
-0.093
-0.071
-0.087
-0.052
0.003
-0.077
0.027
-0.044
-0.041
-0.033
-0.014
-0.1
-0.061
0.012
-0.077
-0.094
-0.078
-0.011
0.012
-0.08
-0.078
-0.065
-0.065
-0.061
-0.073
-0.013
-0.118
-0.128
0.015
-0.068
-0.005
-0.06
-0.032
-0.033
-0.047
-0.075
-0.063
-0.021
0.046
0.028
-0.027
-0.027
-0.094
-0.004
-0.07
-0.017
-0.078
-0.034
0.014
-0.003
-0.06
-0.055
-0.04
-0.119
-0.041
-0.068
-0.056
-0.015
0.059
-0.039
-0.075
-0.043
0.037
-0.058
-0.122
-0.056
-0.017
-0.03
0.023
-0.008
0.019
-0.017
-0.105
-0.044
-0.028
-0.073
0.0
0.004
-0.031
-0.058
-0.009
-0.141
0.006
0.001
-0.086
-0.022
-0.076
-0.047
-0.083
-0.077
-0.09
0.031
-0.027
-0.067
-0.007
-0.094
-0.034
-0.01
-0.029
-0.024
-0.039
-0.058
0.019
-0.036
-0.063
-0.107
-0.141
-0.042
-0.084
-0.085
-0.051
-0.04
-0.014
-0.022
-0.021
0.034
-0.101
-0.011
-0.033
-0.088
-0.054
-0.052
-0.045
-0.012
-0.048
-0.037
0.005
-0.057
-0.047
0.042
-0.033
-0.067
0.002
-0.054
-0.087
-0.025
-0.041
-0.013
0.028
-0.003
-0.033
-0.014
0.008
-0.064
-0.04
-0.056
-0.04
-0.009
-0.006
-0.06
0.034
-0.04
0.019
-0.084
0.035
0.018
-0.037
-0.028
-0.104
-0.06
-0.074
-0.057
-0.108
0.06
0.009
-0.141
-0.067
-0.006
-0.042
-0.126
-0.024
-0.089
-0.009
-0.01
-0.061
-0.051
0.028
-0.077
-0.048
-0.033
-0.009
-0.105
-0.074
-0.023
-0.058
-0.094
-0.018
-0.112
-0.028
-0.011
-0.042
-0.028
-0.082
-0.04
-0.076
-0.076
0.002
-0.001
-0.006
-0.085
0.005
-0.102
-0.095
-0.116
-0.093
-0.016
0.009
0.025
-0.064
-0.002
-0.05
-0.008
-0.08
0.059
-0.1
-0.035
-0.078
-0.019
-0.043
0.021
-0.122
-0.038
-0.029
-0.022
-0.068
0.01
-0.014
-0.025
-0.035
-0.007
-0.117
-0.041
-0.023
-0.075
-0.011
-0.059
0.008
-0.024
-0.042
-0.102
-0.064
-0.065
-0.071
-0.053
-0.06
-0.073
-0.062
-0.022
-0.03
0.047
-0.083
-0.023
0.003
-0.123
-0.024
-0.027
0.054
-0.029
-0.021
-0.12
-0.045
-0.093
-0.028
-0.019
-0.004
-0.057
-0.059
-0.06
-0.074
-0.009
-0.075
-0.057
-0.048
-0.053
0.004
-0.025
0.009
0.047
-0.046
-0.053
-0.057
-0.044
-0.002
0.024
-0.052
-0.024
0.007
-0.062
-0.097
-0.096
-0.047
0.002
-0.034
-0.108
-0.126
-0.017
-0.063
-0.003
-0.078
-0.044
-0.061
-0.073
-0.041
-0.045
-0.079
-0.056
-0.024
-0.057
-0.075
-0.088
-0.018
-0.014
-0.02
-0.064
-0.02
-0.031
-0.051
-0.007
0.008
-0.102
-0.066
-0.038
-0.036
-0.027
-0.036
-0.033
-0.079
-0.036
-0.027
-0.128
-0.037
-0.037
-0.111
0.059
-0.041
-0.03
-0.049
-0.025
-0.036
-0.032
-0.028
0.01
-0.048
0.034
-0.088
0.042
-0.03
-0.06
-0.035
-0.098
-0.006
-0.096
-0.058
-0.048
-0.01
0.085
-0.069
-0.004
-0.1
-0.067
0.008
0.01
0.014
-0.044
-0.071
-0.045
-0.041
-0.09
-0.049
-0.065
-0.094
-0.003
-0.095
-0.01
-0.073
-0.089
-0.095
-0.08
-0.073
-0.056
-0.043
0.016
-0.029
-0.072
-0.009
-0.073
-0.03
-0.113
0.037
-0.134
-0.059
-0.106
-0.034
0.001
-0.172
-0.025
-0.066
-0.06
-0.024
-0.099
-0.054
0.002
-0.016
0.046
-0.009
-0.053
-0.014
-0.123
-0.002
-0.056
-0.083
-0.008
-0.115
-0.054
-0.065
-0.054
-0.094
-0.057
-0.026
-0.018
-0.068
-0.012
-0.028
-0.125
-0.024
0.019
0.008
0.008
-0.127
-0.079
-0.084
-0.103
-0.002
0.009
-0.023
0.033
0.016
-0.038
-0.027
-0.063
-0.038
-0.106
-0.032
0.005
0.007
-0.061
0.001
-0.059
0.01
-0.051
-0.009
-0.066
0.005
-0.021
-0.075
-0.01
-0.043
-0.025
0.041
-0.074
-0.051
-0.052
-0.067
-0.036
0.072
-0.064
-0.071
-0.045
-0.112
0.059
-0.09
-0.046
-0.113
-0.11
-0.052
-0.035
-0.058
-0.021
-0.008
-0.092
-0.012
-0.019
-0.056
-0.108
-0.043
-0.111
-0.047
0.012
-0.076
-0.114
-0.006
-0.058
-0.045
0.019
-0.005
-0.047
-0.111
0.031
-0.037
-0.093
-0.011
-0.017
-0.054
-0.023
-0.074
-0.021
-0.066
-0.031
-0.002
0.032
-0.071
-0.046
-0.012
-0.04
-0.078
-0.095
-0.088
-0.015
0.001
-0.155
-0.027
-0.052
-0.086
-0.004
-0.027
-0.039
0.016
-0.051
-0.081
-0.035
0.014
-0.048
-0.005
-0.033
0.013
0.015
-0.059
-0.103
-0.035
-0.003
0.021
-0.069
-0.025
-0.057
-0.042
-0.03
-0.063
-0.059
0.013
-0.104
-0.114
-0.033
-0.064
-0.089
-0.023
-0.088
0.02
-0.065
-0.007
-0.071
-0.057
-0.027
0.006
-0.069
0.003
-0.084
-0.049
-0.059
-0.033
-0.051
-0.072
0.021
-0.03
-0.016
-0.045
0.012
-0.017
-0.031
-0.084
0.014
0.046
-0.076
-0.102
-0.008
-0.082
0.031
-0.091
-0.062
-0.106
-0.099
-0.03
-0.042
-0.018
-0.061
-0.051
-0.018
-0.04
-0.051
-0.045
-0.096
-0.055
-0.033
0.027
0.018
-0.059
-0.099
0.016
0.012
-0.119
-0.005
-0.056
-0.022
-0.076
-0.01
-0.009
0.03
-0.042
-0.033
-0.037
-0.02
-0.066
-0.073
-0.09
-0.081
-0.124
-0.106
0.006
-0.107
0.036
-0.017
-0.033
-0.032
-0.068
-0.049
-0.034
-0.028
-0.014
-0.069
-0.011
-0.075
0.047
-0.033
-0.098
-0.081
-0.136
-0.001
-0.034
-0.168
-0.032
-0.093
-0.011
-0.01
-0.027
-0.038
-0.06
-0.034
0.002
-0.066
0.022
-0.044
-0.108
-0.05
-0.043
0.018
-0.034
0.002
-0.096
-0.044
-0.11
-0.023
-0.055
-0.005
-0.064
-0.066
-0.068
-0.037
-0.016
-0.023
-0.019
-0.078
-0.093
-0.042
-0.053
-0.033
0.042
-0.008
-0.021
-0.005
-0.025
-0.103
-0.085
-0.038
-0.021
-0.069
-0.083
-0.155
-0.019
0.068
-0.059
-0.12
-0.102
-0.135
-0.017
-0.016
-0.055
-0.124
-0.047
-0.066
0.004
-0.032
-0.053
0.01
-0.049
-0.104
-0.053
-0.035
0.015
-0.021
-0.094
-0.12
-0.071
-0.037
-0.003
-0.013
-0.022
-0.113
-0.023
-0.018
-0.048
-0.032
0.001
-0.094
0.039
0.002
0.017
-0.011
-0.054
0.017
-0.062
-0.035
-0.024
-0.082
-0.032
-0.067
0.015
0.007
-0.011
0.013
-0.039
-0.011
-0.105
-0.017
-0.106
-0.051
-0.02
-0.068
-0.068
-0.096
-0.062
-0.069
-0.069
-0.09
-0.028
-0.074
-0.055
-0.065
-0.096
-0.046
0.009
-0.093
-0.08
-0.106
-0.006
-0.062
-0.024
0.012
-0.049
-0.045
-0.049
-0.101
-0.051
-0.048
-0.111
-0.017
-0.062
-0.059
-0.01
-0.015
-0.073
-0.03
-0.118
-0.076
0.032
0.029
-0.03
-0.059
-0.074
-0.076
-0.045
-0.093
-0.077
-0.033
0.081
-0.094
-0.08
-0.11
0.04
-0.061
-0.07
0.001
-0.006
-0.065
-0.087
-0.036
0.072
-0.014
-0.051
-0.028
0.013
0.024
-0.007
-0.062
-0.111
-0.099
-0.042
-0.069
-0.008
-0.108
-0.142
0.017
-0.104
-0.021
-0.062
0.003
0.005
-0.024
-0.037
-0.028
-0.01
0.019
-0.024
-0.023
-0.023
-0.042
0.019
-0.03
-0.099
-0.045
-0.141
-0.14
-0.019
-0.061
-0.015
-0.098
-0.088
-0.06
-0.039
-0.127
0.005
-0.057
-0.014
-0.074
-0.051
-0.114
-0.046
-0.101
-0.017
-0.1
-0.12
-0.099
-0.087
-0.126
0.003
-0.102
-0.037
-0.014
-0.113
0.016
0.002
-0.049
-0.109
-0.052
-0.038
-0.029
-0.019
-0.028
-0.084
-0.059
0.01
-0.075
-0.019
-0.035
-0.069
0.038
-0.043
0.04
-0.034
0.006
-0.084
-0.014
-0.017
0.05
0.017
0.013
-0.043
-0.042
-0.082
-0.016
-0.094
0.027
-0.099
0.008
-0.031
-0.094
-0.018
-0.035
-0.063
-0.047
-0.063
-0.091
-0.032
-0.032
-0.046
-0.148
-0.011
-0.14
-0.021
-0.004
0.007
-0.038
-0.044
-0.026
-0.031
-0.03
-0.152
-0.107
-0.064
0.058
-0.039
0.008
-0.037
0.046
-0.071
-0.083
-0.061
-0.092
-0.056
0.001
-0.036
0.016
-0.101
-0.041
-0.034
-0.028
-0.057
-0.059
-0.031
-0.127
-0.12
-0.105
-0.133
-0.047
-0.023
-0.042
0.002
-0.05
-0.074
-0.059
-0.057
-0.069
0.022
0.002
-0.042
-0.034
-0.063
0.013
0.005
-0.01
-0.02
0.019
-0.02
-0.024
-0.006
0.009
-0.009
0.0
0.024
-0.055
-0.021
-0.046
-0.053
-0.081
-0.022
-0.026
-0.028
-0.061
0.005
-0.091
-0.042
-0.082
-0.029
-0.056
0.041
-0.065
-0.112
-0.009
0.018
-0.123
-0.055
0.017
-0.076
-0.078
-0.061
-0.086
0.06
-0.077
-0.035
-0.066
-0.009
-0.008
-0.059
-0.018
-0.026
0.037
-0.047
-0.091
-0.083
-0.022
0.015
-0.055
-0.086
-0.009
-0.062
-0.057
0.035
-0.062
-0.05
-0.056
-0.098
-0.012
-0.057
-0.02
-0.021
-0.101
0.052
-0.08
-0.096
-0.119
-0.024
-0.049
-0.071
-0.029
-0.122
-0.062
-0.021
-0.013
-0.012
-0.063
-0.106
-0.05
-0.069
-0.079
0.024
0.019
-0.088
-0.05
-0.053
0.017
-0.023
-0.07
-0.036
-0.048
-0.052
-0.076
0.0
-0.053
-0.05
0.002
-0.051
-0.011
-0.089
-0.065
-0.032
-0.15
-0.023
-0.015
-0.134
0.033
0.024
-0.041
-0.027
0.004
-0.007
-0.037
-0.068
-0.059
-0.094
-0.063
-0.029
-0.127
-0.023
-0.024
0.027
-0.016
-0.045
-0.011
-0.045
0.014
-0.069
-0.063
0.015
0.029
-0.056
0.032
0.047
-0.042
-0.083
-0.108
-0.004
-0.082
-0.132
-0.033
-0.067
-0.061
-0.032
-0.065
-0.086
-0.027
-0.108
0.006
-0.079
0.03
0.018
0.001
-0.012
-0.112
-0.058
-0.108
-0.017
-0.009
0.007
-0.131
-0.045
0.026
-0.116
-0.058
0.039
-0.041
-0.067
-0.087
-0.054
0.0
-0.025
-0.065
-0.006
-0.145
-0.084
-0.088
-0.068
0.031
-0.088
-0.073
-0.079
0.056
-0.065
-0.021
-0.059
-0.056
-0.091
-0.105
-0.033
0.052
-0.046
-0.093
-0.104
-0.104
-0.035
-0.006
-0.037
-0.055
0.0
-0.062
-0.111
0.005
-0.038
-0.044
-0.075
-0.018
-0.076
0.043
-0.057
-0.02
-0.046
-0.089
-0.038
-0.078
-0.094
-0.076
-0.106
-0.044
-0.045
-0.05
-0.096
-0.054
-0.076
-0.081
-0.05
-0.006
-0.013
-0.028
-0.038
-0.024
-0.052
-0.061
-0.035
0.057
-0.102
-0.046
-0.028
0.033
-0.008
-0.007
-0.044
-0.116
-0.094
-0.003
-0.057
-0.084
-0.041
0.016
-0.013
-0.078
-0.005
-0.116
-0.023
-0.118
-0.041
0.007
-0.078
-0.052
0.059
-0.058
-0.07
-0.053
0.013
0.031
0.018
-0.069
-0.004
-0.06
-0.025
-0.052
-0.047
-0.053
-0.062
-0.144
-0.057
-0.022
-0.067
-0.04
-0.094
-0.039
-0.106
-0.048
-0.095
-0.068
-0.058
-0.036
-0.077
-0.045
-0.048
-0.05
-0.037
-0.042
-0.065
-0.049
-0.066
0.04
-0.044
-0.032
-0.04
-0.006
-0.047
-0.023
0.025
-0.078
-0.07
-0.126
0.016
0.014
-0.083
-0.065
0.02
-0.047
-0.036
-0.069
-0.023
-0.116
0.019
-0.044
-0.075
-0.03
-0.032
-0.016
-0.056
-0.068
-0.081
0.001
-0.028
-0.064
-0.088
-0.043
-0.062
0.029
-0.056
-0.08
-0.044
-0.093
-0.02
-0.04
-0.08
-0.038
-0.032
-0.081
-0.096
-0.032
-0.083
-0.014
-0.037
-0.101
-0.004
-0.099
0.007
0.0
-0.067
-0.053
-0.031
-0.059
-0.038
-0.073
-0.097
-0.049
-0.057
-0.032
-0.053
-0.066
0.028
-0.107
-0.012
-0.034
0.011
-0.01
-0.095
-0.052
-0.063
0.013
-0.112
-0.052
-0.072
-0.013
-0.072
0.004
-0.076
-0.044
0.025
-0.006
-0.074
-0.075
-0.101
-0.089
-0.066
0.031
-0.046
-0.078
-0.069
-0.024
-0.043
-0.018
-0.017
-0.002
-0.035
-0.059
-0.048
-0.082
-0.085
0.003
-0.098
-0.024
-0.018
-0.061
-0.075
-0.116
-0.05
-0.081
-0.034
-0.019
-0.135
-0.034
-0.03
-0.04
-0.126
-0.05
-0.051
-0.057
-0.068
-0.109
-0.064
-0.025
-0.075
-0.082
0.043
-0.045
0.011
-0.026
-0.031
-0.038
-0.055
0.018
-0.065
-0.036
-0.026
0.005
0.011
0.035
-0.073
0.006
-0.034
-0.038
-0.056
0.03
0.0
-0.027
-0.003
-0.012
-0.027
-0.098
-0.007
-0.023
-0.059
-0.078
-0.085
-0.08
-0.117
-0.04
-0.058
-0.078
-0.023
-0.011
-0.139
-0.122
-0.108
-0.008
-0.063
-0.001
-0.008
-0.069
-0.059
-0.032
0.018
-0.055
-0.037
0.017
-0.066
0.021
0.038
-0.048
-0.117
-0.006
-0.027
-0.029
0.016
-0.009
-0.065
-0.046
0.03
0.016
-0.065
-0.046
-0.059
-0.072
0.045
-0.127
0.035
-0.051
-0.086
-0.08
-0.06
-0.096
0.006
-0.003
-0.025
-0.062
-0.001
-0.082
-0.081
0.014
-0.05
-0.003
0.045
-0.055
0.005
-0.07
-0.067
-0.062
-0.017
-0.026
-0.163
-0.106
-0.049
-0.032
-0.04
-0.051
-0.059
-0.018
-0.072
-0.009
-0.071
0.002
-0.063
-0.011
-0.109
-0.004
-0.032
-0.014
-0.014
-0.019
-0.054
-0.051
0.032
-0.058
-0.05
-0.072
0.01
-0.115
-0.127
-0.063
-0.057
-0.084
-0.066
-0.014
-0.021
-0.103
-0.051
-0.072
-0.012
-0.03
-0.077
-0.099
-0.109
-0.03
-0.104
-0.113
-0.079
-0.016
-0.141
-0.055
0.059
-0.014
-0.073
-0.036
-0.02
-0.032
-0.067
-0.049
-0.098
-0.022
-0.015
0.004
-0.025
-0.081
-0.011
-0.096
-0.075
-0.069
-0.061
-0.039
-0.025
0.025
-0.013
-0.029
-0.005
-0.1
0.008
-0.037
-0.006
-0.047
-0.01
-0.029
-0.011
-0.017
-0.116
-0.099
0.027
-0.064
-0.061
-0.019
-0.108
-0.061
-0.025
-0.045
-0.018
-0.048
-0.11
-0.038
-0.094
-0.055
-0.072
-0.006
0.005
-0.041
-0.026
-0.042
0.026
-0.112
-0.043
-0.007
-0.053
-0.014
-0.081
-0.043
0.01
-0.028
0.017
-0.019
-0.047
-0.066
0.007
0.024
-0.151
-0.088
-0.024
-0.134
-0.088
0.031
-0.095
-0.051
-0.049
-0.09
-0.074
-0.052
0.015
-0.071
-0.054
-0.028
-0.026
0.044
-0.107
0.033
0.035
-0.047
-0.068
-0.074
-0.033
-0.083
-0.019
-0.052
-0.048
-0.007
-0.059
-0.036
-0.01
-0.043
-0.026
-0.111
-0.07
-0.014
0.03
-0.061
-0.008
-0.089
-0.009
-0.007
-0.058
-0.018
-0.017
-0.006
-0.004
-0.018
-0.091
-0.079
-0.048
-0.082
-0.054
-0.011
-0.024
-0.035
0.001
-0.05
0.007
-0.093
-0.063
-0.011
-0.022
-0.008
-0.064
-0.013
-0.118
0.024
-0.035
-0.061
-0.062
-0.025
-0.049
-0.104
-0.056
-0.031
0.006
-0.037
-0.019
-0.084
-0.115
-0.013
-0.016
-0.058
-0.027
-0.045
-0.081
-0.071
-0.014
-0.025
-0.039
-0.117
-0.022
0.018
-0.074
-0.066
-0.055
-0.123
-0.012
-0.045
-0.038
-0.046
-0.02
-0.05
0.022
-0.024
-0.028
-0.017
-0.087
0.01
-0.098
-0.069
-0.039
-0.012
-0.069
-0.045
-0.059
-0.058
-0.034
-0.031
-0.051
-0.024
-0.1
-0.033
-0.059
-0.087
0.006
-0.004
-0.052
-0.087
-0.068
-0.057
-0.073
-0.096
-0.006
-0.017
-0.076
-0.015
-0.047
-0.019
-0.093
0.051
-0.022
-0.109
-0.097
-0.002
-0.089
0.003
-0.062
-0.061
-0.092
-0.079
-0.085
-0.054
0.008
0.019
-0.028
0.021
-0.091
-0.034
0.006
-0.022
-0.032
-0.043
-0.043
-0.022
-0.131
-0.072
-0.028
-0.039
-0.069
-0.061
-0.063
-0.04
-0.016
-0.025
-0.004
-0.033
-0.088
-0.009
-0.111
-0.049
-0.05
-0.044
-0.049
-0.039
-0.052
0.011
-0.016
-0.092
-0.003
-0.097
-0.034
-0.085
0.045
-0.025
-0.059
-0.038
0.04
-0.069
-0.006
0.032
-0.066
-0.009
-0.055
0.004
-0.034
-0.104
-0.04
0.025
-0.03
0.009
-0.082
-0.06
-0.061
-0.047
-0.019
-0.026
0.023
-0.02
-0.024
0.023
-0.004
-0.019
0.003
-0.048
0.013
-0.009
-0.067
-0.019
-0.055
-0.019
-0.051
-0.04
-0.025
-0.096
-0.021
-0.037
-0.042
-0.024
-0.073
-0.015
-0.001
-0.114
-0.066
0.05
0.017
-0.079
-0.055
-0.038
-0.031
-0.071
-0.075
-0.082
-0.049
-0.064
0.003
-0.017
-0.096
0.014
-0.151
0.005
0.049
-0.037
-0.02
-0.067
-0.054
-0.078
-0.058
-0.027
-0.095
-0.101
-0.114
-0.116
-0.078
-0.065
-0.117
0.032
0.024
-0.047
-0.042
-0.041
-0.007
-0.049
-0.039
-0.066
-0.014
-0.018
0.026
-0.079
-0.011
-0.066
-0.022
-0.01
-0.078
-0.087
-0.048
-0.058
-0.077
0.004
-0.068
-0.058
-0.043
-0.073
0.007
-0.061
0.009
-0.078
-0.027
-0.1
-0.099
-0.01
-0.068
-0.062
-0.062
0.011
-0.084
-0.086
-0.049
-0.01
-0.009
-0.101
-0.082
-0.071
-0.112
-0.009
-0.096
-0.056
-0.069
-0.06
-0.08
-0.04
-0.073
0.022
0.003
-0.022
-0.072
-0.019
-0.022
0.034
-0.001
0.025
-0.042
-0.117
-0.104
-0.081
-0.037
-0.097
-0.073
0.056
-0.073
-0.086
-0.07
-0.053
-0.049
-0.024
0.04
-0.085
-0.05
0.041
-0.055
-0.07
-0.102
-0.005
-0.05
-0.089
-0.078
0.034
-0.018
-0.073
0.009
-0.046
-0.031
-0.01
-0.041
-0.005
-0.062
-0.061
-0.068
-0.113
-0.117
-0.06
-0.103
-0.038
0.082
-0.009
0.026
-0.065
-0.107
-0.112
-0.009
0.048
-0.062
-0.035
0.014
-0.126
-0.02
-0.035
-0.06
0.054
-0.106
-0.093
-0.087
-0.118
-0.016
-0.088
-0.07
-0.08
0.02
-0.041
-0.044
-0.114
-0.012
-0.084
-0.077
-0.058
-0.081
-0.03
-0.056
-0.008
-0.031
-0.04
0.022
0.007
0.015
-0.111
-0.012
-0.023
-0.041
-0.03
-0.032
-0.067
-0.088
-0.055
-0.052
-0.028
-0.078
-0.049
-0.067
-0.038
-0.055
-0.039
-0.084
-0.038
-0.081
-0.082
-0.077
0.0
-0.134
-0.094
-0.031
-0.015
-0.007
0.007
-0.058
-0.083
-0.022
-0.032
-0.104
-0.058
-0.138
-0.046
-0.07
-0.1
0.013
-0.117
-0.074
-0.1
-0.066
-0.041
-0.018
-0.103
0.011
-0.075
-0.006
0.04
-0.063
0.002
-0.016
-0.026
-0.04
-0.121
-0.045
-0.09
-0.009
0.054
-0.097
-0.014
-0.024
-0.03
-0.131
-0.04
-0.038
-0.023
-0.114
-0.001
-0.11
-0.062
-0.064
0.069
-0.01
0.016
-0.048
-0.069
-0.024
-0.031
0.013
-0.053
-0.041
-0.078
-0.14
0.059
-0.108
-0.039
-0.036
-0.031
-0.091
-0.095
-0.04
-0.001
-0.007
-0.038
-0.067
-0.021
0.007
0.019
-0.08
0.019
-0.042
-0.047
-0.024
0.023
0.029
-0.024
0.039
-0.032
-0.043
-0.119
-0.068
-0.053
-0.074
0.016
-0.037
-0.037
-0.031
0.033
-0.036
-0.016
-0.017
-0.051
-0.027
-0.006
0.007
-0.079
-0.008
-0.014
-0.07
-0.045
-0.087
-0.017
-0.089
-0.037
-0.012
-0.022
-0.03
-0.069
-0.022
-0.067
-0.044
-0.109
-0.052
-0.01
-0.023
-0.031
-0.056
-0.083
-0.018
-0.042
-0.076
0.049
-0.07
-0.076
-0.05
-0.064
-0.036
-0.134
-0.053
-0.064
-0.064
-0.067
-0.083
-0.004
0.033
-0.031
-0.139
-0.042
-0.089
-0.066
-0.027
-0.075
0.017
-0.095
-0.079
-0.078
-0.082
-0.085
0.012
-0.048
-0.086
0.013
-0.051
0.023
-0.041
-0.058
-0.051
-0.039
-0.123
-0.001
-0.042
0.037
-0.018
0.008
-0.053
-0.047
-0.09
-0.017
0.02
-0.104
0.006
-0.005
0.0
-0.046
0.062
-0.029
-0.077
-0.036
0.02
-0.003
-0.061
-0.048
-0.018
-0.091
-0.036
0.037
-0.041
-0.014
-0.064
-0.06
-0.102
-0.053
-0.106
-0.054
-0.041
0.021
-0.052
-0.038
-0.066
-0.016
0.039
-0.068
-0.077
-0.051
-0.074
-0.002
-0.073
-0.063
-0.082
-0.027
-0.056
-0.05
-0.049
-0.173
-0.107
-0.011
0.023
-0.004
-0.018
-0.083
-0.082
-0.035
0.0
-0.02
-0.106
-0.03
-0.064
-0.045
-0.085
-0.039
-0.054
-0.009
-0.041
-0.04
0.012
-0.117
0.006
-0.043
-0.025
-0.002
-0.098
-0.106
-0.045
-0.029
-0.078
-0.109
-0.084
-0.1
-0.016
-0.109
-0.003
-0.012
-0.026
-0.052
-0.031
0.013
0.002
-0.009
-0.069
-0.002
-0.088
-0.015
-0.069
-0.032
-0.096
-0.044
-0.015
-0.021
0.036
-0.063
-0.039
-0.089
-0.049
-0.103
0.028
-0.042
-0.008
-0.036
0.062
0.028
-0.091
-0.06
-0.034
0.005
-0.086
-0.089
-0.037
-0.006
0.009
-0.031
-0.009
-0.063
-0.064
-0.078
0.018
0.02
-0.02
0.006
-0.095
-0.059
-0.059
0.009
-0.031
-0.057
-0.176
-0.051
-0.016
-0.132
-0.06
-0.123
-0.09
0.015
-0.026
0.016
-0.085
0.052
-0.099
-0.069
-0.069
-0.038
-0.086
0.003
-0.092
0.005
-0.076
0.048
-0.081
-0.055
0.016
-0.041
-0.034
-0.047
-0.094
-0.077
-0.063
0.038
-0.017
-0.056
-0.109
-0.071
-0.086
-0.041
-0.043
-0.042
-0.015
0.001
-0.102
-0.065
-0.081
-0.098
-0.046
0.032
-0.031
0.091
-0.029
-0.056
-0.102
-0.089
-0.024
-0.057
-0.025
-0.066
-0.028
-0.007
-0.01
-0.026
-0.072
-0.016
-0.009
-0.078
-0.01
-0.022
-0.072
-0.084
-0.012
-0.035
-0.031
0.004
-0.087
0.004
-0.056
-0.073
-0.089
0.003
-0.091
-0.085
-0.019
-0.073
-0.064
-0.026
-0.037
-0.008
-0.126
-0.032
-0.023
-0.017
-0.016
-0.051
-0.011
-0.051
-0.011
-0.035
-0.035
-0.047
-0.069
-0.112
-0.109
0.021
-0.035
-0.097
0.031
-0.056
-0.053
-0.058
-0.024
-0.044
-0.01
-0.04
-0.059
-0.032
-0.034
-0.052
-0.001
-0.013
0.012
-0.047
-0.066
-0.104
0.02
-0.048
-0.066
-0.065
-0.068
-0.035
-0.095
-0.017
-0.032
-0.06
-0.013
-0.007
-0.039
-0.039
0.042
-0.079
-0.041
-0.048
-0.087
-0.047
-0.087
0.001
-0.014
-0.019
-0.006
-0.08
0.062
-0.021
-0.063
0.001
-0.043
-0.062
-0.045
-0.113
-0.054
-0.041
-0.01
-0.097
-0.009
0.025
0.063
0.007
0.048
-0.036
-0.018
-0.062
-0.035
0.003
-0.057
-0.057
-0.051
-0.076
-0.006
-0.039
-0.036
-0.05
-0.013
-0.137
-0.078
0.015
-0.077
-0.015
-0.058
-0.024
-0.144
-0.057
-0.033
-0.103
-0.06
-0.129
0.016
0.027
-0.08
-0.07
-0.029
-0.015
-0.009
-0.035
0.04
-0.062
-0.083
-0.048
-0.016
0.019
-0.013
-0.097
-0.064
-0.016
-0.055
-0.073
0.007
-0.112
-0.028
-0.083
-0.051
-0.08
-0.063
-0.103
-0.048
-0.117
-0.034
-0.095
-0.07
0.0
-0.017
-0.045
-0.007
-0.043
-0.11
-0.029
-0.072
-0.042
0.002
-0.069
-0.017
-0.07
0.002
-0.122
-0.063
-0.013
-0.021
0.027
-0.032
-0.037
-0.051
-0.021
-0.099
-0.07
-0.057
-0.04
-0.064
-0.12
-0.063
0.038
-0.056
-0.07
-0.085
-0.012
-0.084
0.037
-0.062
0.024
-0.009
-0.032
-0.047
-0.106
0.011
-0.008
-0.032
-0.062
-0.022
0.025
0.036
0.003
0.105
0.0
-0.028
-0.004
0.014
-0.091
-0.081
-0.152
0.004
-0.108
0.045
-0.055
-0.02
-0.052
0.027
-0.054
-0.09
-0.071
-0.023
-0.129
0.039
-0.036
-0.03
-0.111
-0.062
-0.093
0.015
0.028
-0.006
-0.055
-0.029
-0.006
-0.101
-0.016
-0.022
-0.051
-0.035
-0.114
-0.014
-0.029
-0.119
-0.072
0.011
-0.086
0.009
-0.063
-0.003
-0.021
-0.093
-0.1
-0.133
-0.057
-0.057
-0.061
-0.055
-0.066
-0.083
-0.025
-0.141
-0.114
-0.04
-0.023
-0.064
-0.061
-0.059
-0.004
-0.045
-0.073
0.039
-0.027
-0.011
0.008
-0.042
-0.016
-0.074
0.007
-0.058
0.006
-0.072
-0.046
-0.001
-0.054
-0.006
-0.068
-0.149
-0.029
-0.082
-0.059
-0.095
-0.035
-0.058
-0.013
-0.152
-0.046
-0.036
-0.073
-0.076
-0.026
-0.058
-0.064
-0.022
-0.07
-0.049
-0.093
-0.007
-0.071
-0.051
0.018
-0.049
-0.065
-0.008
-0.021
-0.03
-0.025
-0.069
-0.042
-0.023
0.007
0.0
-0.035
-0.049
-0.121
0.019
-0.021
0.016
-0.052
-0.027
-0.076
-0.019
-0.03
-0.057
-0.032
-0.044
0.027
-0.105
-0.028
-0.049
-0.002
-0.087
-0.089
0.036
-0.063
-0.015
-0.015
-0.076
0.008
-0.087
-0.048
-0.076
-0.018
0.031
-0.047
-0.132
0.056
-0.063
-0.095
-0.049
-0.053
0.012
0.021
0.032
0.035
-0.097
-0.015
-0.091
-0.04
-0.071
-0.113
0.037
-0.086
-0.064
-0.022
-0.103
-0.052
-0.046
-0.091
-0.045
-0.061
-0.018
-0.051
-0.096
-0.066
-0.041
0.02
0.017
-0.072
-0.06
-0.116
-0.078
-0.089
-0.047
0.015
-0.097
0.012
-0.003
-0.089
-0.094
-0.027
-0.034
-0.002
-0.072
-0.101
0.038
-0.053
-0.077
-0.064
0.01
-0.079
0.012
-0.053
-0.022
-0.012
-0.057
-0.069
-0.035
-0.045
-0.032
0.042
0.022
0.019
-0.042
-0.029
0.032
-0.023
-0.064
-0.048
-0.115
-0.1
-0.132
-0.133
-0.086
-0.035
-0.05
-0.114
-0.057
-0.047
-0.089
-0.041
-0.03
-0.003
-0.027
-0.042
-0.025
0.053
-0.056
0.015
-0.045
-0.092
-0.056
-0.103
-0.01
0.075
-0.088
-0.025
-0.003
-0.139
-0.054
-0.045
0.027
-0.048
-0.032
-0.022
-0.027
-0.039
-0.029
0.0
-0.087
-0.017
-0.027
-0.046
-0.005
-0.019
0.052
-0.041
-0.091
-0.005
-0.057
-0.077
-0.08
-0.091
-0.045
-0.031
-0.123
-0.026
-0.05
-0.047
0.002
0.098
-0.013
-0.044
-0.035
-0.042
-0.038
-0.105
-0.091
-0.027
0.009
-0.034
-0.154
-0.047
0.025
-0.104
-0.059
-0.022
-0.039
0.023
-0.039
-0.073
-0.048
-0.068
-0.102
0.036
-0.038
0.001
-0.065
-0.053
0.011
-0.061
-0.009
0.012
-0.044
-0.076
-0.086
-0.049
-0.037
-0.078
0.022
-0.051
-0.022
-0.063
-0.026
-0.12
-0.044
0.034
0.008
-0.025
-0.02
-0.072
0.005
0.004
-0.053
-0.134
-0.067
-0.032
-0.094
-0.058
-0.019
-0.127
-0.016
0.033
-0.025
0.013
-0.063
-0.034
0.046
-0.044
-0.005
-0.1
-0.043
-0.051
-0.064
-0.131
-0.04
0.01
0.018
-0.092
-0.067
-0.021
-0.112
0.041
0.002
-0.034
-0.05
-0.036
-0.059
-0.074
-0.061
-0.011
-0.034
-0.026
0.008
-0.082
-0.008
-0.019
-0.017
-0.084
-0.03
-0.041
-0.07
-0.063
-0.1
-0.008
-0.114
-0.07
-0.041
-0.128
0.003
-0.126
-0.069
-0.029
0.003
-0.069
-0.092
-0.039
-0.12
-0.139
0.017
-0.024
-0.039
-0.015
-0.079
-0.007
-0.032
-0.054
-0.057
-0.028
-0.071
-0.009
-0.051
-0.066
-0.074
0.046
-0.126
-0.03
-0.087
-0.097
-0.05
-0.042
-0.072
-0.064
-0.037
-0.106
0.026
-0.021
-0.064
0.012
0.024
-0.052
-0.048
-0.048
-0.006
-0.064
-0.056
-0.071
0.0
-0.051
0.03
0.011
-0.063
-0.069
-0.031
-0.075
-0.116
-0.151
-0.082
-0.041
-0.031
-0.093
0.029
-0.02
-0.068
0.041
-0.027
-0.061
-0.099
-0.03
-0.068
-0.007
-0.056
-0.02
-0.103
0.009
-0.072
-0.034
-0.109
-0.043
-0.033
-0.062
-0.05
-0.102
-0.036
-0.061
-0.021
0.022
-0.115
0.028
-0.057
-0.048
-0.049
0.037
-0.024
0.01
-0.087
-0.073
-0.051
-0.118
-0.047
-0.051
-0.092
0.005
-0.046
-0.056
0.038
-0.019
-0.075
-0.021
-0.035
-0.141
-0.146
-0.032
-0.072
-0.001
-0.055
-0.096
-0.091
-0.015
0.009
-0.037
-0.077
-0.09
-0.064
-0.045
-0.067
-0.068
0.033
-0.064
0.036
-0.063
-0.016
-0.046
0.021
0.01
-0.083
0.001
0.044
-0.048
-0.035
-0.053
-0.008
0.04
-0.082
0.035
-0.015
-0.086
-0.062
-0.032
-0.028
-0.108
-0.118
-0.035
-0.082
-0.035
-0.052
-0.116
-0.107
-0.081
-0.097
-0.035
-0.082
-0.059
-0.006
-0.125
-0.088
-0.013
-0.094
-0.052
-0.066
-0.077
-0.036
-0.015
-0.149
-0.087
-0.037
-0.082
-0.048
-0.087
-0.038
-0.066
-0.094
-0.071
-0.076
-0.012
0.035
-0.106
-0.045
-0.035
-0.068
-0.109
-0.063
-0.032
-0.134
-0.036
-0.095
-0.022
-0.03
-0.059
-0.065
0.001
-0.067
-0.038
-0.017
-0.06
-0.033
-0.011
-0.109
-0.053
-0.032
-0.051
-0.101
-0.022
-0.123
-0.116
-0.128
-0.143
-0.11
-0.076
-0.043
-0.086
-0.034
-0.068
-0.114
-0.041
-0.02
-0.057
0.022
-0.007
0.019
-0.033
-0.035
-0.041
-0.038
-0.081
-0.051
-0.081
-0.019
-0.04
-0.032
-0.078
-0.093
-0.074
-0.047
-0.057
0.019
0.0
-0.044
-0.079
-0.029
-0.006
0.011
0.016
0.003
-0.052
-0.067
-0.081
-0.065
-0.08
-0.025
-0.084
-0.101
-0.088
-0.105
-0.058
-0.095
0.005
-0.09
-0.05
-0.061
-0.063
-0.064
-0.04
-0.059
-0.074
-0.033
-0.067
-0.056
-0.047
-0.057
-0.03
-0.051
-0.071
0.01
-0.005
-0.09
-0.058
-0.11
-0.08
-0.12
-0.084
0.047
-0.062
-0.013
-0.046
-0.08
-0.092
-0.048
-0.028
-0.031
-0.024
-0.125
-0.056
-0.004
-0.095
-0.145
-0.058
-0.043
-0.091
-0.081
-0.025
0.017
-0.067
-0.097
-0.03
-0.15
-0.024
-0.068
-0.043
-0.05
-0.052
0.023
-0.047
-0.04
0.01
-0.029
-0.026
-0.038
-0.042
-0.052
-0.046
0.019
-0.026
0.017
0.007
-0.021
-0.04
-0.02
0.0
-0.06
-0.036
-0.082
-0.075
-0.054
-0.025
-0.016
-0.048
-0.087
0.005
-0.091
-0.048
-0.05
-0.075
-0.107
-0.017
-0.111
-0.083
-0.085
-0.087
-0.013
-0.118
-0.068
-0.088
-0.116
-0.014
-0.032
0.032
-0.018
-0.028
-0.034
-0.005
-0.014
-0.028
-0.011
-0.069
-0.022
-0.006
0.024
-0.028
-0.035
-0.036
0.004
0.004
-0.01
-0.053
-0.044
-0.093
0.007
-0.066
-0.106
-0.05
-0.062
-0.047
-0.106
-0.055
-0.025
0.022
0.01
-0.118
-0.044
0.018
-0.052
-0.089
-0.018
-0.01
-0.122
-0.107
0.002
-0.123
-0.013
-0.005
-0.021
-0.102
-0.015
-0.056
-0.045
-0.056
-0.017
-0.001
-0.065
-0.076
-0.079
0.015
-0.128
0.037
-0.105
-0.036
-0.033
-0.034
-0.072
-0.055
0.018
0.031
-0.04
-0.022
-0.065
-0.119
-0.083
0.048
-0.082
-0.055
-0.053
-0.011
-0.028
-0.076
-0.134
0.019
-0.041
0.061
-0.058
-0.051
-0.018
-0.04
-0.043
-0.11
-0.105
-0.131
-0.051
-0.051
-0.072
-0.071
0.009
-0.092
-0.008
-0.029
-0.13
-0.048
0.018
-0.064
-0.011
-0.025
-0.056
-0.058
-0.006
-0.055
-0.019
-0.039
0.011
-0.134
-0.086
-0.053
-0.036
-0.106
-0.042
-0.07
-0.075
-0.06
-0.078
0.037
0.004
-0.069
-0.024
-0.04
0.015
-0.085
-0.021
-0.081
-0.012
-0.067
-0.063
-0.072
-0.135
-0.027
-0.094
-0.009
-0.037
-0.096
0.009
0.023
-0.006
0.013
-0.065
-0.008
-0.03
-0.053
-0.016
-0.058
-0.031
-0.038
-0.05
-0.116
-0.058
-0.01
-0.079
-0.082
0.006
-0.107
-0.045
0.004
-0.069
-0.024
0.07
-0.036
-0.016
-0.097
-0.064
-0.06
-0.082
-0.033
-0.09
-0.098
0.01
-0.036
-0.016
-0.061
-0.003
-0.036
-0.056
-0.055
-0.046
-0.031
-0.104
-0.047
0.064
-0.071
0.047
-0.113
-0.009
-0.055
-0.008
-0.024
-0.103
-0.054
0.011
-0.102
-0.067
-0.102
-0.033
-0.073
-0.037
-0.067
-0.077
0.062
-0.055
-0.023
-0.018
-0.088
0.017
-0.071
-0.048
-0.055
-0.101
-0.011
-0.05
0.063
-0.041
-0.024
-0.054
-0.035
-0.053
0.01
-0.069
-0.062
0.012
0.009
0.035
0.02
-0.096
0.029
-0.02
-0.128
-0.059
0.034
-0.098
0.061
-0.046
-0.032
-0.032
-0.064
-0.035
0.035
-0.03
0.053
-0.061
0.021
-0.025
-0.007
-0.077
-0.019
-0.068
-0.114
-0.115
-0.074
-0.107
-0.039
-0.095
-0.143
-0.086
-0.054
-0.13
-0.06
-0.049
-0.118
-0.059
-0.082
-0.041
0.0
0.009
-0.136
-0.038
-0.075
-0.07
-0.052
-0.09
-0.124
-0.073
-0.042
-0.082
-0.044
-0.038
-0.033
0.011
-0.101
-0.02
-0.026
-0.08
0.013
-0.009
-0.03
0.04
-0.008
-0.075
-0.018
-0.08
-0.003
-0.122
-0.044
-0.062
-0.049
-0.1
-0.09
-0.058
-0.008
-0.086
0.004
-0.081
-0.111
-0.039
-0.049
-0.067
-0.041
-0.033
-0.017
-0.121
0.005
-0.01
-0.114
-0.045
-0.153
-0.08
-0.136
-0.077
-0.011
-0.018
0.027
-0.1
0.014
-0.133
-0.011
-0.083
-0.138
-0.013
-0.09
-0.037
-0.007
-0.037
-0.03
-0.079
-0.116
-0.052
-0.033
-0.07
0.008
-0.129
-0.076
-0.067
-0.025
-0.057
-0.065
0.057
0.037
-0.032
-0.019
-0.044
-0.062
-0.052
-0.114
-0.027
0.01
-0.052
-0.057
0.01
-0.038
0.013
-0.013
-0.013
-0.042
-0.036
0.009
0.017
-0.117
0.007
0.058
0.022
-0.065
-0.02
-0.115
0.004
-0.076
-0.027
0.026
-0.055
-0.015
-0.046
0.009
-0.016
-0.041
-0.019
-0.058
-0.092
0.025
-0.012
-0.07
-0.073
-0.051
-0.098
0.046
0.004
-0.005
-0.107
-0.016
-0.099
-0.092
-0.172
-0.015
-0.036
-0.048
-0.013
-0.08
-0.033
-0.031
-0.126
-0.052
0.037
-0.022
-0.07
-0.127
0.007
-0.094
-0.065
-0.011
-0.138
-0.056
-0.081
-0.009
-0.031
0.018
-0.049
-0.117
-0.003
-0.151
-0.047
-0.079
0.01
-0.05
-0.058
-0.073
0.004
0.015
-0.027
-0.067
-0.066
-0.023
-0.069
-0.02
0.031
-0.009
-0.091
-0.039
-0.086
-0.02
0.052
-0.142
-0.002
-0.088
-0.035
-0.007
0.009
-0.071
-0.047
-0.088
-0.017
-0.1
-0.008
-0.072
-0.092
-0.039
-0.087
-0.076
-0.006
-0.071
-0.058
-0.043
-0.088
0.011
-0.015
0.013
-0.129
-0.069
-0.06
0.035
-0.097
-0.088
-0.121
0.001
-0.082
-0.066
-0.091
-0.006
-0.02
-0.01
-0.047
-0.057
-0.029
-0.045
-0.055
0.008
0.007
-0.039
-0.043
-0.044
-0.024
-0.071
-0.104
-0.059
-0.132
-0.023
-0.046
-0.05
-0.038
-0.09
-0.102
0.002
-0.057
0.006
0.001
-0.045
-0.101
-0.074
-0.011
-0.104
-0.059
0.019
-0.025
-0.052
-0.057
-0.088
-0.105
-0.095
-0.057
-0.063
-0.117
-0.048
0.006
-0.015
0.005
-0.018
-0.059
-0.032
-0.07
-0.038
-0.072
0.022
-0.068
-0.021
0.026
-0.04
0.0
-0.083
-0.054
-0.086
-0.09
-0.027
-0.019
-0.054
-0.1
-0.047
-0.047
-0.044
-0.1
0.001
-0.076
-0.063
-0.129
-0.017
-0.003
-0.048
-0.054
-0.059
-0.107
-0.045
-0.01
-0.016
-0.023
-0.015
-0.018
-0.015
0.002
0.001
-0.054
-0.086
-0.139
-0.035
-0.086
-0.031
-0.116
-0.093
0.0
-0.104
-0.002
-0.044
-0.08
0.0
-0.091
-0.049
0.027
-0.037
-0.031
-0.068
-0.067
-0.105
-0.089
0.002
-0.064
-0.1
-0.057
-0.074
-0.029
-0.071
-0.058
-0.028
-0.026
0.021
-0.038
-0.037
0.017
-0.129
-0.021
-0.047
-0.002
-0.053
0.013
-0.092
0.011
-0.092
-0.044
-0.031
-0.07
-0.013
-0.035
-0.079
-0.028
0.025
-0.043
-0.103
-0.022
-0.011
-0.014
-0.009
0.021
0.001
-0.093
0.001
-0.044
0.007
-0.078
-0.028
-0.038
-0.035
0.046
-0.046
-0.033
0.055
-0.058
-0.082
-0.009
-0.092
0.061
-0.103
0.001
-0.029
-0.064
0.02
-0.054
-0.044
-0.103
-0.07
-0.09
-0.032
0.011
-0.136
-0.025
-0.042
-0.023
-0.011
0.031
0.007
-0.101
0.012
-0.065
-0.025
0.005
-0.028
0.007
-0.064
-0.063
-0.107
-0.081
-0.124
-0.053
-0.051
-0.062
-0.056
-0.083
-0.02
-0.056
-0.025
-0.086
-0.091
-0.005
-0.129
0.009
-0.025
0.012
-0.017
-0.081
-0.034
-0.032
-0.038
-0.008
-0.021
-0.069
-0.082
-0.091
-0.089
0.025
-0.029
-0.061
-0.051
-0.038
-0.008
-0.029
0.002
-0.08
0.014
-0.029
-0.07
0.012
-0.037
-0.017
-0.055
-0.037
-0.074
-0.045
-0.022
-0.057
-0.048
-0.049
-0.05
-0.083
-0.022
-0.002
-0.045
0.027
-0.066
-0.056
-0.132
-0.019
-0.071
-0.054
-0.034
0.045
-0.095
-0.017
-0.06
-0.027
0.004
0.002
-0.05
0.015
0.039
-0.056
-0.021
-0.11
0.014
-0.033
-0.063
-0.096
-0.047
0.029
-0.069
-0.12
-0.092
-0.008
-0.13
-0.029
-0.008
-0.012
-0.042
-0.015
-0.09
0.049
-0.107
-0.1
-0.055
-0.07
-0.054
-0.01
-0.098
-0.071
-0.074
0.001
-0.005
-0.011
-0.07
0.028
-0.1
-0.065
-0.089
-0.051
-0.029
-0.016
-0.045
-0.085
0.013
-0.045
-0.073
-0.051
-0.044
-0.025
-0.06
-0.07
-0.054
-0.071
-0.051
-0.073
-0.017
-0.086
-0.029
-0.008
-0.06
0.016
-0.01
-0.044
-0.101
-0.058
-0.043
-0.027
0.009
-0.1
-0.022
-0.081
-0.059
-0.032
-0.028
-0.036
-0.007
-0.09
-0.088
-0.13
-0.047
-0.007
-0.02
-0.019
-0.109
-0.049
-0.008
-0.053
-0.101
-0.027
-0.113
-0.104
-0.075
-0.006
-0.044
-0.048
-0.052
0.013
-0.168
-0.068
-0.037
-0.024
-0.037
-0.066
-0.129
-0.058
0.014
-0.024
0.003
-0.051
-0.051
-0.109
-0.101
-0.071
-0.092
-0.058
-0.03
-0.068
-0.09
-0.032
-0.075
-0.045
-0.023
-0.06
0.03
-0.06
-0.121
-0.182
-0.079
-0.008
-0.003
-0.085
-0.077
-0.024
-0.027
-0.004
-0.036
-0.054
-0.019
-0.043
-0.057
-0.021
-0.095
-0.009
0.006
-0.06
-0.025
-0.067
-0.047
-0.099
-0.091
0.062
-0.082
-0.084
-0.036
-0.039
-0.018
-0.007
-0.038
-0.078
0.002
0.013
-0.057
-0.022
-0.084
-0.057
-0.055
-0.013
-0.028
-0.062
-0.07
-0.094
-0.032
-0.127
-0.038
-0.028
-0.058
-0.08
-0.01
-0.099
-0.095
-0.012
-0.035
0.01
-0.025
-0.095
0.013
-0.106
-0.119
-0.111
-0.082
-0.043
-0.055
-0.01
0.038
-0.108
-0.116
-0.059
-0.062
-0.066
-0.103
0.033
-0.113
-0.11
0.029
-0.043
-0.046
-0.005
-0.034
-0.124
-0.085
0.064
0.0
-0.055
-0.103
-0.03
-0.007
0.036
-0.017
0.027
-0.093
-0.038
-0.002
-0.063
-0.02
-0.029
-0.014
-0.009
-0.034
0.02
-0.074
-0.035
-0.043
0.02
-0.049
-0.064
-0.078
-0.098
-0.139
0.054
-0.089
-0.024
-0.05
-0.034
-0.063
-0.091
0.019
-0.072
-0.062
-0.052
-0.128
-0.084
-0.022
-0.035
0.003
0.029
-0.047
-0.049
0.005
-0.079
-0.023
0.006
-0.056
-0.064
0.04
-0.124
-0.054
-0.063
-0.077
-0.061
0.025
-0.046
-0.05
-0.097
-0.014
-0.076
-0.123
0.019
-0.005
-0.023
-0.036
-0.054
-0.039
-0.058
-0.058
-0.129
-0.072
-0.043
0.022
-0.083
-0.043
-0.022
-0.054
-0.053
-0.01
-0.013
0.001
-0.036
-0.037
-0.042
-0.041
-0.024
-0.123
-0.074
-0.096
-0.017
0.007
-0.05
-0.037
-0.122
-0.061
-0.088
-0.023
-0.024
-0.097
0.002
-0.03
-0.04
-0.077
-0.061
-0.032
-0.042
-0.14
-0.066
0.002
0.063
-0.076
-0.072
0.0
-0.072
-0.04
-0.009
0.002
-0.053
-0.052
-0.011
-0.012
-0.001
-0.047
-0.036
-0.028
-0.03
-0.002
-0.001
-0.07
-0.046
0.006
-0.092
-0.098
-0.069
-0.033
-0.101
-0.07
-0.035
0.019
0.004
-0.038
-0.087
-0.047
-0.03
-0.076
0.001
-0.031
-0.06
0.018
-0.061
-0.018
-0.032
-0.069
-0.11
-0.078
-0.044
-0.03
-0.085
0.018
-0.024
-0.005
-0.057
-0.007
-0.054
-0.087
-0.049
0.015
-0.051
-0.016
-0.075
-0.091
-0.073
-0.049
-0.114
-0.123
-0.14
-0.036
-0.03
-0.021
-0.017
-0.043
0.018
-0.037
-0.027
-0.089
-0.052
-0.042
0.012
-0.037
0.014
-0.006
-0.032
-0.125
-0.07
-0.003
-0.115
-0.076
-0.077
0.002
-0.022
-0.001
-0.043
-0.073
-0.064
-0.037
-0.069
-0.049
-0.054
-0.109
-0.002
-0.026
-0.03
-0.029
0.016
-0.006
-0.017
-0.035
-0.091
-0.023
-0.077
-0.039
-0.032
-0.06
-0.054
-0.069
-0.01
-0.06
-0.024
-0.051
-0.061
0.002
-0.051
-0.032
0.033
-0.07
-0.005
-0.074
-0.016
-0.067
0.016
0.001
-0.055
-0.1
-0.004
-0.016
-0.078
-0.048
-0.051
-0.069
-0.09
-0.098
-0.001
-0.07
-0.035
-0.023
-0.053
-0.004
-0.064
-0.064
-0.046
-0.045
0.028
0.079
0.004
-0.091
-0.03
0.04
-0.013
-0.005
-0.04
-0.004
-0.009
-0.083
-0.019
-0.054
-0.069
-0.007
-0.072
0.017
-0.039
-0.012
-0.063
-0.002
-0.034
-0.065
-0.026
0.0
-0.051
0.01
0.006
-0.048
-0.063
-0.159
-0.045
-0.112
-0.039
-0.109
-0.081
-0.045
-0.09
-0.045
-0.12
0.063
-0.091
-0.048
-0.061
0.028
0.009
-0.033
-0.004
-0.085
0.032
-0.033
-0.072
-0.12
-0.011
-0.056
-0.092
-0.036
-0.042
-0.031
-0.123
0.023
-0.015
-0.027
-0.059
-0.105
-0.015
-0.1
0.051
-0.13
-0.015
-0.101
0.003
-0.063
-0.029
-0.066
0.049
-0.062
-0.053
-0.015
-0.095
-0.024
-0.005
-0.068
-0.007
-0.1
-0.023
-0.088
0.047
-0.094
-0.104
-0.058
-0.078
-0.095
-0.036
0.03
-0.027
-0.133
-0.017
-0.077
-0.065
-0.017
-0.055
-0.074
-0.093
-0.009
-0.086
-0.065
-0.021
0.028
0.002
-0.061
-0.099
-0.088
-0.052
-0.079
-0.009
0.014
-0.035
0.005
-0.039
-0.037
-0.115
-0.036
-0.055
-0.073
-0.026
-0.104
-0.046
-0.053
-0.052
-0.092
-0.057
-0.041
-0.024
-0.044
-0.048
0.037
-0.061
0.046
-0.006
-0.041
-0.029
-0.051
-0.022
-0.081
-0.053
-0.069
-0.054
-0.012
-0.009
-0.029
0.031
-0.05
-0.06
-0.087
-0.056
-0.068
-0.034
-0.045
-0.039
-0.095
-0.035
-0.085
-0.072
-0.043
-0.076
-0.088
-0.111
-0.047
-0.135
-0.054
-0.042
-0.029
-0.03
-0.043
0.045
-0.038
-0.013
-0.043
-0.089
-0.018
-0.005
-0.103
-0.105
-0.084
-0.031
-0.04
-0.077
0.007
-0.034
-0.02
-0.057
-0.02
0.012
-0.068
-0.078
-0.046
-0.038
0.005
-0.074
-0.026
-0.044
-0.013
-0.015
-0.157
-0.103
0.034
0.002
-0.042
-0.09
-0.048
-0.016
-0.025
-0.028
0.01
-0.028
-0.153
-0.039
-0.082
0.035
-0.065
-0.072
-0.074
-0.021
-0.005
0.011
-0.044
-0.053
0.051
-0.075
-0.039
-0.075
-0.005
-0.02
-0.013
-0.069
-0.054
-0.038
-0.056
0.0
-0.059
-0.008
-0.042
-0.036
-0.026
-0.06
-0.078
-0.041
-0.017
-0.044
-0.141
-0.031
-0.068
-0.066
-0.064
0.022
-0.053
-0.067
-0.072
-0.04
-0.058
-0.014
-0.01
-0.04
-0.004
-0.056
-0.012
0.013
-0.067
-0.073
-0.044
-0.098
-0.081
-0.041
-0.041
0.03
-0.087
0.009
-0.01
-0.081
0.002
0.019
-0.068
-0.067
-0.044
0.04
-0.011
-0.136
-0.093
-0.061
0.001
-0.019
-0.045
-0.084
-0.135
-0.077
-0.07
-0.067
-0.003
-0.039
-0.029
-0.022
-0.065
-0.02
-0.024
-0.007
-0.065
-0.049
-0.012
0.031
-0.078
-0.009
-0.047
-0.016
-0.068
-0.04
0.017
-0.071
-0.037
-0.047
0.037
-0.088
0.008
-0.008
-0.026
-0.137
-0.013
0.016
-0.027
-0.097
-0.062
-0.024
-0.039
-0.089
-0.065
-0.047
-0.008
-0.019
-0.02
0.003
-0.068
-0.017
-0.01
-0.099
-0.091
0.081
0.008
-0.079
-0.009
0.013
-0.042
-0.031
-0.033
0.001
-0.011
-0.072
0.01
-0.018
-0.109
-0.072
-0.038
-0.085
-0.042
0.001
-0.007
-0.017
-0.082
-0.016
-0.071
-0.028
-0.077
-0.051
-0.067
-0.101
-0.079
-0.066
-0.034
-0.04
0.024
-0.005
-0.024
-0.053
-0.051
-0.035
-0.093
-0.139
-0.043
0.04
-0.028
-0.045
-0.07
-0.039
-0.106
-0.037
-0.025
-0.061
-0.019
0.002
-0.05
-0.052
-0.047
-0.036
-0.012
-0.098
-0.007
-0.02
-0.028
-0.072
-0.044
-0.022
-0.07
-0.104
-0.053
-0.008
-0.038
-0.084
-0.071
-0.031
-0.089
-0.073
-0.015
-0.037
-0.052
0.031
-0.046
-0.068
0.004
-0.097
-0.008
-0.081
-0.093
-0.15
-0.021
0.004
-0.034
-0.071
-0.062
-0.143
0.009
-0.07
-0.086
-0.035
-0.036
-0.094
-0.033
-0.058
0.083
-0.032
-0.016
-0.02
0.015
-0.094
-0.034
-0.03
-0.036
0.01
-0.012
-0.144
-0.052
-0.066
-0.02
-0.007
-0.042
0.005
-0.02
-0.051
-0.101
-0.054
0.023
-0.059
-0.08
0.09
-0.129
-0.033
-0.044
-0.049
-0.042
-0.04
-0.017
-0.029
-0.026
-0.049
-0.076
-0.032
-0.06
0.043
-0.136
-0.061
0.024
-0.011
-0.004
-0.115
-0.143
-0.011
-0.016
-0.066
-0.023
0.024
-0.012
0.002
0.007
-0.09
-0.018
-0.025
-0.043
-0.073
-0.028
-0.083
-0.095
-0.058
-0.04
-0.065
-0.061
-0.075
-0.02
-0.062
-0.08
-0.078
-0.017
-0.041
-0.123
-0.096
-0.036
-0.087
-0.153
-0.011
-0.022
-0.009
-0.052
0.017
-0.086
-0.047
-0.018
0.009
-0.029
0.009
-0.104
-0.055
0.013
0.021
-0.054
-0.049
-0.049
-0.011
-0.045
-0.009
-0.03
-0.097
-0.051
-0.032
-0.08
-0.105
-0.07
-0.045
-0.045
-0.099
-0.061
-0.035
-0.01
-0.042
-0.043
-0.022
-0.053
-0.048
-0.062
-0.002
-0.055
-0.043
0.031
-0.029
-0.027
-0.014
-0.085
-0.068
-0.038
-0.066
-0.08
-0.1
-0.062
-0.022
-0.015
-0.041
-0.007
0.011
-0.105
-0.059
-0.102
-0.051
-0.027
-0.044
-0.093
0.028
-0.053
-0.065
-0.115
-0.041
-0.089
-0.083
-0.085
-0.109
-0.05
-0.127
-0.123
-0.012
-0.067
-0.03
-0.093
0.004
-0.154
-0.071
0.047
-0.048
-0.052
-0.047
0.0
-0.055
-0.073
0.028
-0.066
-0.126
-0.09
-0.022
-0.065
-0.023
-0.054
-0.113
-0.084
0.069
-0.075
0.018
-0.043
-0.089
0.051
-0.03
-0.007
-0.04
-0.046
0.013
0.003
-0.157
-0.061
0.018
-0.082
-0.054
-0.043
-0.048
-0.064
0.002
-0.112
-0.005
-0.037
-0.035
-0.082
-0.04
-0.03
0.016
-0.05
-0.086
-0.122
-0.006
-0.055
-0.113
-0.038
-0.045
-0.041
-0.071
0.014
0.006
-0.034
-0.05
-0.029
-0.096
0.016
-0.036
-0.087
-0.02
-0.076
-0.047
-0.058
-0.066
-0.002
-0.049
-0.074
-0.09
-0.021
0.0
-0.081
-0.039
-0.02
0.032
-0.073
-0.066
-0.114
-0.051
-0.072
-0.037
-0.049
-0.106
-0.02
0.013
0.006
0.007
0.0
-0.055
-0.104
-0.037
-0.066
-0.01
0.004
-0.05
0.009
-0.013
-0.04
-0.026
-0.01
-0.098
-0.031
-0.032
-0.004
-0.01
-0.006
0.01
-0.104
-0.126
-0.042
-0.118
-0.052
0.059
-0.007
-0.076
-0.019
-0.056
-0.059
0.012
-0.044
-0.083
0.004
-0.029
-0.073
-0.069
-0.069
-0.132
-0.062
-0.023
0.004
-0.045
-0.018
-0.056
-0.022
-0.012
-0.044
-0.034
-0.034
-0.093
0.004
-0.079
-0.086
0.02
-0.083
-0.063
-0.06
-0.05
-0.081
-0.059
-0.111
-0.026
-0.025
0.022
0.014
-0.073
-0.128
-0.052
-0.085
-0.11
-0.068
-0.071
-0.111
-0.063
-0.01
-0.022
0.011
-0.031
-0.002
-0.007
-0.051
-0.078
-0.063
0.034
-0.08
-0.006
-0.02
-0.018
-0.051
0.023
-0.05
-0.024
-0.025
-0.027
-0.065
-0.021
0.012
-0.061
-0.013
-0.12
-0.047
0.063
-0.065
-0.018
-0.08
-0.037
0.016
-0.039
-0.065
-0.024
-0.101
0.0
-0.031
-0.07
0.0
-0.108
-0.048
0.014
-0.148
0.02
-0.088
-0.017
-0.013
-0.028
-0.043
-0.085
-0.049
-0.005
0.04
0.033
0.012
-0.001
-0.107
-0.079
-0.09
-0.074
-0.07
-0.073
0.048
-0.094
-0.05
-0.068
-0.112
-0.008
-0.069
-0.063
-0.053
-0.011
0.047
-0.003
-0.094
-0.08
-0.009
0.011
0.04
-0.046
-0.109
-0.034
-0.055
-0.002
-0.038
-0.024
-0.148
-0.016
-0.031
-0.045
-0.076
-0.063
-0.025
-0.031
-0.055
-0.006
0.014
-0.051
-0.021
-0.041
0.005
-0.017
-0.083
-0.068
-0.058
-0.017
-0.03
0.009
-0.061
-0.04
-0.046
-0.034
-0.026
-0.003
-0.082
-0.051
-0.048
0.013
-0.031
-0.04
0.02
-0.019
-0.001
-0.134
-0.039
-0.044
-0.007
-0.002
-0.055
-0.059
-0.002
0.02
0.016
-0.068
0.032
-0.068
-0.078
-0.046
-0.038
0.004
0.005
-0.022
-0.02
-0.051
-0.005
-0.029
-0.004
-0.049
-0.064
-0.046
-0.047
-0.003
-0.083
-0.099
-0.067
0.013
-0.036
-0.003
0.011
-0.06
-0.02
-0.07
-0.025
0.033
-0.021
-0.027
-0.077
-0.023
-0.027
-0.036
-0.035
-0.001
-0.042
-0.037
-0.086
-0.09
0.047
-0.026
-0.092
-0.041
-0.057
-0.028
-0.013
-0.042
-0.01
-0.06
-0.106
0.016
0.024
-0.037
-0.077
0.054
-0.007
-0.037
-0.058
-0.036
0.014
-0.094
-0.048
-0.034
-0.038
-0.114
-0.093
-0.073
-0.07
-0.073
-0.019
-0.035
-0.075
-0.111
-0.031
-0.063
-0.143
-0.013
-0.113
-0.061
-0.027
0.034
-0.052
-0.028
-0.004
-0.051
-0.064
-0.026
-0.062
-0.019
-0.043
-0.018
-0.067
0.024
0.027
-0.07
-0.003
-0.032
-0.102
-0.029
-0.051
-0.098
-0.065
-0.001
-0.058
0.024
0.006
-0.153
-0.07
-0.019
-0.116
-0.045
-0.044
-0.013
0.002
-0.038
-0.119
-0.095
-0.065
-0.007
0.019
0.004
0.007
-0.063
-0.017
0.038
-0.052
-0.092
-0.063
-0.087
-0.067
0.005
-0.018
-0.002
-0.029
-0.081
-0.073
-0.052
-0.001
-0.062
0.02
-0.018
-0.081
-0.074
-0.075
-0.086
-0.052
-0.008
-0.073
-0.077
-0.094
0.019
-0.066
-0.043
-0.083
-0.045
-0.034
-0.038
-0.065
-0.026
-0.015
-0.036
-0.094
-0.044
-0.033
-0.061
0.013
-0.024
-0.11
-0.021
0.012
-0.076
0.022
0.031
0.018
-0.019
0.007
-0.079
-0.107
-0.023
-0.071
-0.031
-0.047
-0.008
-0.054
0.013
-0.069
-0.05
-0.016
-0.069
-0.101
-0.116
-0.053
-0.027
-0.067
-0.074
-0.04
-0.011
-0.001
-0.112
-0.071
-0.02
-0.019
-0.075
-0.107
-0.133
0.063
-0.102
-0.052
-0.041
-0.075
-0.033
-0.029
-0.133
-0.093
-0.002
0.018
-0.099
-0.122
-0.067
-0.053
0.001
-0.055
-0.052
-0.008
-0.016
-0.051
-0.048
-0.076
-0.11
-0.089
-0.066
-0.064
-0.112
-0.012
-0.047
-0.062
-0.011
-0.014
-0.098
-0.024
-0.06
-0.051
-0.022
-0.101
-0.055
-0.005
-0.101
-0.072
-0.125
-0.111
-0.057
-0.08
-0.102
-0.046
-0.043
-0.013
-0.066
-0.069
-0.052
-0.039
-0.105
-0.007
-0.085
0.004
0.028
-0.01
-0.069
-0.036
-0.047
-0.037
-0.06
-0.013
-0.038
-0.068
-0.058
-0.068
-0.039
-0.054
-0.087
-0.039
-0.052
-0.051
-0.065
0.031
-0.055
-0.027
-0.015
-0.087
0.01
-0.08
-0.022
-0.026
-0.037
-0.103
0.004
-0.112
-0.038
-0.029
-0.054
0.0
-0.053
-0.039
-0.043
-0.028
-0.042
-0.025
-0.034
0.026
-0.128
-0.04
-0.041
-0.091
-0.049
-0.024
-0.032
-0.014
-0.003
-0.008
-0.083
-0.036
-0.095
-0.122
-0.029
-0.081
-0.055
-0.001
-0.007
-0.036
-0.063
-0.006
-0.09
-0.064
-0.065
-0.058
-0.058
0.017
0.009
-0.076
-0.037
-0.019
-0.098
-0.051
-0.056
0.008
-0.063
-0.051
-0.096
0.058
-0.083
-0.013
-0.103
-0.018
-0.039
-0.051
-0.009
-0.049
-0.08
0.016
-0.037
-0.079
0.033
-0.103
-0.067
-0.013
-0.082
-0.087
-0.005
-0.086
-0.042
-0.078
-0.012
-0.069
-0.099
-0.08
-0.105
-0.047
0.009
-0.028
-0.096
-0.101
0.029
-0.039
-0.089
0.007
-0.013
0.003
0.026
-0.029
-0.03
-0.029
-0.086
-0.091
-0.036
-0.025
-0.072
-0.035
-0.062
0.003
-0.007
0.004
0.003
-0.101
-0.047
-0.068
-0.059
-0.089
0.0
-0.079
-0.062
-0.039
-0.038
0.009
-0.059
-0.034
-0.038
-0.058
-0.04
-0.096
-0.093
-0.003
-0.01
-0.067
-0.06
-0.057
-0.082
-0.033
-0.03
0.023
-0.076
-0.13
-0.021
-0.097
-0.083
-0.072
0.007
-0.089
0.008
0.006
-0.087
0.003
-0.092
0.026
-0.041
-0.107
-0.072
-0.11
0.004
-0.087
-0.006
-0.058
-0.047
-0.008
-0.062
-0.053
0.072
-0.035
-0.055
-0.017
-0.004
-0.117
0.005
-0.036
0.015
-0.061
-0.052
-0.088
-0.015
-0.047
-0.044
-0.023
0.007
-0.055
0.006
-0.055
0.003
-0.051
0.005
-0.084
-0.015
-0.011
-0.027
-0.049
-0.05
-0.025
-0.018
-0.098
-0.014
-0.038
0.038
-0.045
-0.027
0.029
-0.044
-0.07
-0.079
-0.075
-0.068
-0.009
-0.047
-0.097
-0.055
-0.026
0.043
-0.089
-0.056
0.003
-0.013
-0.045
-0.135
-0.009
-0.006
-0.029
-0.019
-0.069
-0.089
-0.06
-0.016
-0.094
-0.043
-0.039
-0.034
-0.11
0.027
-0.001
-0.076
-0.015
-0.011
-0.063
-0.027
-0.099
-0.026
-0.082
0.03
-0.089
-0.027
0.064
-0.017
-0.067
-0.024
-0.014
-0.005
-0.086
0.035
-0.049
-0.04
-0.031
-0.047
-0.075
-0.086
-0.087
-0.077
-0.056
-0.023
0.002
-0.14
-0.081
-0.002
-0.025
-0.043
-0.001
-0.046
0.007
-0.102
0.076
-0.063
-0.085
-0.034
-0.062
-0.037
-0.038
-0.058
-0.093
-0.084
-0.027
0.002
0.015
-0.111
-0.028
-0.118
-0.091
-0.14
-0.074
-0.013
-0.036
-0.129
0.0
0.054
-0.061
-0.056
-0.115
-0.057
-0.056
0.031
-0.078
-0.051
-0.028
-0.09
-0.036
-0.039
0.037
-0.062
0.003
-0.074
-0.097
-0.077
-0.027
-0.111
-0.024
-0.076
-0.039
-0.01
0.012
-0.024
-0.029
0.023
-0.068
-0.057
-0.102
-0.11
0.02
-0.046
-0.116
0.006
-0.02
-0.078
-0.04
-0.022
-0.115
-0.049
-0.051
0.001
-0.016
-0.036
0.003
-0.018
-0.041
0.022
-0.052
-0.023
-0.058
0.025
-0.057
-0.079
-0.022
-0.079
-0.029
0.011
-0.036
-0.035
0.005
-0.059
0.001
-0.043
-0.087
-0.109
-0.066
-0.059
-0.063
-0.083
-0.094
-0.093
0.045
0.047
-0.082
0.022
-0.098
-0.081
-0.021
-0.041
-0.053
-0.092
0.008
-0.005
-0.044
0.009
-0.001
-0.073
-0.059
-0.037
-0.038
-0.061
0.028
-0.006
-0.009
-0.043
0.037
-0.039
-0.05
-0.056
-0.08
-0.05
-0.022
-0.036
-0.01
-0.085
-0.011
-0.004
-0.072
-0.044
-0.056
0.045
-0.043
-0.059
-0.05
-0.054
-0.076
-0.007
-0.026
-0.126
