0.325
0.0
0.247
0.14
0.134
0.272
0.272
0.167
0.198
0.168
0.155
0.156
0.271
0.086
0.195
0.289
0.17
0.243
0.095
0.241
0.08
0.222
0.132
0.217
0.224
0.222
0.202
0.178
0.212
0.21
0.26
0.308
0.201
-0.009
0.069
0.206
0.285
0.177
0.21
0.188
0.242
0.153
0.168
0.058
0.216
0.25
0.321
0.104
0.203
0.21
-0.04
0.052
0.339
0.062
0.14
0.058
0.173
0.16
0.218
0.228
0.268
0.19
0.003
0.257
0.32
0.266
0.098
0.289
0.23
0.166
0.22
0.224
0.189
0.138
0.318
0.183
0.07
0.276
0.158
0.122
0.132
0.224
0.293
0.065
0.154
0.243
0.162
0.299
0.231
0.226
0.265
0.019
0.236
0.285
0.25
0.057
0.039
0.116
0.258
0.194
0.062
0.15
0.144
0.189
0.042
0.044
0.177
0.169
0.171
0.152
0.124
0.159
0.181
0.275
0.02
0.272
0.217
0.08
0.327
0.067
0.209
0.192
0.018
0.147
0.062
0.207
0.314
0.217
0.144
0.256
0.17
0.124
0.19
0.229
0.227
0.23
0.216
0.253
0.132
0.291
0.083
0.182
0.132
0.253
0.056
0.292
0.319
0.197
0.265
0.078
0.212
0.12
0.168
0.229
0.045
0.183
0.249
0.162
0.249
0.195
0.273
0.237
0.292
0.006
0.197
0.151
0.125
0.189
0.318
0.179
0.151
0.241
0.22
0.186
0.265
0.083
0.223
0.264
0.158
0.217
0.19
0.252
0.214
0.08
0.233
0.213
0.067
0.319
0.257
0.185
0.282
0.272
0.241
0.097
0.282
0.242
0.175
0.116
0.235
0.188
0.047
0.153
0.185
0.074
0.324
0.017
0.268
0.196
0.306
0.219
0.288
0.365
0.245
0.223
0.155
0.249
0.072
0.207
0.215
0.199
0.214
0.193
0.281
0.127
0.222
0.216
0.111
0.22
0.234
0.251
0.305
0.217
-0.023
0.206
0.253
0.29
0.263
0.242
0.215
0.265
0.172
0.235
0.225
0.046
0.261
0.202
0.033
0.19
0.218
0.203
0.198
0.069
0.166
0.177
0.221
0.204
0.068
0.28
0.158
0.222
0.334
0.257
0.259
0.225
0.075
0.304
0.222
0.214
0.269
0.303
0.124
0.188
0.143
0.176
0.195
0.175
0.204
0.175
0.206
0.003
0.238
0.297
0.134
0.246
0.302
0.13
0.192
0.292
0.203
0.156
0.11
0.216
0.268
0.162
0.163
0.103
0.207
0.193
0.202
0.173
-0.016
0.28
0.19
0.241
-0.01
0.165
0.2
0.19
0.214
0.22
0.097
0.261
0.059
0.051
0.125
0.174
0.177
0.055
0.279
0.196
0.234
0.209
0.135
0.246
0.185
0.216
0.123
0.065
0.22
0.173
0.196
0.211
0.207
0.031
0.233
-0.01
0.312
0.042
0.264
0.11
0.193
0.378
0.341
0.154
0.046
0.191
0.254
0.255
0.132
0.165
0.251
0.081
0.371
0.21
0.251
0.164
0.042
0.302
0.216
0.248
0.293
0.315
0.319
0.182
0.095
0.174
0.23
0.316
0.195
0.234
0.219
0.035
0.237
0.046
0.002
0.053
0.061
0.287
0.169
0.314
0.176
0.12
0.196
0.204
0.181
0.168
0.268
0.277
0.184
0.3
0.06
0.332
0.253
0.281
0.008
0.316
0.191
0.223
0.191
0.051
0.183
0.275
0.198
0.196
0.082
0.211
0.031
0.257
0.023
0.194
0.138
0.103
0.015
0.269
0.235
0.193
0.259
0.222
0.073
0.108
0.333
0.144
0.166
0.156
0.097
0.266
0.206
0.308
0.168
0.258
0.151
0.229
0.166
0.197
0.235
0.205
0.131
0.066
0.162
0.119
0.197
0.25
0.177
0.041
0.277
0.126
0.256
0.129
0.226
0.128
0.209
0.231
-0.002
0.042
0.259
0.244
0.248
0.15
0.141
0.051
0.298
0.216
0.219
0.222
0.188
0.012
0.15
0.222
0.081
0.189
0.184
0.281
0.043
0.243
0.249
0.032
0.209
0.138
0.192
0.166
0.069
0.097
0.11
0.081
0.227
0.198
0.189
0.235
0.254
0.064
0.151
0.16
0.201
0.179
0.258
0.146
0.164
0.304
0.194
0.162
0.256
0.267
0.198
0.178
0.238
0.235
0.204
0.173
0.254
0.165
0.192
0.197
0.126
0.02
0.192
0.218
0.224
0.221
0.148
0.216
0.184
0.21
0.272
0.218
0.197
0.178
0.202
0.119
0.007
0.075
0.192
0.194
0.13
0.179
0.187
0.192
0.327
0.319
0.213
0.235
0.166
0.188
0.212
0.082
0.244
0.241
0.344
0.264
0.043
0.19
0.209
0.188
0.089
0.347
0.263
0.298
0.209
0.193
0.146
0.238
0.232
0.172
0.124
0.327
0.112
0.192
0.298
0.242
0.244
0.23
0.254
0.237
0.145
0.331
0.076
0.239
0.33
0.239
0.162
0.081
0.023
0.168
0.038
0.057
0.049
0.232
0.162
0.274
0.213
0.251
0.267
0.213
0.201
0.212
0.034
0.207
0.237
0.224
0.096
0.243
0.206
0.285
0.224
0.309
0.215
0.267
0.209
0.154
0.087
0.168
0.108
0.2
0.096
0.295
0.246
0.244
0.225
0.136
0.308
0.105
0.142
0.267
0.155
0.302
-0.004
0.257
-0.015
0.244
0.154
0.26
0.05
0.283
0.176
0.05
0.178
0.133
0.218
0.183
0.288
0.056
0.211
0.181
0.09
0.173
0.119
0.176
0.122
0.284
0.294
0.273
0.118
0.225
0.193
0.155
0.263
0.168
0.168
0.211
0.16
0.211
0.345
0.091
0.175
0.215
0.172
0.165
0.197
0.293
0.201
0.154
0.224
0.3
0.134
0.155
-0.012
0.249
0.042
0.203
0.274
0.097
0.282
0.18
0.155
0.223
0.049
0.196
0.24
0.131
0.217
0.2
0.155
0.109
0.178
0.277
0.112
0.184
0.257
0.156
0.304
0.232
0.069
0.149
0.269
0.228
0.185
0.18
0.275
0.218
0.214
0.115
0.038
0.195
0.187
0.215
0.327
0.223
0.197
0.267
0.103
0.223
0.199
0.083
0.052
0.101
0.177
0.227
0.203
0.362
0.291
0.223
-0.003
0.167
0.246
-0.001
0.109
0.3
0.157
0.075
0.147
0.111
0.158
0.186
0.174
0.194
0.17
0.18
0.062
0.218
0.216
0.32
0.291
0.097
-0.014
0.213
0.147
0.053
0.136
0.149
0.328
0.249
0.103
0.131
0.107
0.178
0.224
0.198
0.273
0.257
0.217
0.185
0.23
0.179
0.221
0.044
0.231
0.214
0.241
0.218
0.194
0.024
0.263
0.224
-0.04
0.21
0.096
0.229
0.289
0.28
0.143
0.094
0.115
0.175
0.103
0.317
0.071
0.271
0.262
0.274
0.144
0.199
0.237
0.16
0.162
0.167
0.355
0.196
0.055
0.139
0.113
0.016
0.257
0.182
0.281
0.256
0.277
0.183
0.085
0.032
0.029
0.314
0.361
0.029
0.186
0.284
0.169
0.217
0.18
0.174
0.226
0.022
0.216
0.309
0.17
0.278
0.2
0.026
0.089
0.313
0.284
0.142
0.254
0.206
0.182
0.024
0.129
0.173
0.11
0.202
0.141
0.047
0.156
0.262
0.223
0.057
0.322
0.205
0.17
0.238
0.24
0.043
0.131
0.042
0.05
0.302
0.106
0.129
0.193
0.022
0.287
0.225
0.217
0.265
0.259
0.156
0.181
0.262
0.215
0.039
0.149
0.25
0.239
0.2
0.09
0.222
0.246
0.134
0.049
0.047
0.14
0.337
0.083
0.197
0.18
0.04
0.065
0.25
0.215
0.22
0.136
0.215
0.115
0.209
0.209
0.158
0.109
0.254
0.212
0.244
0.027
0.165
0.307
0.163
0.212
0.242
0.072
0.063
0.146
0.214
0.131
0.195
0.2
0.245
0.191
0.138
0.198
0.304
0.134
0.158
0.104
0.226
0.1
0.131
0.126
0.311
0.277
0.175
0.299
0.086
0.049
0.061
0.234
0.248
0.292
0.192
0.206
0.197
0.113
0.125
0.308
0.145
0.122
0.207
0.251
0.288
0.229
0.188
0.311
0.044
0.188
0.222
0.034
0.021
0.252
0.18
0.101
0.187
0.182
0.254
0.361
0.096
0.074
0.189
0.159
0.169
0.08
0.174
0.239
0.219
0.162
0.213
0.31
0.228
0.156
0.227
0.237
0.18
0.239
0.177
0.051
0.274
0.256
0.202
0.013
0.056
0.25
0.187
0.17
0.145
0.242
0.212
0.282
0.308
0.288
0.222
0.256
0.214
0.216
0.213
0.207
0.219
0.221
0.199
0.239
0.191
0.177
0.232
0.171
0.007
0.184
0.098
0.241
0.169
0.195
0.202
0.096
0.176
0.209
0.13
0.033
0.235
0.038
0.233
0.191
0.24
0.234
0.253
0.295
0.292
0.144
0.27
0.185
0.224
0.312
0.218
0.112
0.275
0.274
0.2
0.136
0.169
0.175
0.152
0.218
0.263
0.076
0.175
0.317
0.166
0.196
0.176
0.083
-0.025
0.163
0.269
0.242
0.256
0.277
0.064
0.263
0.099
0.134
0.188
0.112
0.165
0.195
0.059
0.181
0.143
0.273
0.281
0.201
0.191
0.342
0.298
0.199
0.066
0.195
0.124
0.069
0.072
0.244
0.273
0.245
0.249
0.259
0.066
0.278
0.264
0.171
0.337
0.147
0.167
0.206
0.132
0.29
0.225
0.076
0.235
0.122
0.104
0.274
0.251
0.274
0.206
0.163
0.377
0.299
0.016
0.23
0.231
0.151
0.254
0.205
0.197
0.102
0.207
0.116
0.084
0.12
0.309
0.184
0.05
0.301
0.305
0.07
0.205
0.251
0.154
0.021
0.258
0.228
0.253
0.181
0.188
0.204
0.205
0.266
0.002
0.245
0.137
0.285
0.035
0.048
0.313
0.164
0.218
0.302
0.203
0.164
0.219
0.273
0.084
0.091
0.023
0.156
0.115
0.148
0.13
0.246
0.351
0.191
0.18
0.263
0.206
0.308
0.222
0.202
0.14
0.289
0.205
0.198
0.352
0.272
0.204
0.178
0.038
0.214
0.198
0.273
0.233
0.275
0.159
0.161
0.297
0.044
0.258
0.215
0.093
-0.03
0.137
0.152
0.232
0.218
0.007
0.184
0.119
0.183
0.156
0.171
0.095
0.251
0.187
0.076
0.091
0.122
-0.054
0.255
0.202
0.197
0.344
0.092
0.221
0.147
0.247
0.226
0.233
0.192
0.253
0.128
0.241
0.15
0.28
0.301
0.193
0.063
0.035
0.218
0.014
0.145
0.166
0.036
0.245
0.157
0.241
0.139
0.027
0.049
0.063
0.223
0.222
0.204
0.063
0.199
0.076
0.254
0.097
0.18
0.238
0.256
0.109
0.209
0.212
0.169
0.206
0.295
0.162
0.328
0.204
0.251
0.26
0.176
0.035
0.273
0.047
0.204
0.244
0.238
0.101
0.351
0.197
0.231
0.22
0.208
0.278
0.199
0.24
0.271
0.085
0.204
0.152
0.259
0.229
0.238
0.249
0.35
0.172
0.079
0.12
0.217
0.084
0.022
0.182
0.183
0.098
0.165
0.203
0.2
0.251
0.27
0.077
0.216
0.234
0.245
0.119
0.138
0.01
0.201
0.051
0.195
0.218
0.048
0.034
0.161
0.275
0.15
0.218
0.188
0.195
0.174
0.206
0.176
0.158
0.21
0.145
0.243
0.055
0.229
0.23
0.13
0.245
0.244
0.156
0.217
0.22
0.14
0.262
0.239
0.05
0.159
0.192
0.208
0.068
0.022
0.321
0.166
0.163
0.198
0.205
0.188
0.339
0.266
0.238
0.026
0.212
0.345
0.172
0.293
0.252
0.193
0.295
0.178
0.163
0.203
0.226
0.236
0.312
0.209
0.239
0.145
0.017
0.206
0.247
0.247
0.227
0.079
0.231
0.29
0.263
0.177
0.174
0.153
0.159
0.166
0.266
0.081
0.223
0.278
0.196
0.185
0.193
0.245
0.215
0.15
0.191
0.158
0.139
0.268
0.051
0.141
0.055
0.033
0.188
0.159
0.203
0.022
0.215
0.223
0.3
0.188
0.315
0.155
0.292
0.098
0.122
0.254
0.286
0.142
0.188
0.174
0.187
-0.001
0.267
0.23
0.292
0.215
0.217
0.186
0.128
0.139
0.271
0.104
0.167
0.177
0.156
0.377
0.123
0.12
0.194
0.234
0.297
0.164
0.28
0.252
0.294
0.161
0.152
0.075
0.222
0.18
0.243
0.264
0.268
0.219
0.175
-0.031
0.237
0.173
0.106
0.263
0.3
0.222
0.306
0.165
0.222
0.222
-0.003
0.223
0.054
0.241
0.065
0.318
0.264
-0.001
0.214
0.248
0.217
0.148
0.181
0.28
0.184
0.038
0.249
0.159
0.175
0.163
0.02
0.191
0.148
0.053
0.258
0.23
0.121
0.148
0.072
0.349
0.233
0.115
0.074
0.108
0.075
0.151
0.262
0.291
0.212
0.062
0.177
0.111
0.249
0.169
0.159
0.021
0.245
0.178
0.227
0.092
0.35
0.323
0.275
0.276
0.024
0.243
0.055
0.261
0.255
0.271
0.127
0.136
0.233
0.193
0.243
0.277
0.1
0.195
0.235
0.235
0.215
0.157
0.221
0.219
0.254
0.212
0.284
0.122
0.08
0.108
0.225
0.249
0.169
0.284
0.148
0.06
0.269
0.146
0.084
0.191
-0.009
0.179
0.212
0.237
0.191
0.332
0.142
0.046
0.164
0.03
0.238
-0.027
0.043
0.126
0.035
0.331
0.261
0.179
0.091
0.105
0.109
0.175
0.042
0.241
0.0
0.177
0.139
0.12
0.078
0.131
-0.02
0.223
0.011
0.228
0.184
0.199
0.217
0.222
0.186
0.294
0.022
0.216
0.249
0.239
0.102
0.133
0.089
0.164
0.18
0.13
0.194
0.25
0.197
0.261
0.223
0.28
0.291
0.154
0.215
0.009
0.172
0.228
0.214
0.013
0.245
0.263
0.154
0.261
0.122
0.13
0.079
0.178
0.279
0.292
0.157
0.067
0.272
0.18
0.247
0.114
0.236
0.166
0.278
0.207
0.036
0.011
0.05
0.066
0.219
0.168
0.141
0.241
0.031
0.061
0.28
0.011
0.192
0.108
0.272
0.192
0.239
0.199
0.242
0.146
0.207
0.083
0.011
0.259
0.274
0.199
0.261
0.189
0.083
0.112
0.318
0.207
0.154
0.259
0.175
0.248
0.202
0.024
0.284
0.201
0.171
0.232
0.258
0.252
0.273
0.184
0.146
0.227
0.139
0.186
0.172
0.07
0.248
0.353
0.196
0.039
0.318
0.049
0.256
0.083
0.144
0.235
0.194
0.19
0.127
0.277
0.328
0.268
0.122
0.304
0.078
0.096
0.069
0.117
0.086
0.091
0.282
0.216
0.158
0.175
0.272
0.091
0.25
0.41
0.249
0.219
0.197
0.102
0.188
0.186
0.252
0.039
0.231
0.185
0.003
0.114
0.18
0.031
0.287
0.19
0.071
0.198
0.187
0.222
0.048
0.158
0.148
0.072
0.219
0.217
0.191
0.215
0.247
0.203
0.151
0.23
0.088
0.081
0.211
0.147
0.143
0.252
0.191
0.184
0.362
0.223
0.253
0.102
0.308
0.185
0.121
0.036
0.196
0.034
0.136
0.197
-0.004
0.215
0.087
0.155
0.277
0.311
0.273
0.167
0.048
0.332
0.1
0.288
0.406
0.097
0.045
0.019
0.183
0.213
0.147
0.271
0.356
0.158
0.204
0.237
0.004
0.117
0.198
0.069
0.254
0.152
0.067
0.184
0.284
0.068
0.219
0.227
0.209
0.038
0.25
0.23
0.196
0.246
0.044
0.203
0.21
0.219
0.198
0.11
0.246
0.233
0.181
0.219
0.246
0.058
0.128
0.164
0.131
0.261
0.161
0.211
0.236
0.191
0.272
0.147
0.157
0.24
0.199
0.187
0.19
0.202
0.154
0.255
0.198
-0.036
0.325
0.324
0.233
0.287
0.379
0.182
0.209
0.226
0.208
0.169
0.212
0.047
0.312
0.151
0.22
0.141
0.003
0.271
0.255
0.069
0.164
0.094
0.255
0.184
0.14
0.19
0.176
0.333
0.205
0.019
0.128
0.156
0.221
0.189
0.239
0.147
0.206
0.24
0.231
0.094
0.178
0.053
0.032
0.194
0.209
0.171
0.192
0.126
0.077
0.084
0.256
0.282
0.131
0.102
0.195
0.27
0.271
0.22
0.282
0.252
0.318
0.125
0.156
0.234
0.083
0.181
0.279
0.056
0.223
0.154
0.161
0.23
0.07
0.152
0.218
0.171
0.156
0.337
0.139
0.264
0.291
0.249
0.016
0.214
0.236
0.275
0.087
0.183
0.253
0.234
0.231
0.235
0.143
0.157
0.237
0.297
0.21
0.276
0.22
0.153
0.344
0.27
0.122
0.216
0.257
0.234
0.168
0.254
0.286
0.251
0.092
0.376
0.279
0.24
0.183
0.119
0.133
0.04
0.134
0.252
0.029
0.229
0.117
0.294
0.275
0.278
0.276
0.145
0.207
0.198
0.134
0.082
0.157
0.238
-0.039
0.142
0.302
0.206
0.12
0.281
0.25
0.202
0.28
0.077
0.088
0.147
0.279
0.292
0.2
0.093
0.316
0.182
0.244
0.201
0.21
0.259
0.126
0.197
0.238
0.192
0.218
0.011
0.245
0.151
0.273
0.219
0.248
0.156
0.178
0.106
0.101
0.219
0.134
0.01
0.353
0.181
0.235
0.253
0.289
0.206
0.039
0.109
0.163
0.258
0.087
0.041
0.247
0.296
0.338
0.214
0.334
0.033
0.057
0.238
0.198
0.295
0.227
0.271
0.252
0.208
0.263
0.017
0.244
0.021
0.223
0.175
0.25
0.345
0.262
0.249
0.222
0.295
0.151
0.009
0.156
0.165
0.204
0.179
0.354
0.162
0.178
0.304
0.147
0.209
0.052
0.002
0.307
0.188
0.209
0.063
0.295
0.184
-0.049
0.192
0.155
0.277
0.214
0.291
0.019
0.27
0.236
0.328
0.148
0.201
0.098
0.191
0.168
0.182
0.269
0.237
0.06
0.177
0.097
0.387
0.072
0.098
0.097
0.146
0.123
0.038
0.136
0.181
0.29
0.247
0.166
0.275
0.178
0.314
0.193
0.166
0.056
0.359
0.149
0.186
0.231
0.261
0.225
0.126
0.21
0.135
0.204
0.277
0.102
0.151
0.338
0.294
0.224
0.208
0.183
0.147
0.037
0.137
0.293
0.193
0.052
0.07
0.226
0.239
0.186
0.316
0.232
0.197
0.046
0.251
0.316
0.257
0.277
0.225
0.235
0.271
-0.017
0.26
0.155
0.131
0.212
0.181
0.213
0.275
0.002
0.198
0.261
0.304
0.277
0.227
0.2
0.145
0.12
0.131
0.218
0.079
0.215
0.244
0.04
0.013
0.249
0.087
0.22
0.141
0.181
0.225
0.23
0.312
0.215
0.269
0.236
0.231
0.265
0.086
0.165
0.132
0.166
0.304
0.218
0.144
0.155
0.059
0.211
0.093
0.287
0.134
0.175
0.287
0.113
0.108
0.136
0.159
0.333
0.09
0.144
0.182
0.018
0.276
0.318
0.176
0.238
0.068
0.321
0.006
0.045
0.322
0.2
0.306
0.214
0.198
0.317
0.14
0.224
0.151
0.213
0.024
0.014
0.183
0.221
0.278
0.008
0.194
0.284
0.259
0.213
0.153
0.156
0.267
0.323
0.371
0.237
0.214
0.19
0.084
0.253
0.172
0.267
0.292
0.136
0.194
0.227
0.069
0.109
0.094
0.248
0.216
0.233
0.216
0.281
0.21
0.071
0.212
0.204
0.26
0.215
0.106
0.242
0.241
0.173
0.165
0.143
0.279
0.143
0.281
0.201
0.205
0.088
0.235
0.239
0.184
0.033
0.2
0.212
0.29
0.171
0.204
0.09
0.055
0.15
0.17
0.147
0.223
0.143
0.079
0.261
0.27
0.217
0.271
0.247
0.156
0.195
0.24
0.225
0.197
0.006
0.269
0.107
0.132
0.302
0.29
0.072
0.162
0.198
0.243
0.079
0.221
0.194
0.216
0.102
-0.015
0.049
0.075
0.221
0.008
0.057
0.231
0.197
0.124
0.289
0.104
0.17
0.142
0.279
0.281
0.169
0.028
0.161
0.133
0.206
0.38
0.121
0.194
0.289
0.225
0.315
0.287
0.217
0.155
0.207
0.052
0.214
0.22
0.044
0.165
0.211
0.239
0.107
0.205
0.206
0.131
0.177
0.132
0.303
0.067
0.227
0.215
0.173
0.217
0.027
0.163
0.307
0.121
0.076
0.27
0.268
0.105
0.176
0.28
0.299
0.278
0.233
0.179
0.236
0.179
0.124
0.216
0.223
0.111
0.096
0.169
0.217
0.101
0.185
0.268
0.281
0.007
0.245
0.304
0.121
0.188
0.17
0.176
0.217
0.23
0.178
0.235
0.069
0.204
0.168
0.117
0.162
0.193
0.166
0.316
0.171
0.065
0.237
-0.036
0.253
0.171
0.233
0.243
0.213
0.182
0.259
0.344
0.103
0.162
0.023
0.042
0.209
0.09
0.249
0.23
0.276
0.218
0.152
0.211
0.206
0.254
0.286
0.276
0.264
0.142
0.27
0.145
0.302
0.193
0.184
0.267
0.21
0.188
0.216
0.013
0.223
0.254
0.187
0.199
0.254
0.159
0.139
0.065
0.204
0.28
0.201
0.181
0.223
0.306
0.23
0.167
0.175
0.255
0.015
0.019
0.158
0.216
0.264
0.161
0.158
0.228
0.138
0.259
0.254
0.117
0.195
0.25
0.049
0.239
0.27
0.159
0.132
0.181
0.264
0.076
0.23
0.233
0.118
0.071
0.202
0.166
0.201
0.01
0.244
0.265
0.116
0.214
0.248
0.39
0.198
0.246
0.181
0.18
0.2
0.265
0.183
0.133
0.279
0.238
0.114
0.176
0.232
0.21
0.291
0.207
0.033
0.268
0.101
0.114
0.18
0.113
-0.063
0.181
0.145
0.129
0.219
0.192
0.194
0.218
0.04
0.207
0.184
0.181
0.241
0.032
0.193
0.202
0.27
0.25
0.163
-0.022
0.246
0.011
0.232
0.131
0.212
0.121
0.22
0.063
0.003
0.187
0.15
0.185
0.307
0.211
0.209
0.15
0.289
0.228
0.14
0.111
0.167
0.213
0.201
0.289
0.2
0.252
0.183
0.256
0.214
0.274
0.167
0.12
0.236
0.256
0.247
0.225
0.091
0.222
0.229
0.138
0.079
0.134
0.234
0.21
0.327
0.151
0.283
0.229
0.373
0.147
0.169
0.312
0.207
0.013
0.306
0.126
0.141
0.186
0.115
0.226
0.259
0.271
0.161
0.057
0.28
-0.016
-0.008
0.121
0.217
0.174
0.259
0.304
0.05
0.125
0.008
0.107
0.261
0.257
0.2
0.241
0.033
0.198
0.148
0.182
0.249
0.239
0.112
0.177
0.081
0.24
0.241
0.235
0.124
0.212
0.249
0.273
0.252
0.264
0.181
0.237
0.208
0.053
0.136
0.152
0.029
0.234
0.229
0.286
0.11
0.176
0.182
0.201
0.286
0.165
0.243
0.19
0.127
0.209
0.216
0.195
0.023
0.225
0.159
0.179
0.311
0.23
0.104
0.191
0.175
0.11
0.276
0.192
0.309
0.235
0.206
0.184
0.213
0.119
0.174
0.1
0.3
0.267
0.243
0.065
0.117
-0.044
0.116
0.274
0.059
0.179
0.064
0.237
0.247
0.233
0.265
0.296
0.115
0.247
0.341
0.268
0.203
0.199
0.261
0.089
0.169
0.283
0.184
0.16
0.216
0.342
0.132
0.224
0.174
0.145
0.187
0.239
0.251
0.307
0.215
0.061
0.082
0.075
0.105
0.037
0.193
0.201
0.034
0.236
0.305
0.216
0.249
0.055
0.164
0.167
0.222
0.189
0.247
0.263
0.128
0.269
0.196
0.223
0.074
0.229
0.191
0.278
0.175
0.261
0.243
0.057
0.234
0.272
0.176
0.217
0.254
0.245
0.29
0.116
0.233
0.159
0.126
0.311
0.107
0.261
0.151
0.14
0.207
0.228
0.02
0.104
0.273
0.184
0.271
0.237
0.288
0.139
0.321
0.074
0.222
0.082
0.148
0.279
0.182
0.185
0.176
0.153
0.219
0.18
0.172
0.118
0.137
0.197
0.211
0.289
0.021
0.148
0.24
0.19
0.212
0.199
0.164
0.103
0.209
0.281
0.327
0.177
0.266
0.229
0.206
0.16
0.111
0.109
0.151
0.208
0.206
0.113
0.153
0.213
0.261
0.231
0.341
0.303
0.042
0.22
0.209
0.168
0.079
0.246
0.186
0.276
0.232
0.165
0.26
0.209
0.125
0.028
0.207
0.238
0.175
0.059
0.152
0.041
0.217
0.164
0.226
0.312
0.252
0.241
0.305
0.183
0.289
0.202
0.271
0.136
0.292
0.209
0.211
0.278
0.242
0.34
0.189
0.092
0.228
0.245
0.089
0.1
0.064
0.07
0.125
0.163
0.236
0.07
0.272
0.276
0.051
0.044
0.132
0.031
0.155
0.131
0.232
0.223
0.122
0.3
0.215
0.208
0.195
0.005
0.241
0.296
0.216
0.183
0.235
0.044
0.151
0.111
0.036
0.059
0.137
0.111
0.251
0.203
0.073
0.024
0.035
0.26
0.076
0.164
0.267
0.124
0.244
-0.01
0.359
0.203
0.184
0.182
0.074
0.202
0.235
0.198
0.085
0.052
0.069
0.262
0.26
0.154
0.028
0.202
0.191
0.215
0.155
0.078
0.212
0.038
0.175
0.198
0.256
0.266
0.203
0.033
0.0
0.224
0.204
0.223
0.185
0.22
0.007
0.189
0.239
0.15
0.244
0.043
0.241
0.258
0.21
0.248
0.07
0.192
0.172
0.179
0.058
0.2
0.219
0.266
0.246
0.169
0.249
0.243
0.201
0.155
0.193
0.197
0.295
0.175
0.223
0.212
0.215
0.287
0.256
0.117
0.288
0.23
0.163
0.305
0.355
0.152
0.239
0.008
0.199
0.127
0.192
0.059
0.141
0.185
0.277
0.287
-0.016
0.338
0.275
0.178
0.325
0.286
0.203
0.193
0.239
0.214
0.176
0.154
0.258
0.259
0.188
0.183
0.223
0.19
0.14
0.156
0.12
0.057
0.149
0.198
0.085
0.176
0.038
0.143
0.221
0.301
0.178
0.21
0.109
0.262
0.148
0.328
0.101
0.31
0.121
0.303
0.055
0.093
0.022
0.001
0.224
0.152
0.15
0.266
0.304
0.26
0.105
0.186
0.048
0.097
0.152
0.185
0.161
0.215
0.101
0.281
0.229
0.24
0.137
0.148
0.058
0.285
0.14
0.215
0.167
0.233
0.182
0.209
0.218
0.106
0.094
0.174
0.255
0.259
0.035
0.093
0.254
0.22
0.291
0.252
0.24
0.225
0.307
0.235
0.183
0.153
0.152
0.201
0.164
0.153
0.045
0.244
0.139
0.101
0.014
0.245
0.248
0.267
0.353
0.212
0.138
0.211
0.258
0.041
0.17
0.268
0.3
0.189
0.191
0.228
0.341
0.292
0.097
0.256
0.052
0.163
0.286
0.176
0.225
0.236
0.049
0.175
0.165
0.102
0.253
0.199
0.237
0.241
0.279
0.143
0.285
0.088
0.303
0.204
0.162
0.035
0.204
0.132
0.203
0.26
0.006
0.214
0.13
0.182
0.197
0.272
0.076
0.078
0.166
0.151
0.148
0.281
0.189
0.032
0.085
0.136
0.228
0.193
0.0
0.083
0.23
0.218
0.185
0.05
0.093
0.191
0.253
0.249
0.14
0.198
0.111
0.041
0.181
0.398
0.078
0.213
0.189
0.081
0.243
0.034
0.159
0.234
0.206
0.14
0.166
0.352
0.097
0.157
0.231
0.211
0.21
0.185
0.125
0.172
0.246
0.19
0.29
0.236
0.192
0.138
0.169
0.272
0.112
0.225
0.26
0.158
0.04
0.177
0.184
0.108
0.181
0.276
0.231
0.107
0.141
0.303
0.232
0.258
0.131
0.193
0.262
-0.028
0.237
0.207
0.093
0.131
0.215
0.227
0.208
0.188
0.206
0.178
0.159
0.207
0.187
0.12
0.225
0.24
0.164
0.214
0.12
0.265
0.059
0.182
0.143
0.315
0.166
0.234
0.229
0.168
0.23
0.201
0.202
0.018
0.163
0.192
0.051
0.224
0.053
0.261
0.083
0.163
0.208
0.246
0.192
0.154
0.284
0.141
0.171
0.291
0.207
0.191
0.261
0.049
0.073
0.246
0.235
0.132
0.128
0.164
0.24
0.181
0.212
-0.004
0.254
0.247
0.243
0.166
0.073
0.248
0.281
0.207
0.231
0.259
0.211
0.05
0.304
0.117
0.27
0.208
0.238
0.058
0.235
0.253
0.2
0.285
0.252
0.212
0.23
0.224
0.251
0.319
0.216
0.271
0.16
0.056
0.111
0.297
0.25
0.088
0.177
0.296
0.07
-0.007
0.285
0.164
0.175
0.145
0.094
0.233
0.21
0.128
0.184
0.211
0.278
0.184
0.197
0.284
0.252
0.182
0.164
0.201
0.146
0.137
0.209
0.216
0.338
0.243
0.179
0.241
0.194
0.136
0.167
0.148
0.276
0.2
0.274
0.127
0.305
0.276
0.046
0.208
0.315
0.054
0.195
0.302
0.172
0.184
0.252
0.22
0.19
0.149
0.041
0.104
0.2
0.196
0.21
0.28
0.239
0.283
0.188
0.23
0.234
0.216
0.003
0.173
0.234
0.218
0.241
0.151
0.042
0.145
0.158
0.268
0.325
0.2
0.306
0.254
0.136
0.273
0.239
0.244
0.101
0.132
0.248
0.291
0.142
0.109
0.042
0.179
0.165
0.198
0.234
0.259
0.294
0.277
0.211
0.246
0.235
0.32
0.14
0.165
0.133
0.056
0.047
0.235
0.161
0.18
0.248
0.222
0.117
0.257
0.18
0.276
0.221
0.304
0.053
0.314
0.254
0.256
0.235
0.276
0.219
0.163
0.264
0.232
0.249
0.132
0.262
0.199
0.123
0.233
0.274
0.15
0.217
0.166
0.288
0.203
0.271
0.154
0.19
0.085
0.339
0.298
0.202
0.17
0.19
0.194
-0.001
0.213
0.181
0.333
0.148
0.247
0.267
0.081
0.147
0.215
0.163
0.067
0.16
0.207
0.021
0.178
0.259
0.29
0.282
0.269
0.241
0.137
0.207
0.225
0.174
0.188
0.135
0.207
0.256
0.18
0.227
0.252
0.326
0.142
0.206
0.271
0.246
0.136
0.041
0.284
0.237
0.286
0.27
0.289
0.164
0.174
0.243
0.168
0.134
0.164
0.091
0.218
0.133
-0.007
0.13
0.25
0.233
0.266
0.311
0.202
0.183
0.291
0.278
0.28
0.342
0.152
0.172
0.307
0.11
0.19
0.187
0.196
0.126
0.208
0.16
0.211
0.24
0.198
0.173
0.218
-0.015
0.227
0.191
0.261
0.233
0.013
0.239
0.233
0.31
0.193
0.105
0.184
0.222
0.188
0.279
0.176
0.218
0.301
0.3
0.054
0.26
0.178
0.207
0.254
0.244
0.177
0.33
0.215
0.129
0.193
0.086
0.262
0.271
0.19
0.252
0.239
0.169
0.15
0.055
0.227
0.246
0.117
0.183
0.258
0.007
0.178
0.191
0.19
0.278
0.178
0.231
0.18
0.19
0.211
0.327
0.268
0.254
0.226
0.172
0.149
0.307
0.238
0.216
0.293
0.2
0.182
0.148
-0.035
0.157
0.221
0.193
0.187
0.183
0.301
0.276
0.086
0.266
0.06
0.132
0.044
0.185
0.033
0.17
0.22
0.208
0.167
0.253
0.283
0.19
0.266
0.162
0.255
0.182
0.228
0.24
0.321
0.246
0.06
0.147
0.287
0.147
0.18
0.064
0.085
0.189
0.094
0.166
0.292
0.232
0.152
0.21
0.248
0.044
0.065
0.212
0.278
0.108
0.184
0.12
0.036
0.212
0.025
0.179
0.201
0.059
0.114
0.229
0.271
-0.001
0.156
0.112
0.225
0.226
0.219
0.036
0.062
0.261
0.202
0.219
0.213
0.201
0.242
0.11
0.206
0.148
0.176
0.037
0.239
0.09
0.177
0.249
0.234
0.255
0.038
0.282
0.183
0.254
0.21
0.202
0.171
0.17
0.147
0.034
0.142
0.094
0.244
0.228
0.227
0.062
0.297
0.14
0.121
0.295
0.064
0.208
0.033
0.115
0.092
0.156
0.273
0.09
0.289
0.09
0.047
0.286
0.198
0.249
0.144
0.03
0.083
0.241
0.127
0.095
0.028
0.07
0.167
0.059
0.084
0.241
0.109
0.401
0.158
0.233
0.104
0.081
0.354
0.209
0.228
0.207
0.033
0.267
0.068
0.221
0.313
0.22
0.151
0.215
0.215
0.167
0.243
0.235
0.241
0.233
0.223
0.132
0.037
0.226
0.085
0.151
0.17
0.155
0.087
0.244
0.255
0.167
0.014
0.014
0.041
0.166
0.142
0.233
0.025
0.29
0.056
0.239
0.331
0.048
0.047
0.075
0.162
0.19
0.232
0.159
0.269
0.239
0.118
0.229
0.166
0.213
0.253
0.184
0.222
0.345
0.048
0.234
0.236
0.152
0.053
0.308
0.132
0.077
-0.011
0.18
0.103
0.128
0.12
0.235
0.121
0.179
0.168
0.239
-0.057
0.273
0.031
0.199
0.118
-0.002
0.196
0.151
0.203
0.27
0.161
0.173
0.088
0.178
0.223
0.048
0.096
0.243
0.214
0.194
0.261
0.198
0.232
0.36
0.289
0.312
0.234
0.212
0.229
0.148
0.155
0.299
0.285
0.041
0.091
0.235
0.143
0.196
0.285
0.172
0.221
0.269
0.214
0.236
0.18
0.22
0.228
0.279
0.117
0.158
0.235
0.221
0.268
0.233
0.107
0.19
0.161
0.218
0.105
0.239
0.193
0.307
0.242
0.105
0.103
0.21
0.181
0.206
-0.016
0.228
0.265
0.199
0.031
0.023
0.016
0.212
0.055
0.229
0.026
0.359
0.195
0.013
0.221
0.151
0.14
0.217
0.21
0.256
0.143
0.18
0.207
0.23
0.179
0.151
0.301
0.277
0.163
0.122
0.2
0.227
0.261
0.094
0.124
0.207
0.234
0.308
0.203
0.272
0.229
0.309
0.175
0.171
0.192
0.26
0.236
0.192
0.31
0.174
0.181
0.217
0.108
0.216
0.253
0.159
0.027
0.3
0.161
0.093
0.09
0.197
0.212
0.174
0.082
0.264
0.282
0.324
0.106
0.067
0.067
0.073
0.219
0.016
0.148
0.224
0.184
0.174
0.19
0.189
0.097
0.281
0.256
0.204
0.037
0.253
0.208
0.266
0.142
0.15
0.125
0.277
0.195
0.02
0.295
0.266
0.159
0.176
0.258
0.238
0.108
0.256
0.269
0.206
0.096
0.238
0.227
0.237
0.107
0.234
0.154
0.181
0.198
0.19
0.048
0.213
0.233
0.179
0.172
0.197
0.218
0.271
0.037
0.315
0.019
0.06
0.202
0.298
0.171
0.188
0.068
0.289
0.172
0.171
0.186
0.222
0.103
0.198
0.276
0.017
0.21
0.3
0.04
0.062
0.209
0.2
0.075
0.257
0.126
0.094
0.251
0.291
0.21
0.21
0.293
0.164
0.029
0.248
0.224
0.048
0.167
0.019
-0.017
0.18
0.081
0.086
0.057
0.189
0.196
0.311
0.195
0.268
0.055
0.187
0.108
0.22
0.135
0.193
0.073
0.018
0.113
0.281
0.18
0.265
0.168
0.061
0.167
0.267
0.003
0.132
0.078
0.145
0.176
0.183
0.044
0.285
0.293
0.226
0.22
0.19
0.085
0.286
0.259
0.345
0.349
0.039
0.263
0.032
0.062
0.145
0.242
0.195
0.364
0.078
0.249
0.18
0.267
0.202
-0.012
0.18
0.261
0.083
0.211
0.219
0.206
0.41
0.074
0.049
0.074
0.265
0.224
0.239
0.263
0.295
0.287
0.23
0.029
0.019
0.198
0.309
0.341
0.111
0.251
0.138
0.255
0.146
0.157
0.25
0.109
0.214
0.222
0.258
0.241
0.185
0.029
0.191
0.103
0.063
0.173
0.219
0.246
0.235
-0.01
0.236
0.253
0.195
0.192
0.162
0.222
0.276
0.21
0.071
0.39
0.214
0.199
0.185
0.316
0.054
0.223
0.24
0.28
0.107
0.094
0.205
0.207
0.262
0.238
0.25
-0.013
0.062
0.106
0.212
0.28
0.3
0.261
0.246
0.095
0.238
0.15
0.116
0.11
0.154
0.149
0.043
0.172
0.131
0.175
0.198
0.346
0.303
0.266
0.174
0.189
0.258
0.169
0.186
0.309
0.293
0.22
0.205
0.256
0.257
0.199
0.233
0.225
0.201
0.246
0.208
0.301
0.145
0.252
0.172
0.222
0.126
0.13
0.174
0.293
0.325
0.242
0.042
0.242
0.193
0.283
0.269
0.129
0.105
0.207
0.197
0.275
0.133
0.068
0.16
0.169
0.267
0.185
0.284
0.242
0.215
0.145
0.198
0.208
0.164
0.18
0.281
0.313
0.21
0.21
0.265
-0.005
0.189
0.169
0.208
0.131
0.188
0.182
0.215
0.246
0.16
0.054
0.238
0.14
0.227
0.244
0.181
0.217
0.077
0.215
0.127
0.308
0.16
-0.051
0.158
0.149
0.223
0.26
0.19
0.221
0.114
0.274
0.176
0.025
0.115
0.135
0.13
0.282
0.253
0.234
0.212
0.2
0.086
0.17
0.17
0.205
0.246
0.047
0.148
0.242
-0.047
0.044
0.239
0.156
0.234
0.2
0.04
0.146
0.123
0.2
0.173
0.058
0.017
0.226
0.218
0.209
0.106
-0.023
0.277
0.301
0.267
0.224
0.204
0.17
0.213
0.218
0.186
0.218
0.251
0.082
0.316
0.325
0.197
0.367
0.178
0.102
0.251
0.273
0.247
0.194
0.393
0.192
0.269
0.139
0.306
0.043
0.227
0.216
0.309
0.234
0.168
0.247
0.236
0.218
0.244
0.301
0.15
0.079
0.148
0.194
0.26
0.241
0.239
0.242
0.171
0.178
0.254
0.231
0.313
0.249
0.034
0.054
0.291
0.278
0.24
0.231
0.057
0.209
0.315
0.284
0.017
-0.029
0.068
0.097
0.174
0.337
0.058
0.1
0.212
0.113
0.025
0.267
0.277
0.289
0.271
0.299
0.198
0.228
0.105
0.156
0.281
0.119
0.204
0.183
0.186
0.19
0.313
0.236
0.146
0.144
0.095
0.22
0.303
0.054
0.151
0.193
0.115
0.19
0.207
0.285
0.055
0.244
0.294
0.215
0.332
0.245
0.134
0.246
0.249
0.185
0.245
0.218
0.047
0.24
0.195
0.2
0.143
0.21
0.228
0.248
0.177
0.167
0.195
0.218
0.256
0.223
0.209
0.174
0.213
0.176
0.25
0.132
0.212
0.254
0.246
0.186
0.099
0.213
0.202
0.249
0.045
0.247
0.243
0.27
0.286
0.191
0.088
0.243
-0.012
0.341
0.286
0.158
0.256
0.219
0.251
0.23
0.063
0.335
0.308
0.051
0.279
0.157
0.267
0.192
0.114
0.312
0.279
0.229
0.236
0.316
0.153
0.208
0.215
0.121
0.179
0.073
0.175
0.122
0.175
0.23
0.306
0.308
0.241
0.224
0.12
0.187
0.118
0.253
0.176
0.133
0.084
0.236
0.192
0.208
0.23
0.202
0.218
0.292
0.051
0.217
0.235
0.276
0.027
0.186
0.26
0.257
0.124
0.145
0.121
-0.009
0.245
0.262
0.177
0.235
0.059
0.018
0.12
0.213
0.093
0.089
0.352
0.153
0.186
0.075
0.27
0.25
0.205
0.267
0.281
0.266
0.327
0.176
0.175
0.156
0.255
0.31
0.25
0.142
0.223
0.198
0.297
0.209
0.232
0.133
0.191
0.199
0.233
0.166
0.231
0.067
0.219
0.067
0.199
0.268
0.043
0.232
0.176
0.148
0.27
0.254
0.043
-0.007
0.188
-0.002
0.238
0.2
0.246
0.196
0.184
0.102
0.057
0.012
0.233
0.002
0.281
0.241
0.132
0.241
0.05
0.341
0.037
0.177
0.232
0.18
0.2
0.147
0.001
0.125
0.077
0.28
0.014
0.258
0.193
0.302
0.192
0.073
0.252
0.331
0.211
0.214
0.093
0.189
0.135
0.211
0.092
0.19
0.152
0.25
0.214
0.252
0.183
0.111
0.269
0.212
-0.012
0.09
0.214
0.152
0.187
0.182
0.155
0.247
0.077
0.255
0.194
0.306
0.239
0.017
0.169
0.214
0.061
0.183
0.113
0.187
0.168
0.192
0.246
0.263
0.301
-0.036
0.129
0.175
0.229
0.086
0.21
0.113
0.209
0.21
0.284
0.196
0.168
0.338
0.224
0.169
0.231
0.058
0.141
0.136
0.164
0.348
0.165
0.089
0.194
0.294
0.188
0.073
0.225
0.236
0.156
0.017
0.107
0.097
0.219
0.203
0.146
0.156
0.263
0.071
0.111
0.244
0.281
0.137
0.11
0.184
0.318
0.113
0.104
0.217
0.268
0.049
0.216
0.205
0.249
0.235
0.308
0.284
0.252
0.176
0.21
0.248
0.249
0.176
0.163
0.196
0.198
0.246
0.099
0.182
0.037
0.086
0.261
0.109
0.149
0.144
0.287
0.223
0.19
0.196
0.089
0.166
0.202
0.183
0.174
0.155
0.196
0.166
0.165
0.246
0.114
0.226
0.205
0.182
0.253
0.108
0.186
0.181
0.072
0.012
0.048
0.144
0.235
0.14
0.004
0.228
0.286
0.086
0.241
0.296
0.185
0.269
0.158
0.311
0.18
0.126
0.244
-0.032
0.276
0.281
0.107
0.045
0.217
0.296
0.18
0.316
0.244
0.306
0.259
0.267
0.171
0.02
0.307
0.036
0.119
0.166
0.236
0.189
0.2
0.146
0.218
0.273
0.283
0.211
0.179
-0.041
0.198
0.273
0.219
0.066
0.18
0.07
0.22
0.19
0.234
0.257
0.045
0.232
0.193
0.113
0.296
0.191
0.26
0.214
0.245
0.135
0.162
0.03
0.159
0.265
0.172
0.192
0.032
0.339
0.072
0.148
0.27
0.19
0.194
0.189
0.242
0.023
0.283
0.308
0.016
0.122
0.194
0.197
0.173
0.035
0.148
0.192
0.213
0.226
0.216
0.176
0.256
0.259
0.143
0.252
0.143
0.054
0.28
0.142
0.199
0.167
0.236
0.215
0.164
0.146
0.108
0.112
0.103
0.25
0.147
0.081
0.031
0.29
0.248
0.156
0.271
0.147
0.137
0.269
0.108
0.311
0.188
0.127
0.254
0.186
0.208
0.17
0.222
0.215
0.153
0.148
0.124
0.173
0.037
0.143
0.194
0.185
0.246
0.201
0.231
0.319
0.249
0.344
0.235
0.193
0.023
0.113
0.084
0.284
0.236
0.192
0.239
0.119
0.272
0.182
0.275
0.196
0.281
0.234
0.233
0.248
0.148
0.266
0.077
0.195
0.223
0.166
0.176
0.242
0.232
0.015
0.045
0.27
0.229
0.212
0.168
0.191
0.217
0.078
0.254
0.26
0.224
0.329
0.174
0.185
0.316
0.232
0.105
0.149
0.194
0.222
0.129
0.17
0.2
0.126
0.226
-0.042
0.144
0.234
0.231
0.205
0.198
0.065
0.145
0.167
0.252
0.181
0.041
0.199
0.064
0.263
0.161
0.259
0.232
0.326
0.304
0.258
0.225
0.266
0.204
0.147
0.178
0.198
0.179
0.223
0.036
0.254
0.029
0.23
-0.014
0.098
0.238
0.002
0.219
0.089
0.276
0.143
0.214
0.166
0.221
0.256
0.139
0.262
0.265
0.081
0.17
0.244
0.27
0.225
0.096
0.293
0.306
0.076
0.21
0.202
0.329
0.317
0.08
0.163
0.168
0.256
0.301
0.236
0.186
0.243
0.063
0.239
0.203
0.169
0.233
0.1
0.32
0.186
0.202
0.094
0.229
0.122
0.182
0.128
0.049
0.152
0.011
0.252
0.225
0.25
0.077
0.23
0.087
0.301
0.246
0.1
0.201
0.19
0.182
0.179
0.199
0.116
0.194
0.227
0.205
0.307
0.055
0.087
0.303
0.047
0.282
0.295
0.08
0.184
0.261
0.205
0.164
0.233
0.237
0.259
0.22
-0.012
0.297
0.233
0.169
0.194
0.066
0.177
0.141
0.211
0.193
0.188
0.088
0.258
0.31
0.272
0.25
0.259
0.205
0.256
0.192
0.315
0.274
0.271
0.174
0.282
0.272
0.21
0.27
0.142
0.319
0.242
0.238
0.359
0.189
0.057
0.252
0.227
0.341
0.186
0.224
0.238
0.193
0.32
0.334
0.23
0.23
0.254
0.017
0.261
0.1
0.286
0.132
0.113
0.163
0.246
0.174
0.305
0.139
0.258
0.24
0.035
0.199
0.282
0.156
0.19
0.286
0.082
0.102
0.129
0.259
0.261
0.218
0.031
0.256
0.213
0.232
0.242
0.151
0.203
0.206
0.161
0.145
0.227
0.134
0.142
0.056
0.295
0.193
0.257
0.238
0.171
0.178
0.128
0.273
0.237
0.24
0.158
0.276
0.239
0.229
-0.033
0.208
0.202
0.291
0.189
0.275
0.233
0.182
0.194
0.264
0.166
0.275
0.127
0.043
0.051
0.13
0.155
0.161
0.026
0.255
0.134
0.178
0.123
0.209
0.257
0.361
0.182
0.203
0.107
0.11
0.158
0.325
0.222
0.264
0.279
0.122
0.208
0.215
0.322
0.18
0.11
0.33
0.037
0.198
0.218
0.236
0.134
0.092
0.172
0.313
0.26
0.244
0.151
0.2
0.289
0.181
0.241
0.056
0.219
0.187
0.122
0.119
0.293
0.259
0.299
0.191
0.185
0.252
0.067
0.198
0.237
0.144
0.172
0.212
0.159
0.237
0.195
0.248
0.138
0.306
0.27
0.004
0.234
0.186
0.233
0.158
0.279
0.277
0.169
0.164
0.129
0.179
0.268
0.076
0.221
0.005
0.194
0.077
0.258
0.261
0.27
0.281
0.243
0.202
0.146
0.114
0.223
0.165
0.097
0.216
0.171
0.044
0.192
0.058
0.198
0.145
0.22
0.237
0.162
0.097
0.188
0.213
0.239
0.17
0.191
0.171
0.179
0.15
0.035
0.21
0.186
0.172
0.207
0.192
0.223
0.183
0.357
0.129
0.235
0.108
0.22
0.33
0.28
0.068
0.364
-0.005
0.215
0.24
0.222
0.064
0.276
0.175
0.165
0.155
0.201
0.018
0.225
0.252
0.268
0.197
0.093
0.067
0.05
0.133
0.152
0.208
0.253
0.18
0.199
0.201
0.297
0.176
0.162
0.218
0.16
0.25
0.244
0.348
0.176
0.272
0.194
0.175
0.249
0.106
0.164
0.303
0.194
-0.004
0.203
0.177
0.181
0.259
0.2
0.199
0.017
0.159
0.231
0.106
0.188
0.226
0.168
0.107
0.169
0.22
0.009
0.044
0.215
0.241
0.243
0.228
0.241
0.281
0.268
0.2
0.025
0.238
0.145
0.083
0.213
0.168
0.164
0.216
0.292
0.288
0.151
0.24
0.181
0.166
0.317
0.208
0.105
0.238
0.223
0.193
0.23
0.319
0.188
0.199
0.071
0.173
0.224
0.248
0.043
-0.042
0.145
0.032
0.188
0.285
-0.021
0.166
0.209
0.199
0.236
0.25
0.25
0.224
0.202
0.187
0.257
0.1
0.108
0.286
0.119
0.058
0.172
0.125
0.011
0.343
0.262
0.237
0.226
0.175
0.154
0.293
0.291
0.12
0.175
0.05
0.222
0.152
0.142
0.262
0.17
0.274
0.199
0.05
0.214
0.199
0.291
0.119
0.076
0.124
0.05
0.143
0.165
0.053
0.284
0.167
0.231
0.147
0.202
0.28
0.102
0.032
0.171
0.144
0.238
0.149
0.185
0.175
0.081
0.248
0.186
0.172
0.231
0.276
0.134
0.22
0.361
0.231
0.217
0.357
0.206
0.252
0.121
0.269
0.231
0.148
0.299
0.164
0.288
0.193
0.247
0.308
0.138
0.236
0.055
0.132
0.021
0.166
0.279
0.208
0.276
0.063
0.1
0.138
0.147
0.328
0.131
0.222
0.182
0.205
0.114
0.301
0.137
0.117
0.201
0.227
0.172
0.181
0.24
0.398
0.262
0.31
0.188
0.151
0.326
0.24
0.286
0.26
0.311
0.082
0.237
0.135
0.212
0.177
0.116
0.272
0.247
0.263
0.295
0.247
0.221
0.12
0.15
0.077
0.224
0.179
0.059
0.211
0.121
0.22
-0.013
0.158
0.022
0.284
0.034
-0.006
0.287
0.255
0.21
0.032
0.116
0.216
0.193
0.311
0.249
0.031
0.244
0.01
0.132
0.2
0.182
0.209
0.086
0.279
0.053
0.171
0.305
0.279
0.095
0.064
0.238
0.299
0.173
0.139
0.195
0.212
-0.012
0.167
0.177
0.095
0.018
-0.019
0.132
0.043
0.234
0.294
0.145
0.152
0.057
0.299
0.15
0.173
0.042
0.194
0.063
0.272
0.18
0.158
0.015
0.289
0.018
0.203
0.182
0.197
0.183
0.141
0.209
0.131
0.334
0.243
0.148
0.087
0.071
0.266
0.203
0.15
0.28
0.262
0.332
0.237
0.184
0.17
0.245
0.205
0.134
0.171
0.365
0.193
0.154
0.18
0.005
0.29
0.21
0.239
0.205
0.212
0.166
0.166
0.253
0.243
0.181
0.24
0.291
0.126
0.117
0.063
0.012
0.208
0.222
0.252
0.134
0.294
0.222
0.141
0.241
0.121
0.187
0.229
0.179
0.198
0.2
0.134
0.364
0.023
0.06
0.189
0.222
0.168
0.347
0.242
0.233
0.039
0.123
0.178
0.099
0.287
0.076
0.203
0.299
0.159
0.273
-0.06
0.17
0.265
0.311
0.19
0.043
0.118
0.236
0.135
0.222
0.125
0.089
0.288
0.076
0.107
0.121
0.163
0.111
0.18
0.153
0.17
0.192
0.028
0.222
0.108
0.221
0.224
0.054
0.239
0.315
0.074
0.092
0.076
0.214
0.259
0.114
0.243
0.055
0.13
0.27
0.136
0.345
0.299
0.238
0.252
0.031
0.33
0.266
0.273
0.253
0.097
0.194
0.187
0.242
0.218
0.015
0.108
0.232
0.135
0.249
0.24
0.076
0.147
0.272
0.31
0.277
0.247
0.241
0.21
0.06
0.222
0.005
0.177
0.297
0.206
0.311
0.063
0.164
0.061
0.278
0.021
0.119
0.108
0.243
0.126
0.279
0.152
0.284
0.189
-0.055
0.225
0.24
0.306
0.309
0.111
0.224
0.176
0.22
0.236
0.292
0.242
0.263
0.198
0.144
0.039
0.206
0.144
0.028
0.029
0.213
0.119
0.138
0.122
0.174
0.158
0.185
0.238
-0.001
0.266
0.182
0.105
0.046
0.186
0.162
0.322
0.205
0.198
0.036
0.28
0.225
0.198
0.216
0.171
0.202
0.162
0.153
0.311
0.258
0.179
0.23
0.298
-0.015
0.281
0.223
0.234
0.06
0.187
0.268
0.232
0.103
0.206
0.298
0.112
0.16
0.158
-0.027
0.032
0.305
0.207
0.256
0.047
0.189
0.237
0.124
0.189
0.23
0.209
0.272
0.292
0.081
0.205
0.212
0.212
0.222
0.101
0.034
0.237
0.23
0.253
0.252
0.223
0.162
0.222
0.197
0.221
0.196
0.198
0.304
0.183
0.304
0.049
0.182
0.213
0.207
0.237
0.119
0.087
0.232
0.164
0.136
0.106
0.116
0.257
0.167
0.108
0.198
0.142
0.25
0.226
0.169
0.072
0.189
0.079
0.173
0.169
0.007
0.123
0.171
-0.003
0.214
0.269
0.354
0.273
0.282
0.188
0.214
0.271
0.201
0.187
0.157
0.137
0.171
0.205
0.19
0.256
0.26
0.154
0.246
0.155
0.284
0.253
0.217
0.181
0.276
0.263
0.183
0.214
0.099
0.101
0.174
0.084
0.182
0.233
0.175
0.212
0.244
0.123
0.184
0.184
0.306
0.306
0.227
0.269
0.148
0.26
0.173
0.262
0.091
0.038
0.252
0.036
0.234
0.135
0.193
0.331
0.217
0.048
0.294
0.074
0.098
0.055
0.125
0.096
0.11
0.185
0.3
0.282
0.221
0.219
0.186
0.184
0.166
0.053
0.222
0.125
0.051
0.261
0.089
0.221
0.054
0.178
0.129
0.174
0.217
0.253
0.246
0.272
0.172
0.192
0.259
0.064
0.078
0.226
0.172
0.249
0.188
0.247
0.208
0.217
0.199
0.006
-0.022
0.263
0.272
0.196
0.269
0.171
0.124
0.233
0.149
0.083
0.206
0.205
0.051
0.248
0.171
0.294
0.106
0.016
0.196
0.126
0.239
-0.007
0.181
0.153
0.201
0.202
0.091
0.264
0.195
0.173
0.157
0.223
0.172
0.06
0.073
0.273
0.197
0.182
0.08
0.268
0.014
0.238
0.169
0.216
0.225
0.207
0.215
0.029
-0.03
0.206
0.225
0.091
0.238
0.197
0.248
0.248
0.252
0.244
0.176
0.183
0.054
0.286
0.187
0.187
0.222
0.234
0.109
0.106
0.154
0.078
0.089
0.065
0.284
0.147
0.106
0.213
0.28
0.117
0.262
0.284
0.362
0.286
0.048
0.092
0.142
0.247
0.219
0.043
0.127
0.08
0.187
-0.016
0.202
0.031
0.287
0.197
0.15
0.333
0.273
0.176
0.038
0.053
0.197
0.188
0.112
0.037
0.193
0.062
0.266
0.01
0.173
0.108
0.024
0.177
0.221
0.254
0.161
0.08
0.269
0.163
0.204
0.126
0.288
0.213
0.252
0.068
0.168
0.184
0.177
0.262
0.311
0.1
0.195
0.203
0.211
0.302
0.164
0.189
0.218
0.148
0.171
0.119
0.322
0.247
0.033
0.15
0.026
0.087
0.131
0.167
0.304
0.235
0.173
0.263
0.208
0.187
0.204
0.262
0.268
0.249
0.183
0.098
0.01
0.198
0.218
0.148
0.157
0.031
0.261
0.191
0.232
0.232
0.163
0.201
0.134
0.27
0.229
0.016
0.24
0.201
0.174
0.241
0.137
0.247
0.275
0.174
0.185
0.127
0.201
0.236
0.237
-0.034
0.073
0.176
0.29
0.126
0.217
0.32
0.168
0.068
0.257
0.128
0.258
0.122
0.236
0.05
0.114
0.314
0.018
0.166
0.114
0.246
0.156
0.218
0.198
0.18
0.1
-0.022
0.266
0.314
0.221
0.268
0.127
0.123
0.218
0.289
0.376
0.306
0.138
0.293
0.289
0.224
0.242
0.063
0.246
0.001
0.283
0.252
0.225
0.155
0.193
0.224
0.024
0.054
0.154
0.281
0.042
0.201
0.171
0.224
-0.018
-0.007
0.178
0.267
0.392
0.153
0.232
0.173
0.238
0.105
0.222
0.065
0.253
0.152
0.297
-0.029
0.31
0.136
0.043
0.126
0.016
0.294
0.216
0.042
0.188
0.245
0.072
0.315
0.234
0.272
0.171
0.154
0.192
0.185
0.06
0.247
0.151
0.057
0.089
0.123
0.047
0.016
0.322
0.285
0.243
0.242
0.254
0.249
0.221
0.177
0.016
0.151
0.313
0.03
0.205
0.228
0.242
0.187
0.207
0.246
0.09
0.183
0.248
0.294
0.188
0.044
0.29
0.252
0.02
0.198
0.019
0.047
0.252
0.252
0.267
0.168
0.225
0.114
0.314
0.075
0.179
0.156
0.329
0.181
0.244
0.241
0.192
0.018
0.178
0.057
0.182
0.256
0.333
0.167
0.292
0.186
0.214
0.161
0.213
0.29
0.223
0.296
0.129
0.214
0.158
0.218
0.286
0.205
0.274
0.233
0.074
0.14
0.123
0.143
0.061
0.052
0.095
0.017
0.177
0.295
0.173
0.178
0.226
0.153
0.211
0.252
0.33
0.166
0.279
0.174
-0.008
0.071
0.195
0.252
0.195
0.218
0.049
0.147
0.1
0.17
0.314
0.176
0.209
0.21
0.184
0.129
0.225
0.172
0.248
0.113
0.124
0.17
0.126
0.12
0.234
0.321
0.064
0.221
0.283
0.085
0.295
0.182
0.247
0.229
0.198
0.275
0.303
0.249
0.146
0.179
0.227
0.224
0.256
0.285
0.246
0.113
0.266
0.217
0.236
0.21
0.028
0.323
0.347
0.07
0.343
0.166
0.151
0.2
0.209
0.265
0.089
0.206
0.228
0.278
0.19
0.159
0.21
0.198
0.199
0.155
0.288
0.179
0.241
0.111
0.232
0.177
0.269
0.063
0.307
0.133
0.162
0.186
0.305
0.282
0.243
0.231
0.258
0.22
0.192
0.229
0.181
0.185
0.018
0.233
0.277
0.107
0.257
0.086
0.275
0.298
0.243
0.256
0.176
0.055
0.202
0.2
0.068
0.121
0.143
0.284
0.184
0.146
0.164
0.223
0.038
0.106
0.272
0.261
0.196
0.193
0.114
0.252
0.034
0.194
0.175
0.053
0.245
0.139
0.226
0.296
0.034
0.117
0.213
0.274
0.047
0.302
0.21
0.26
0.201
0.325
0.297
0.054
0.1
0.06
0.204
0.064
0.213
0.031
0.222
0.204
0.199
0.211
0.059
0.267
0.212
0.15
0.183
0.245
0.225
0.256
0.219
-0.01
0.175
0.252
0.05
0.025
-0.016
0.226
0.147
0.329
0.22
0.223
0.05
0.231
0.103
0.233
0.19
0.218
0.204
0.18
0.321
0.199
0.221
0.045
0.245
0.172
0.329
0.232
0.261
0.183
0.17
0.22
0.224
0.169
0.277
0.245
0.095
0.224
0.241
0.22
0.166
0.024
0.248
0.232
0.076
0.018
0.157
0.234
0.072
0.231
0.209
0.216
0.273
0.129
0.218
0.142
0.199
0.124
0.142
0.084
0.182
0.279
0.286
0.32
0.066
0.187
0.244
0.17
0.186
0.166
0.109
0.334
0.3
0.069
0.138
0.302
0.246
0.083
0.258
0.04
0.055
0.194
0.205
0.172
0.189
0.031
0.012
0.302
0.167
0.224
0.301
0.179
0.173
0.216
0.239
0.051
0.07
0.126
0.327
0.177
0.188
0.171
0.292
0.227
0.263
0.342
0.105
0.263
0.107
0.071
0.249
0.204
0.227
0.193
0.33
0.134
0.133
0.26
0.202
0.164
0.157
0.237
0.222
0.07
0.029
0.247
0.093
0.225
0.179
0.09
0.138
0.257
0.165
0.227
0.166
0.185
0.293
0.146
0.236
0.143
0.162
0.3
0.21
0.173
0.17
0.147
0.221
0.169
0.072
0.25
0.201
0.242
0.001
0.24
0.139
0.293
0.163
0.211
0.18
0.179
0.309
0.126
0.327
0.311
0.188
0.153
0.301
0.175
0.147
0.269
0.266
0.249
0.228
0.206
0.198
0.115
0.333
0.308
0.246
0.284
0.202
0.202
0.236
0.105
0.17
0.273
0.21
0.163
0.246
0.166
0.169
0.285
0.176
0.135
0.262
0.061
0.243
0.208
0.099
0.204
0.217
0.164
0.208
0.014
0.106
0.174
0.167
0.128
0.162
0.268
0.097
0.084
0.2
0.188
0.254
0.175
0.191
0.136
0.063
0.212
0.133
0.246
0.175
0.266
0.298
0.073
0.229
0.22
0.058
0.209
0.016
0.306
0.205
0.035
0.362
0.2
0.136
0.232
0.192
0.134
0.157
0.331
0.188
0.071
0.118
0.053
0.182
0.282
0.262
0.193
-0.003
0.14
0.111
0.167
0.223
0.236
0.144
0.268
0.233
0.15
0.237
0.127
-0.001
0.239
0.147
0.143
0.141
0.189
0.239
0.213
0.252
0.315
0.287
0.182
0.331
0.268
0.301
0.277
0.241
0.274
0.15
0.19
0.252
0.174
0.236
0.014
0.216
0.243
0.275
0.046
0.162
0.029
0.224
0.203
0.179
0.11
0.272
0.195
0.233
0.077
0.121
0.399
0.138
0.191
0.319
0.163
0.054
0.179
0.263
0.175
0.197
0.186
0.097
0.131
0.249
0.174
0.197
0.279
0.233
0.183
0.157
0.071
0.155
0.249
0.291
0.25
0.279
0.162
0.232
0.283
0.109
0.269
0.187
0.175
0.161
0.242
0.317
0.107
0.17
0.059
0.309
0.058
0.273
0.145
0.336
0.257
0.245
0.317
0.165
0.175
0.185
0.291
0.259
0.208
0.248
0.159
0.268
0.168
0.308
0.092
0.221
0.268
0.289
0.147
0.282
0.195
-0.051
0.055
0.055
0.046
0.236
0.187
0.174
0.289
0.223
0.154
-0.035
0.199
0.186
0.28
0.064
0.147
0.244
0.214
0.208
0.193
0.176
0.143
0.09
0.173
0.188
0.235
0.069
0.183
0.198
0.168
0.019
0.224
0.228
0.329
0.259
0.154
0.237
0.198
0.144
0.17
0.22
0.105
0.231
0.223
0.163
0.162
0.272
0.3
0.065
0.005
0.212
0.218
0.042
0.225
0.244
0.33
0.266
0.237
0.079
0.165
0.269
0.181
0.095
0.178
0.214
0.207
0.194
0.265
0.287
0.156
0.246
0.07
0.218
0.239
0.266
0.266
0.205
0.164
0.194
0.15
0.099
0.253
0.31
0.173
0.012
0.232
0.249
0.113
0.173
0.293
0.176
0.226
0.195
0.124
0.291
0.188
0.26
0.264
0.252
0.219
0.249
0.193
0.092
0.307
0.237
0.053
0.147
0.106
0.056
0.246
0.242
0.314
0.215
0.066
0.29
0.213
0.265
0.159
0.321
0.24
0.276
0.192
0.071
0.193
0.125
0.139
0.038
0.228
0.179
0.194
0.26
0.243
0.202
0.163
0.1
0.165
0.189
0.092
0.24
0.03
0.071
0.253
0.25
0.206
0.168
0.12
0.236
0.179
0.066
0.218
0.133
0.325
0.23
0.209
0.215
0.153
0.235
0.043
0.234
0.235
0.206
0.171
0.241
0.281
0.11
0.124
0.043
0.157
0.171
0.07
0.283
0.267
0.265
0.23
0.076
0.161
0.22
0.203
0.186
0.024
0.176
0.366
0.184
0.171
0.226
0.172
0.124
0.188
0.129
0.2
0.331
0.201
0.345
0.179
0.225
0.213
0.088
0.338
0.053
0.088
0.164
0.201
0.15
0.146
0.169
0.138
0.277
0.183
0.254
0.243
0.251
0.055
0.071
0.199
0.164
0.17
0.356
0.181
0.174
0.182
0.251
0.203
0.214
0.267
0.068
0.332
0.236
0.182
0.05
0.105
0.174
0.156
0.17
0.206
0.215
0.24
0.24
0.021
0.234
0.037
0.257
0.115
0.045
0.035
0.14
0.199
0.178
0.271
0.188
0.197
0.148
0.213
0.201
0.16
0.224
0.196
0.18
0.198
0.011
0.152
0.11
0.312
0.225
0.238
0.09
0.024
0.246
0.202
0.031
0.028
0.177
0.198
0.174
0.225
0.074
0.154
0.259
0.268
0.06
0.349
0.206
0.024
0.218
0.109
0.294
0.102
-0.033
0.203
0.135
0.214
0.179
0.22
0.265
0.15
0.239
0.174
-0.009
0.282
0.299
0.257
0.256
0.086
0.228
0.103
0.216
0.115
0.241
0.234
0.326
0.298
0.212
0.026
0.201
0.235
0.186
0.295
0.265
0.212
0.258
0.231
0.088
0.099
0.186
0.152
0.105
0.179
0.14
0.293
0.224
0.016
0.246
0.072
0.329
0.215
0.215
0.133
0.313
0.307
0.19
0.31
0.285
0.104
0.128
0.171
0.096
0.258
0.371
0.159
0.22
0.015
0.212
0.268
0.142
0.113
0.286
0.163
0.233
0.191
0.002
-0.03
0.209
0.081
0.326
0.107
0.138
0.201
0.203
0.232
0.136
0.272
0.226
0.24
0.313
0.233
0.153
0.074
0.238
0.258
0.265
0.139
0.16
0.173
0.169
0.21
0.183
0.277
0.052
0.131
0.095
0.025
0.192
0.232
0.257
0.09
0.025
0.164
0.246
0.183
0.184
0.06
0.229
0.192
0.02
0.245
0.247
0.289
0.168
0.225
0.233
0.095
0.307
0.244
0.037
0.184
0.219
0.336
0.165
0.264
0.253
0.222
0.134
0.07
0.304
0.294
0.24
0.296
0.142
0.222
0.179
0.149
0.199
0.291
0.172
0.129
0.241
0.201
0.239
0.286
0.22
0.183
0.101
0.225
0.205
0.266
0.182
0.233
0.271
0.156
0.139
0.29
0.248
0.19
0.244
0.251
0.14
0.21
0.224
0.21
-0.019
0.091
0.16
0.263
0.198
0.202
0.168
0.318
0.05
0.056
0.171
0.226
0.236
0.182
0.129
0.19
0.233
0.286
0.036
0.212
0.064
0.055
0.18
0.259
0.332
0.084
0.122
0.257
0.172
0.193
0.152
0.348
0.2
0.24
0.175
0.219
0.336
0.081
0.222
0.229
0.094
0.12
0.338
0.263
0.232
0.238
0.066
0.183
0.302
0.026
0.344
0.15
0.106
0.156
0.297
0.094
0.23
0.155
0.109
0.15
0.069
0.11
0.252
0.216
0.116
0.206
0.065
0.259
0.209
-0.017
0.205
0.252
0.352
0.286
0.218
0.202
0.22
0.358
0.227
0.218
0.109
0.117
0.267
0.133
0.219
0.179
0.223
0.019
0.062
0.254
0.237
0.253
0.25
0.181
0.252
0.25
0.158
0.147
0.194
0.195
0.195
0.116
0.174
0.239
0.221
0.212
0.266
0.288
0.245
0.194
0.187
0.156
0.208
0.219
0.214
0.355
0.2
0.021
0.138
0.24
0.11
0.148
0.219
0.23
0.157
0.167
0.283
0.09
0.065
0.245
0.259
0.339
0.29
0.133
0.069
0.182
0.252
0.122
0.022
0.272
0.171
0.142
0.1
0.213
0.271
0.273
0.397
0.218
0.275
0.212
0.124
0.119
0.274
0.051
0.248
0.264
0.248
0.252
0.252
0.139
0.192
0.283
0.3
0.231
0.133
0.3
0.255
0.176
0.02
0.182
0.193
0.164
0.212
0.178
0.132
0.153
0.037
-0.004
0.21
0.031
0.294
0.113
0.221
0.06
0.237
0.195
0.256
0.195
0.082
0.232
0.013
0.357
0.329
0.197
0.202
0.213
0.223
0.133
0.134
0.158
0.304
0.239
0.28
0.195
0.042
-0.031
0.105
0.222
0.227
0.124
0.091
0.359
0.055
0.202
0.153
0.252
0.042
0.075
0.209
0.108
0.199
0.306
0.335
0.33
0.057
0.274
0.008
0.16
0.274
0.228
0.126
0.274
0.176
0.125
0.222
0.19
0.16
0.22
0.271
0.042
0.078
0.196
0.263
0.07
0.205
0.137
0.048
0.2
0.194
0.173
0.037
0.264
0.224
0.22
0.23
0.197
0.086
0.192
0.066
0.078
0.258
0.308
0.173
0.219
0.203
0.267
-0.046
0.191
0.316
0.274
0.125
0.241
0.346
0.174
0.121
0.231
0.077
0.148
0.27
0.158
0.153
0.233
0.237
0.172
0.239
0.175
0.258
0.224
0.166
0.242
0.178
0.168
0.223
0.224
0.21
0.205
0.293
0.247
0.192
0.249
0.207
0.278
0.152
0.24
0.183
0.16
0.202
0.234
0.054
0.086
0.25
0.294
0.159
0.299
0.22
0.209
0.193
0.238
0.209
0.195
0.217
0.058
0.232
0.255
0.249
0.22
0.162
0.149
0.184
0.253
0.263
0.224
0.014
0.171
0.25
0.109
0.085
0.217
0.183
0.19
0.285
0.25
0.217
0.203
0.199
0.206
0.19
0.321
0.156
0.175
0.227
0.2
0.193
0.229
0.19
0.263
0.103
0.157
0.059
0.06
0.224
0.244
0.089
0.177
0.108
0.199
0.023
0.079
0.269
0.026
0.116
0.183
0.241
0.258
0.248
0.217
0.035
0.15
0.062
0.102
0.079
0.192
0.222
0.173
0.329
0.031
0.202
0.313
0.268
0.175
0.258
0.258
0.176
0.028
0.043
0.273
0.049
0.168
0.211
0.23
0.204
0.234
0.208
0.369
0.213
0.223
0.18
0.22
0.188
0.193
0.037
0.23
0.258
0.293
0.246
0.294
0.145
0.249
0.154
0.223
0.224
0.031
0.203
0.206
0.285
0.209
0.111
0.089
0.215
0.272
0.25
0.198
0.249
0.139
0.118
0.103
0.247
0.207
0.305
0.125
0.171
0.115
0.2
0.232
0.15
0.259
0.041
0.208
0.294
0.17
0.331
0.207
0.121
0.237
0.044
0.052
0.236
0.147
0.255
0.028
0.241
0.299
0.267
0.098
0.087
0.288
0.222
0.317
0.225
0.096
0.001
0.264
0.199
0.147
0.187
0.09
0.234
0.0
0.301
0.219
0.066
0.257
0.106
0.243
0.19
0.267
0.253
0.235
0.211
0.171
0.211
0.222
0.164
0.156
0.165
0.048
0.251
0.212
0.202
0.263
0.31
0.264
0.247
0.13
0.111
0.227
0.32
0.252
0.267
0.293
0.127
0.254
0.121
0.172
0.226
0.265
0.333
0.044
0.319
0.232
0.154
0.066
0.201
0.251
0.195
0.183
0.267
0.084
0.288
0.162
0.201
0.212
0.193
0.163
0.232
0.24
0.163
0.239
0.183
0.188
0.236
0.232
0.042
0.235
0.213
0.172
0.208
0.235
0.127
0.047
0.216
0.015
0.067
0.269
0.206
0.17
-0.021
0.161
0.172
0.141
0.199
0.22
-0.001
-0.003
0.239
0.21
0.224
0.207
0.15
0.241
0.249
0.205
0.05
0.209
0.163
0.178
0.211
0.216
0.068
0.255
0.207
0.249
0.232
0.305
-0.021
0.183
0.268
0.123
0.221
0.103
0.166
0.107
0.161
0.256
0.031
0.141
0.132
0.183
0.293
0.351
0.27
0.194
0.218
0.312
0.05
0.21
0.201
0.158
0.1
0.346
0.104
0.175
0.229
0.193
0.25
0.153
0.146
0.172
0.278
0.178
0.091
0.198
0.247
0.254
-0.027
0.396
0.215
0.163
0.17
0.199
0.274
0.193
0.244
0.135
0.263
0.158
0.08
0.003
0.158
0.241
0.212
0.286
0.037
0.013
-0.013
0.048
0.305
0.112
-0.004
0.107
0.147
0.023
0.145
0.125
0.227
0.147
0.3
0.296
0.069
0.25
0.126
0.182
0.176
0.128
0.162
0.23
0.22
0.209
0.035
0.165
0.324
0.169
0.209
0.212
0.275
0.229
0.138
0.295
0.199
0.147
0.108
0.194
0.232
0.246
0.193
0.121
0.311
0.051
0.215
0.018
0.133
0.109
0.098
0.173
0.262
0.186
0.293
0.245
0.146
0.189
0.116
0.228
0.182
0.18
0.155
0.215
0.216
0.128
0.14
0.196
0.199
0.204
0.209
0.203
0.114
0.182
0.257
0.193
0.165
0.141
0.193
0.207
0.06
0.141
0.196
0.267
0.122
0.236
0.228
0.061
0.236
0.181
0.218
0.273
0.202
0.035
0.136
0.176
0.269
0.048
0.1
0.325
0.28
0.211
0.229
0.315
0.156
0.201
0.043
0.275
0.226
0.211
0.184
0.283
0.108
0.198
0.188
0.208
0.199
0.2
0.243
0.037
0.178
-0.049
0.062
0.015
0.097
0.299
0.301
0.142
0.066
0.164
0.18
0.276
0.25
0.287
0.189
0.082
0.182
0.187
0.199
0.034
0.343
0.088
0.127
0.27
0.201
0.256
0.334
0.313
0.23
0.129
0.094
0.252
0.244
0.398
0.31
0.163
0.263
0.193
0.196
0.266
0.061
0.24
0.112
0.236
0.12
0.044
0.126
0.244
0.233
0.219
0.136
0.167
-0.012
0.287
0.261
0.239
0.152
0.341
0.139
0.292
0.185
0.209
0.208
0.216
0.244
0.275
0.217
0.019
0.155
0.292
0.31
0.169
0.137
0.024
0.183
0.181
0.199
0.147
0.232
0.306
0.175
0.207
0.265
0.009
0.037
0.182
0.249
0.139
0.2
0.221
0.256
0.226
0.107
0.194
0.226
0.088
0.192
0.194
0.264
-0.031
0.245
0.288
0.174
0.306
0.231
0.086
0.179
0.195
0.301
0.304
0.163
0.195
0.134
0.148
0.061
0.234
0.219
0.243
0.13
0.154
0.138
0.033
0.22
0.303
0.235
0.137
0.107
0.22
0.249
0.196
0.24
0.178
0.103
0.115
0.277
0.202
0.266
0.166
0.023
0.22
0.219
0.284
0.239
0.233
0.054
0.189
0.145
0.199
0.091
0.252
0.034
0.176
0.168
0.161
0.235
0.265
0.254
0.08
0.054
0.217
0.131
0.243
0.048
0.173
0.097
0.244
0.208
0.243
0.122
0.233
0.296
0.173
0.191
0.195
0.314
0.003
0.15
0.225
0.2
0.169
0.239
0.167
0.164
0.063
0.15
0.275
0.238
0.278
-0.021
0.262
0.188
0.255
0.046
0.253
0.22
0.139
0.173
0.052
0.271
0.167
0.386
0.006
0.085
0.182
0.214
0.193
0.23
0.255
0.094
0.144
0.057
0.07
0.374
0.227
0.203
0.085
0.202
0.169
0.035
0.217
0.262
0.163
0.311
0.208
0.305
0.151
0.199
0.261
0.081
0.226
-0.014
0.317
0.21
0.242
0.152
0.069
0.253
0.293
0.045
0.217
0.283
0.086
0.222
0.067
0.16
0.173
0.278
0.268
0.165
0.336
0.191
0.288
0.182
0.097
0.239
0.259
0.343
0.3
0.104
0.209
0.236
0.144
0.21
0.177
0.162
0.294
0.232
0.297
0.214
0.075
0.276
0.093
0.172
-0.019
0.257
0.177
0.276
0.131
0.284
0.218
0.197
0.23
0.32
0.065
0.055
0.035
0.208
0.138
0.21
0.043
0.222
0.267
0.216
0.215
0.181
0.175
0.218
0.226
0.205
0.186
0.093
0.108
0.069
0.305
0.226
0.207
0.207
0.112
0.297
0.187
0.252
0.19
0.258
0.22
0.256
0.168
0.279
0.136
0.292
0.266
0.206
0.341
0.136
0.075
0.101
0.128
0.253
0.149
0.106
0.346
0.204
0.236
0.162
0.266
0.061
0.274
0.269
0.219
0.201
0.017
0.32
0.008
0.148
0.259
0.208
0.154
0.119
0.202
0.105
0.176
0.263
0.225
0.239
0.155
0.312
0.172
0.037
0.29
0.108
0.265
0.044
0.107
0.175
0.188
0.15
0.298
0.228
0.199
0.3
0.104
0.097
0.285
0.205
0.253
0.241
0.158
0.159
0.256
0.242
0.204
0.244
0.038
0.351
0.169
0.044
0.203
0.279
0.275
0.191
0.322
0.262
0.201
0.114
0.212
0.264
0.155
0.072
0.135
0.174
0.036
0.229
0.303
0.213
0.192
0.221
0.264
0.233
0.175
0.149
0.184
0.337
0.218
0.049
0.125
0.033
0.076
0.323
0.112
0.124
0.186
0.064
0.109
0.238
0.218
0.2
0.143
0.192
0.232
0.243
0.237
0.239
0.198
0.259
0.057
0.233
0.202
0.169
0.197
0.164
0.305
0.082
0.099
0.211
0.317
0.078
0.161
0.259
0.178
0.079
0.222
0.099
0.242
0.251
0.167
0.287
0.068
0.16
0.33
0.213
0.021
0.13
0.142
0.248
0.191
0.148
0.08
0.276
0.215
0.176
0.13
0.097
0.193
0.238
0.161
0.333
0.11
0.094
0.265
0.311
0.152
0.198
0.252
0.114
0.307
0.317
0.151
0.109
0.168
0.252
0.138
0.16
0.138
0.281
0.16
0.308
0.181
0.121
0.157
0.203
0.208
0.113
0.178
0.277
0.092
0.217
0.215
0.204
0.153
0.23
0.191
0.337
0.288
0.253
0.259
0.157
0.193
0.137
0.236
0.168
0.037
0.176
0.302
0.036
0.119
0.029
0.272
0.11
0.26
0.175
0.268
0.207
0.152
0.045
0.028
0.151
0.236
0.194
0.288
0.267
0.056
0.244
0.178
0.152
0.176
0.167
0.106
0.117
0.125
0.199
0.293
0.092
0.271
0.195
0.189
0.299
0.164
0.07
0.169
0.157
0.211
0.174
0.135
0.31
0.126
0.254
0.034
0.31
0.231
0.263
0.321
0.124
0.208
0.181
-0.044
0.167
0.204
0.238
0.15
0.168
0.158
0.081
0.153
0.161
0.027
0.377
0.264
0.035
0.193
0.009
0.212
0.142
0.244
0.204
0.172
0.16
0.175
0.105
0.309
0.2
0.18
0.195
0.104
0.038
0.213
0.257
0.289
0.087
0.028
0.239
0.178
0.167
0.324
-0.012
0.249
0.018
0.099
0.165
0.039
0.071
0.084
0.203
0.015
0.089
0.269
0.223
0.108
0.244
0.254
0.233
0.248
0.222
0.094
0.196
0.22
0.159
0.291
0.025
0.234
0.128
0.355
0.18
0.172
0.242
0.107
0.252
0.255
0.044
0.133
0.22
0.269
0.136
0.215
0.132
0.184
0.115
0.247
0.082
0.109
0.062
0.308
0.187
0.134
0.177
0.2
0.217
-0.018
0.121
0.182
0.422
0.175
0.324
0.025
0.178
0.174
0.159
0.218
0.074
0.004
0.225
0.026
0.302
0.155
0.254
0.012
0.245
0.249
0.159
0.036
0.224
0.278
0.177
0.236
0.084
0.18
0.233
0.237
0.247
0.189
0.259
0.187
0.161
0.233
0.271
0.075
0.178
0.236
0.162
0.109
0.291
0.283
0.198
0.164
0.264
0.212
0.262
0.287
0.127
0.147
0.267
0.259
0.159
0.32
0.146
0.317
0.271
0.048
0.326
0.216
0.24
0.017
0.145
0.022
0.282
0.014
0.339
0.194
0.251
0.214
0.259
0.11
0.248
0.183
0.289
0.171
0.376
0.062
0.297
0.192
0.228
0.282
0.27
0.237
0.2
0.257
0.183
0.271
0.143
0.259
0.221
0.246
0.163
0.276
0.25
0.064
0.257
0.108
0.252
0.266
0.202
0.213
0.227
0.232
0.16
0.225
0.268
0.222
0.191
0.282
0.207
0.16
0.186
0.24
0.084
0.084
0.097
0.081
0.263
0.173
0.245
0.187
0.094
0.1
0.15
0.244
0.271
0.206
0.123
0.205
0.202
0.245
0.216
0.193
0.319
0.202
0.041
0.249
0.237
0.032
0.254
0.291
0.187
0.173
0.139
0.275
0.234
0.276
0.303
0.216
0.252
0.071
0.309
0.262
0.165
0.259
0.224
0.169
0.061
0.243
0.132
0.268
0.268
0.258
0.23
0.096
-0.036
0.224
0.304
0.2
0.199
0.267
0.208
0.242
0.229
0.139
0.163
0.125
0.197
0.291
0.254
0.071
0.098
0.231
0.032
0.281
0.235
0.095
0.094
0.262
0.047
0.177
0.205
0.134
0.173
0.216
0.334
0.31
0.215
0.157
0.259
0.313
0.169
0.376
0.182
0.316
0.162
0.193
0.25
0.235
0.025
0.149
0.041
0.221
0.338
0.163
0.065
0.239
0.145
0.197
0.197
0.109
0.107
0.241
0.213
0.168
0.204
0.334
0.285
0.058
0.253
0.277
0.208
0.046
0.259
0.237
0.23
0.262
0.292
0.234
0.261
0.198
0.143
0.237
0.033
0.204
0.153
0.193
0.322
0.293
0.137
0.204
0.14
0.232
0.099
0.068
0.166
0.197
0.081
0.235
0.165
0.167
0.201
0.126
0.241
-0.023
0.212
0.104
0.057
0.044
0.241
0.2
0.262
0.262
0.319
0.041
0.303
0.119
0.247
0.23
0.187
0.021
0.141
0.192
0.242
-0.009
0.087
0.297
0.218
0.265
0.225
0.081
0.253
0.186
0.178
0.167
0.233
0.286
0.193
0.188
0.1
0.249
0.068
0.154
0.272
0.077
0.089
0.037
0.043
0.185
0.114
0.176
0.178
0.336
0.177
0.108
0.194
0.261
0.058
0.319
0.168
0.174
0.263
0.033
0.16
0.099
0.318
0.021
0.123
0.183
0.189
0.125
0.162
0.007
0.257
0.252
0.226
0.148
-0.025
0.143
0.222
0.1
0.211
0.189
0.127
0.157
0.234
0.189
0.224
0.243
0.227
0.269
0.213
0.205
0.256
0.2
0.147
0.28
0.017
0.25
0.245
0.205
0.245
0.254
0.125
0.218
0.128
0.27
0.235
0.096
0.036
0.092
0.07
0.23
0.238
0.277
0.255
0.227
0.223
0.038
0.075
0.228
0.145
0.185
0.092
0.268
0.103
0.182
0.194
0.214
0.189
0.127
0.166
0.033
0.099
0.306
0.057
0.107
0.195
0.197
0.181
0.255
0.28
0.161
0.149
0.085
0.253
0.255
0.192
0.048
0.241
0.18
0.018
0.285
0.009
0.006
0.027
0.258
0.215
0.036
0.199
0.265
0.079
0.233
0.243
0.242
0.06
0.205
0.173
0.193
0.309
0.023
0.201
0.152
0.08
0.231
0.217
0.192
0.273
0.231
0.301
0.08
0.222
0.199
0.298
0.091
0.21
0.255
0.173
0.08
0.008
0.247
0.136
0.255
0.326
0.156
0.223
0.163
0.196
0.261
0.236
0.059
0.021
0.186
0.249
0.116
0.27
0.156
0.029
0.17
0.263
0.005
0.196
0.17
0.234
0.054
0.27
0.259
0.106
0.279
0.228
0.282
0.195
0.261
0.215
0.23
0.278
0.203
0.226
0.196
0.227
0.276
0.168
0.093
0.239
0.174
0.176
0.314
0.121
0.0
0.147
0.039
0.227
0.055
0.139
0.202
0.158
0.266
0.208
0.38
0.18
0.243
0.239
0.214
0.342
0.194
0.205
0.162
0.251
0.203
0.2
0.3
0.284
0.121
-0.051
0.166
0.251
0.117
0.139
0.236
0.176
0.29
0.182
0.045
0.128
0.197
0.191
0.282
0.055
0.219
0.086
0.061
0.311
0.241
0.258
0.188
0.254
0.099
0.298
0.092
0.332
0.129
0.217
0.078
0.252
0.232
0.226
0.239
0.3
0.315
0.162
0.228
0.083
0.267
0.305
0.186
0.137
0.151
0.175
0.258
0.219
0.155
-0.003
0.172
0.225
0.245
0.161
0.262
0.121
0.151
0.246
0.089
0.047
0.138
0.223
0.262
0.195
0.195
0.174
0.232
0.046
0.411
0.19
0.052
0.067
0.246
0.103
0.11
0.275
0.219
0.202
0.169
0.227
0.325
0.187
0.236
0.235
0.198
0.11
0.064
-0.013
0.299
0.005
0.164
0.188
0.267
0.199
0.288
0.241
0.191
0.271
0.193
0.2
0.254
0.294
0.241
0.265
0.23
0.068
0.131
0.306
0.276
0.206
0.176
-0.008
0.157
0.223
0.248
0.064
0.199
0.238
0.31
0.244
0.185
0.332
0.086
0.075
0.143
0.234
0.282
0.158
0.177
0.207
0.023
0.3
0.204
0.239
0.116
0.19
0.181
0.113
0.193
0.101
0.287
0.218
0.13
0.295
0.195
0.227
0.043
0.183
0.046
0.207
0.158
0.121
0.111
0.318
0.178
0.232
0.005
0.206
0.276
0.265
0.037
0.285
0.167
0.195
0.141
0.173
0.3
0.215
0.238
0.212
0.122
0.192
0.204
0.35
0.249
0.16
0.253
0.039
0.051
0.239
0.299
0.183
0.216
0.121
0.345
0.147
0.181
0.224
0.136
0.305
0.197
0.109
0.182
0.083
0.202
0.108
0.111
0.062
0.338
0.161
0.12
0.244
0.084
0.151
0.137
0.195
0.25
0.039
0.27
0.175
0.134
0.074
0.298
0.281
0.057
0.323
0.249
0.22
0.203
0.291
0.132
0.18
0.138
0.03
0.183
0.287
0.207
0.241
0.172
0.375
0.057
0.246
0.035
0.156
0.253
0.323
0.017
0.207
0.174
-0.003
0.292
0.154
0.166
0.254
0.185
0.207
0.045
0.144
0.173
0.189
0.186
0.047
0.051
0.273
0.153
0.168
0.096
0.136
0.221
0.21
0.339
0.217
0.169
0.277
0.264
0.183
0.18
0.25
0.281
0.066
0.229
0.209
0.079
0.281
0.226
0.189
0.217
0.291
0.149
0.226
0.225
0.218
0.239
0.074
0.195
0.179
0.278
0.19
0.098
0.272
0.192
0.261
0.281
0.227
0.257
0.218
0.256
0.159
0.254
0.33
0.191
0.13
-0.03
0.2
0.017
0.191
0.209
0.068
0.078
0.157
0.208
0.097
0.024
0.203
0.194
0.199
0.23
0.248
0.023
0.2
0.061
0.189
0.17
0.113
0.25
0.036
0.29
0.212
0.037
0.136
0.197
0.168
0.136
0.146
0.031
0.232
0.028
0.244
0.165
0.112
0.228
0.295
0.195
0.291
0.266
0.192
0.251
0.26
0.276
0.288
0.324
0.199
0.168
0.021
0.194
0.149
0.206
0.27
0.16
0.214
0.255
-0.003
0.147
0.255
0.213
0.289
0.181
0.19
0.21
0.262
0.212
0.02
0.24
0.217
0.228
0.13
0.202
0.258
0.227
0.307
0.265
0.088
0.221
0.286
0.234
0.223
0.33
0.181
0.178
0.078
0.072
0.256
0.149
0.21
0.272
0.165
0.173
0.29
0.056
0.014
0.085
0.224
0.169
0.016
0.228
0.124
0.224
0.103
0.272
0.158
0.197
0.27
0.097
0.152
0.042
0.283
0.209
0.242
0.133
0.154
0.195
0.107
0.203
0.294
0.084
0.177
-0.002
0.266
0.196
0.013
0.256
0.169
0.255
0.202
0.144
0.235
0.272
0.209
0.291
0.14
0.22
0.204
0.03
0.111
0.17
0.192
0.207
0.157
0.269
0.251
0.125
0.295
0.123
0.217
0.241
0.215
0.224
0.264
0.104
0.216
0.244
0.085
0.156
0.23
-0.021
0.238
0.166
0.241
0.089
0.259
0.256
0.253
0.267
0.218
0.282
0.238
0.189
0.267
0.149
0.212
0.226
0.244
0.161
0.205
0.078
0.226
0.228
0.116
0.241
0.043
0.145
0.123
0.214
0.182
-0.005
0.238
0.27
0.322
0.236
0.289
0.125
0.083
0.264
0.293
0.215
0.124
0.193
0.23
0.199
0.269
0.212
0.083
-0.006
0.179
0.222
0.263
0.282
0.235
0.01
0.25
0.235
0.215
0.2
0.271
0.167
0.068
0.208
0.05
0.176
0.24
-0.038
0.25
0.093
0.247
0.373
0.184
0.113
0.142
0.042
0.07
0.203
0.216
0.072
0.104
0.291
0.257
0.233
0.255
0.232
0.255
0.189
0.227
0.076
0.334
0.129
0.173
-0.007
0.14
0.194
0.297
0.115
0.118
0.344
0.292
0.226
0.265
0.117
0.181
0.213
0.163
0.262
0.16
0.234
0.312
0.291
0.064
0.237
0.269
0.217
0.228
0.29
0.204
0.165
0.144
0.225
-0.035
0.163
0.335
0.191
0.138
0.078
0.198
0.253
0.086
0.199
0.279
0.041
0.239
0.226
0.186
0.258
0.23
0.215

